1           0           0
1           0           0
1           0           0
1           0           0
1           0           0
1           0           0
1           0           0
1           0           0
1           0           0
1           0           0
1           0           0
1           0           0
1           0           0
1           0           0
1           0           0
1           0           0
1           0           0
1           0           0
1           0           0
1           0           0
1           0           0
1           0           0
1           0           0
1           0           0
1           0           0
1           0           0
1           0           0
1           0           0
1           0           0
1           0           0
1           0           0
1           0           0
1           0           0
1           0           0
1  0.00211447           0
1   0.0234479           0
1     0.16197           0
1    0.574295           0
1     1.24848           0
1     1.90525           0
1     2.43099           0
1      2.5957           0
1     2.64114           0
1     2.51033           0
1     2.26911           0
1     2.01342           0
1     1.81752           0
1      1.6172           0
1     1.44813           0
1      1.2948           0
1     1.16206           0
1     1.03911           0
1    0.960401           0
1    0.888462           0
1    0.826462           0
1    0.778783           0
1    0.747986           0
1    0.712394           0
1    0.685593           0
1    0.681612           0
1    0.680211           0
1    0.663955           0
1    0.672928           0
1    0.696375           0
1    0.716802           0
1    0.727506           0
1    0.770877           0
1    0.793612           0
1    0.830144           0
1    0.849887           0
1    0.900117           0
1    0.947232           0
1    0.982031           0
1     1.02424           0
1     1.07175           0
1     1.10519           0
1       1.149           0
1     1.17041           0
1     1.19266           0
1     1.21538           0
1     1.22324           0
1     1.22079           0
1     1.21623           0
1     1.20298           0
1     1.18303           0
1     1.16741           0
1     1.13457           0
1     1.10683           0
1     1.07997           0
1     1.06009           0
1     1.02847           0
1     1.00856           0
1    0.983809           0
1    0.971955           0
1    0.943953           0
1     0.93621           0
1    0.915803           0
1    0.897467           0
1    0.889226           0
1    0.885391           0

2           0           0
2           0           0
2           0           0
2           0           0
2           0           0
2           0           0
2           0           0
2           0           0
2           0           0
2           0           0
2           0           0
2           0           0
2           0           0
2           0           0
2           0           0
2           0           0
2           0           0
2           0           0
2           0           0
2           0           0
2           0           0
2           0           0
2           0           0
2           0           0
2           0           0
2           0           0
2           0           0
2           0           0
2           0           0
2           0           0
2           0           0
2           0           0
2           0           0
2           0           0
2  0.00129751 0.000577674
2   0.0234026  3.2008e-05
2    0.170771  0.00622325
2    0.578503  0.00297613
2     1.25644  0.00562879
2     1.92765   0.0158375
2     2.43592   0.0034873
2     2.61938   0.0167443
2     2.64341   0.0016069
2     2.50501   0.0037625
2     2.26186  0.00512425
2      2.0228   0.0066279
2     1.79612   0.0151336
2     1.62558   0.0059257
2     1.43665  0.00811986
2     1.28065   0.0100078
2     1.15319  0.00627213
2     1.04671  0.00536952
2     0.95682  0.00253208
2    0.879392   0.0064135
2    0.820746  0.00404147
2    0.777701 0.000764975
2    0.742117   0.0041505
2    0.710409  0.00140383
2    0.687609  0.00142566
2    0.680537 0.000760008
2    0.677068  0.00222239
2    0.666138  0.00154384
2    0.681721  0.00621722
2    0.698573   0.0015548
2    0.714788  0.00142404
2     0.73523  0.00546173
2     0.76558  0.00374537
2     0.79449 0.000620889
2    0.832518  0.00167832
2     0.85502  0.00362922
2    0.899897 0.000155948
2    0.948132 0.000636548
2    0.990181  0.00576258
2     1.02961  0.00380009
2     1.07558  0.00270733
2     1.11257  0.00521916
2     1.14862 0.000269025
2      1.1793   0.0062876
2     1.19572  0.00215744
2     1.21195  0.00242431
2     1.22376 0.000369992
2     1.22224  0.00103106
2     1.21468  0.00109356
2     1.20548  0.00176739
2     1.18689  0.00273089
2     1.16106  0.00448538
2     1.12779  0.00479305
2     1.10516  0.00117911
2     1.07853  0.00101913
2     1.05142  0.00613439
2     1.02111  0.00520639
2     1.00149  0.00500414
2    0.974728  0.00642125
2    0.967128  0.00341372
2    0.938599  0.00378598
2    0.923564  0.00894198
2    0.912416  0.00239515
2    0.894364  0.00219379
2     0.88885 0.000266319
2    0.885637 0.000174124

3           0           0
3           0           0
3           0           0
3           0           0
3           0           0
3           0           0
3           0           0
3           0           0
3           0           0
3           0           0
3           0           0
3           0           0
3           0           0
3           0           0
3           0           0
3           0           0
3           0           0
3           0           0
3           0           0
3           0           0
3           0           0
3           0           0
3           0           0
3           0           0
3           0           0
3           0           0
3           0           0
3           0           0
3           0           0
3           0           0
3           0           0
3           0           0
3           0           0
3           0           0
3  0.00156983 0.000444693
3   0.0250473  0.00134304
3    0.170291  0.00416729
3    0.587661  0.00773609
3     1.25778  0.00390866
3     1.93912   0.0141137
3     2.42526  0.00900737
3     2.62471   0.0119809
3     2.63324  0.00837216
3     2.48719   0.0147632
3     2.26759  0.00578947
3     2.01503  0.00773045
3     1.80252   0.0113641
3     1.61775   0.0075163
3      1.4322  0.00651775
3     1.27663  0.00743512
3     1.15828  0.00589684
3     1.04228  0.00508863
3    0.953917  0.00291008
3    0.886646  0.00730449
3    0.827185  0.00590787
3    0.781132  0.00284718
3    0.744623  0.00344129
3    0.711993  0.00159668
3     0.69457  0.00576208
3    0.681942  0.00125389
3    0.678815  0.00205665
3    0.671631   0.0046018
3    0.684991  0.00493026
3    0.694313  0.00362972
3    0.711022  0.00321779
3    0.728466  0.00661499
3    0.760593   0.0047761
3    0.790443  0.00333047
3    0.827604  0.00416511
3    0.859302  0.00425195
3    0.904933  0.00411334
3    0.947706  0.00054866
3    0.989384  0.00389632
3     1.03116  0.00283029
3      1.0779  0.00261344
3     1.11405  0.00368353
3     1.14555  0.00251327
3     1.17567  0.00513306
3     1.19952  0.00342035
3     1.21677  0.00425096
3     1.22462 0.000743084
3     1.22365  0.00133989
3     1.21776  0.00261699
3     1.20802  0.00238339
3     1.18645  0.00185611
3     1.15995  0.00312516
3     1.12659  0.00334247
3       1.101  0.00348703
3     1.07311  0.00448049
3      1.0471  0.00539979
3     1.02062  0.00349397
3     1.00167   0.0033396
3    0.972265  0.00472968
3    0.960387  0.00595545
3    0.937229  0.00276093
3     0.92207  0.00608483
3    0.910473  0.00225062
3    0.896652  0.00237231
3    0.889241 0.000365406
3    0.886788 0.000946392

4           0           0
4           0           0
4           0           0
4           0           0
4           0           0
4           0           0
4           0           0
4           0           0
4           0           0
4           0           0
4           0           0
4           0           0
4           0           0
4           0           0
4           0           0
4           0           0
4           0           0
4           0           0
4           0           0
4           0           0
4           0           0
4           0           0
4           0           0
4           0           0
4           0           0
4           0           0
4           0           0
4           0           0
4           0           0
4           0           0
4           0           0
4           0           0
4           0           0
4           0           0
4  0.00165794 0.000342136
4    0.025597  0.00111411
4    0.170969  0.00318007
4    0.587643  0.00580209
4       1.265   0.0069084
4     1.94428   0.0114902
4     2.42583  0.00677295
4     2.62977  0.00999629
4     2.63268  0.00629811
4     2.48782   0.0110859
4     2.26201  0.00649403
4     2.02156  0.00809978
4     1.79717  0.00970052
4     1.60767   0.0103906
4     1.41808   0.0131689
4     1.27408   0.0059957
4     1.15221  0.00686959
4     1.03931  0.00460217
4    0.954958   0.0023613
4    0.885335  0.00559474
4    0.829442  0.00484289
4    0.781847  0.00222331
4    0.745999  0.00284279
4    0.717704  0.00508888
4    0.695545  0.00440334
4    0.680071  0.00187351
4    0.681074  0.00249098
4     0.67598  0.00510814
4     0.68591  0.00378239
4     0.69518  0.00282389
4    0.711586  0.00246226
4    0.731444  0.00559159
4    0.761385   0.0036471
4    0.791201  0.00258269
4     0.83026  0.00387935
4    0.863292  0.00470225
4    0.903936  0.00320353
4    0.947962 0.000467398
4    0.990498  0.00307722
4     1.03134   0.0021286
4       1.076  0.00255706
4       1.116  0.00323782
4     1.14388  0.00237691
4     1.17421  0.00405326
4      1.1974  0.00315346
4      1.2135  0.00426247
4     1.22326  0.00130194
4     1.22369  0.00100533
4      1.2156   0.0027155
4     1.20464  0.00342627
4     1.18369  0.00276819
4     1.15679  0.00360205
4     1.12568   0.0026287
4     1.10172  0.00268868
4     1.07346  0.00337428
4     1.04493  0.00446325
4     1.02053  0.00262141
4    0.999389  0.00319215
4    0.972459  0.00355125
4    0.961161  0.00451652
4    0.939821  0.00305406
4    0.923339  0.00469421
4     0.91283  0.00264868
4    0.898058  0.00215615
4    0.892307  0.00266996
4     0.89001  0.00287929

5           0           0
5           0           0
5           0           0
5           0           0
5           0           0
5           0           0
5           0           0
5           0           0
5           0           0
5           0           0
5           0           0
5           0           0
5           0           0
5           0           0
5           0           0
5           0           0
5           0           0
5           0           0
5           0           0
5           0           0
5           0           0
5           0           0
5           0           0
5           0           0
5           0           0
5           0           0
5           0           0
5           0           0
5           0           0
5           0           0
5           0           0
5           0           0
5           0           0
5 2.04466e-05  1.8288e-05
5   0.0015378 0.000294047
5     0.02647  0.00118496
5    0.172945  0.00309784
5    0.591909  0.00600887
5     1.26602  0.00560104
5     1.95353   0.0123634
5     2.43111  0.00719178
5     2.63505   0.0092877
5     2.63565  0.00569821
5     2.49647   0.0117656
5     2.25935  0.00571485
5     2.01976  0.00667736
5     1.79055  0.00976547
5     1.60077   0.0103525
5       1.414   0.0111513
5     1.26352    0.010598
5     1.14445  0.00885313
5     1.03565   0.0049255
5    0.952059  0.00320755
5    0.883094  0.00490417
5    0.828474  0.00396994
5    0.781264  0.00185343
5      0.7447  0.00255346
5    0.715981  0.00435303
5    0.695002  0.00355599
5    0.681371  0.00189666
5    0.679445  0.00246875
5    0.675147   0.0041538
5    0.688474  0.00379692
5    0.695113   0.0022599
5    0.714126   0.0030066
5    0.734972  0.00547444
5    0.763815  0.00363818
5     0.79103  0.00207178
5    0.833196  0.00406556
5    0.868585  0.00604663
5    0.908592  0.00489015
5    0.951914  0.00355464
5    0.992111  0.00285326
5     1.03423  0.00309756
5     1.07599  0.00204567
5     1.11622  0.00259755
5     1.14382  0.00190224
5     1.17196  0.00381656
5      1.1999  0.00337151
5     1.21384  0.00342402
5     1.22439  0.00145055
5     1.22412 0.000894157
5     1.21297  0.00319758
5     1.20499  0.00275803
5     1.18362  0.00221526
5     1.15571  0.00303839
5     1.12442  0.00238423
5     1.09952  0.00291982
5     1.07219  0.00293056
5     1.04192  0.00447284
5     1.01764  0.00333268
5    0.996358  0.00372389
5    0.969972  0.00360825
5    0.959378  0.00394933
5    0.939126    0.002521
5    0.920311   0.0046304
5    0.909686  0.00352154
5     0.89607  0.00247725
5    0.890618  0.00261668
5    0.888036  0.00290215

6           0           0
6           0           0
6           0           0
6           0           0
6           0           0
6           0           0
6           0           0
6           0           0
6           0           0
6           0           0
6           0           0
6           0           0
6           0           0
6           0           0
6           0           0
6           0           0
6           0           0
6           0           0
6           0           0
6           0           0
6           0           0
6           0           0
6           0           0
6           0           0
6           0           0
6           0           0
6           0           0
6           0           0
6           0           0
6           0           0
6           0           0
6           0           0
6           0           0
6 1.70389e-05 1.55543e-05
6   0.0014577 0.000255715
6   0.0265562 0.000990594
6    0.172769  0.00258651
6    0.588736   0.0057846
6     1.26795  0.00498788
6       1.947   0.0119015
6      2.4331  0.00626208
6     2.64324   0.0107579
6     2.62984  0.00711996
6      2.4912   0.0109198
6     2.25662  0.00537388
6     2.01905  0.00560213
6     1.78579  0.00922303
6     1.59693  0.00931172
6      1.4131  0.00932853
6     1.26292  0.00884866
6     1.14602   0.0075151
6     1.03835  0.00478917
6    0.953078  0.00283008
6    0.885624  0.00469439
6    0.828986  0.00334114
6    0.786185  0.00475032
6    0.747495  0.00332175
6    0.718045  0.00408741
6    0.696677  0.00333467
6    0.684492  0.00325843
6    0.682464  0.00343938
6    0.677123  0.00390333
6    0.688743  0.00317361
6    0.696747   0.0024025
6    0.712677  0.00283329
6    0.734838  0.00456367
6    0.764102   0.0030431
6    0.792073   0.0019715
6    0.833619   0.0034099
6    0.867166   0.0052027
6    0.909424  0.00414519
6    0.949707  0.00358234
6    0.991654  0.00241404
6     1.03269  0.00294168
6     1.07405  0.00246242
6     1.11331  0.00342156
6     1.14181  0.00242649
6     1.17188  0.00318129
6     1.19868  0.00302092
6     1.21174  0.00343964
6     1.22334  0.00154324
6     1.22206  0.00202623
6     1.21313  0.00266838
6     1.20213  0.00347777
6     1.18229  0.00221209
6     1.15502   0.0026098
6     1.12432  0.00198885
6     1.10055  0.00261142
6     1.07404  0.00296863
6     1.04334  0.00394558
6     1.01787  0.00278528
6    0.997117  0.00317949
6    0.970717  0.00308278
6    0.958573  0.00337221
6    0.937584  0.00252866
6    0.921954  0.00414002
6    0.911596  0.00341378
6    0.897209  0.00231129
6    0.890941  0.00220044
6    0.888128  0.00241992

7           0           0
7           0           0
7           0           0
7           0           0
7           0           0
7           0           0
7           0           0
7           0           0
7           0           0
7           0           0
7           0           0
7           0           0
7           0           0
7           0           0
7           0           0
7           0           0
7           0           0
7           0           0
7           0           0
7           0           0
7           0           0
7           0           0
7           0           0
7           0           0
7           0           0
7           0           0
7           0           0
7           0           0
7           0           0
7           0           0
7           0           0
7           0           0
7           0           0
7 1.46047e-05 1.35214e-05
7   0.0013593 0.000237363
7    0.025944  0.00102086
7    0.172582   0.0022238
7     0.58647  0.00538385
7     1.27179  0.00556139
7      1.9459   0.0102515
7     2.43329  0.00537039
7     2.64907   0.0106882
7     2.63675  0.00884131
7     2.49177  0.00937484
7     2.26053  0.00585789
7     2.01686  0.00521018
7     1.78437   0.0080144
7     1.59029   0.0100764
7     1.41255  0.00801195
7     1.26146   0.0077043
7     1.14163  0.00761402
7     1.03582  0.00472907
7    0.950219  0.00358995
7    0.885593  0.00402387
7    0.830537  0.00320354
7    0.785959  0.00407706
7    0.749918  0.00362509
7    0.719359   0.0037089
7    0.697989  0.00310571
7    0.685443  0.00292833
7      0.6822  0.00295813
7    0.677937  0.00342956
7    0.687376  0.00300021
7    0.697863  0.00230391
7    0.714274  0.00284334
7    0.735953  0.00404544
7    0.765539    0.002928
7    0.794161  0.00256769
7    0.832405  0.00313132
7     0.86734  0.00446236
7    0.909221  0.00355798
7    0.949269  0.00309727
7    0.989669  0.00276707
7     1.03044  0.00326514
7     1.07257  0.00251669
7     1.11089  0.00369166
7     1.14137  0.00211968
7     1.17307  0.00294119
7     1.19858   0.0025911
7     1.21381  0.00351586
7     1.22368  0.00136103
7     1.22512  0.00332045
7     1.21654  0.00390046
7     1.20338  0.00319723
7     1.18454   0.0028186
7     1.15539  0.00226264
7      1.1263  0.00250124
7     1.10174  0.00249116
7     1.07238    0.002972
7     1.04167  0.00371743
7     1.01448  0.00394177
7    0.994002  0.00396771
7    0.968487  0.00335347
7    0.955268  0.00420938
7    0.935331  0.00300851
7    0.920686  0.00373794
7    0.910514  0.00309301
7    0.896567  0.00206841
7    0.890174  0.00201513
7    0.887895  0.00208545

8           0           0
8           0           0
8           0           0
8           0           0
8           0           0
8           0           0
8           0           0
8           0           0
8           0           0
8           0           0
8           0           0
8           0           0
8           0           0
8           0           0
8           0           0
8           0           0
8           0           0
8           0           0
8           0           0
8           0           0
8           0           0
8           0           0
8           0           0
8           0           0
8           0           0
8           0           0
8           0           0
8           0           0
8           0           0
8           0           0
8           0           0
8           0           0
8           0           0
8 1.27791e-05 1.19538e-05
8  0.00133356 0.000209084
8    0.025598 0.000950068
8    0.173306  0.00206028
8    0.585111  0.00487942
8     1.26919  0.00544076
8     1.94625  0.00897599
8     2.43655  0.00559912
8     2.64616   0.0097403
8     2.63718  0.00774636
8     2.49092   0.0082417
8     2.26242  0.00542178
8     2.01556  0.00471875
8     1.78295  0.00713713
8      1.5894   0.0088559
8     1.40884  0.00782393
8     1.25979  0.00691893
8     1.13905  0.00708702
8     1.03733  0.00437465
8    0.951354  0.00331574
8    0.885522  0.00352151
8    0.830708  0.00280766
8    0.787462  0.00383437
8    0.751731  0.00359685
8    0.720492  0.00341389
8    0.698852  0.00283468
8    0.687975  0.00348977
8    0.681874  0.00260632
8    0.679221  0.00323208
8    0.688179  0.00273042
8    0.698879  0.00222855
8    0.714711   0.0025213
8    0.735337  0.00358636
8    0.764064  0.00290983
8    0.793166  0.00243174
8    0.833451   0.0029093
8    0.866031  0.00409203
8    0.910771  0.00343432
8    0.949102  0.00271462
8    0.989028  0.00249437
8     1.03135  0.00298088
8     1.07301  0.00224168
8     1.11029  0.00327909
8     1.14109  0.00187308
8     1.17202  0.00275422
8     1.19745  0.00250311
8      1.2129  0.00319282
8     1.22336  0.00122802
8     1.22451  0.00295934
8     1.21616  0.00343146
8     1.20286  0.00283906
8     1.18406  0.00250661
8     1.15456  0.00212671
8     1.12657  0.00220317
8     1.10143  0.00219868
8     1.07185   0.0026467
8     1.04186  0.00325745
8     1.01428  0.00345419
8    0.994453  0.00349731
8    0.968762  0.00294559
8    0.955133  0.00368534
8    0.936724  0.00293753
8    0.921694  0.00340392
8     0.91201  0.00304678
8     0.89666  0.00181196
8    0.891371  0.00208824
8    0.887897  0.00182477

9           0           0
9           0           0
9           0           0
9           0           0
9           0           0
9           0           0
9           0           0
9           0           0
9           0           0
9           0           0
9           0           0
9           0           0
9           0           0
9           0           0
9           0           0
9           0           0
9           0           0
9           0           0
9           0           0
9           0           0
9           0           0
9           0           0
9           0           0
9           0           0
9           0           0
9           0           0
9           0           0
9           0           0
9           0           0
9           0           0
9           0           0
9           0           0
9           0           0
9 1.13592e-05 1.07096e-05
9  0.00129218 0.000189903
9   0.0263349  0.00109351
9    0.173985  0.00193999
9     0.58804   0.0051415
9     1.27188  0.00546093
9     1.95166  0.00946814
9     2.43796  0.00515201
9     2.64909  0.00908621
9     2.63979  0.00731469
9      2.4887   0.0076187
9     2.25792  0.00642335
9     2.01507  0.00421996
9     1.77977  0.00701601
9     1.58784  0.00800804
9     1.40557  0.00760549
9      1.2562  0.00702171
9     1.13445  0.00764509
9     1.03677  0.00392426
9    0.948762  0.00382869
9    0.883544  0.00364378
9    0.830172  0.00254636
9    0.787965   0.0034412
9    0.751374   0.0032149
9    0.719479  0.00318127
9    0.700009  0.00274594
9     0.68845  0.00313405
9    0.682515  0.00239424
9    0.680854  0.00325978
9    0.690922  0.00354713
9     0.70036  0.00242394
9    0.717373  0.00336476
9     0.73732  0.00369574
9    0.765557  0.00294487
9    0.794186  0.00236586
9    0.833245  0.00259334
9    0.866635  0.00368173
9    0.911286  0.00309109
9    0.948737  0.00243743
9    0.989273  0.00222925
9     1.03229  0.00279426
9     1.07293  0.00199425
9     1.11171   0.0032072
9      1.1427  0.00225208
9     1.17224  0.00245675
9     1.19864  0.00249337
9     1.21207  0.00294413
9     1.22532  0.00214265
9     1.22608  0.00301861
9     1.21577  0.00307181
9     1.20269  0.00252886
9     1.18401  0.00222854
9     1.15519  0.00198132
9     1.12576  0.00210206
9     1.09808  0.00371224
9     1.06944  0.00326888
9     1.03959  0.00360282
9     1.01177  0.00387508
9    0.992074  0.00383329
9    0.966924  0.00314006
9      0.9531   0.0037957
9    0.935033  0.00305974
9    0.920309  0.00329536
9    0.911399  0.00276865
9    0.896737  0.00161229
9    0.892042  0.00196116
9    0.888057  0.00162908

10           0           0
10           0           0
10           0           0
10           0           0
10           0           0
10           0           0
10           0           0
10           0           0
10           0           0
10           0           0
10           0           0
10           0           0
10           0           0
10           0           0
10           0           0
10           0           0
10           0           0
10           0           0
10           0           0
10           0           0
10           0           0
10           0           0
10           0           0
10           0           0
10           0           0
10           0           0
10           0           0
10           0           0
10           0           0
10           0           0
10           0           0
10           0           0
10           0           0
10 1.02233e-05 9.69869e-06
10  0.00134557 0.000178262
10   0.0261639 0.000997436
10    0.175115  0.00204906
10     0.59157  0.00571232
10     1.27487  0.00567649
10     1.95277  0.00858629
10     2.44005  0.00504387
10     2.65051   0.0082889
10     2.63961  0.00658559
10     2.48598  0.00732686
10     2.25975  0.00603664
10     2.01538  0.00380951
10     1.78019  0.00632712
10     1.58804  0.00720957
10     1.40635  0.00688449
10     1.25704  0.00636938
10     1.13564   0.0069722
10     1.03507  0.00388526
10    0.947564  0.00362846
10    0.882291  0.00348824
10    0.828391  0.00284699
10    0.785912  0.00365882
10    0.750944  0.00292207
10    0.719803  0.00287955
10    0.700973  0.00263515
10    0.688801  0.00284023
10    0.682306  0.00216386
10     0.68045  0.00295873
10    0.690668  0.00320149
10    0.699949  0.00221614
10    0.716317  0.00318966
10     0.73686  0.00335462
10    0.765108  0.00268445
10    0.793311  0.00228559
10    0.831783  0.00271514
10    0.867055  0.00333741
10    0.911027   0.0027928
10    0.949904  0.00245731
10    0.990645  0.00239114
10     1.03269  0.00254266
10     1.07383  0.00198776
10     1.11217  0.00291969
10     1.14304  0.00205266
10     1.17315  0.00237596
10     1.19935  0.00234383
10     1.21316    0.002845
10     1.22458  0.00205233
10     1.22762  0.00308306
10     1.21636  0.00281956
10     1.20311  0.00231169
10     1.18337   0.0020977
10     1.15493  0.00179967
10     1.12728  0.00237842
10     1.09853  0.00336811
10     1.06963  0.00294715
10     1.03973  0.00324548
10     1.01141  0.00350462
10    0.991852  0.00345637
10      0.9669  0.00282614
10    0.951294  0.00382141
10    0.933997  0.00292384
10    0.919371  0.00309643
10    0.911133  0.00250459
10    0.896148  0.00155503
10    0.891532  0.00183008
10     0.88732  0.00162448

11           0           0
11           0           0
11           0           0
11           0           0
11           0           0
11           0           0
11           0           0
11           0           0
11           0           0
11           0           0
11           0           0
11           0           0
11           0           0
11           0           0
11           0           0
11           0           0
11           0           0
11           0           0
11           0           0
11           0           0
11           0           0
11           0           0
11           0           0
11           0           0
11           0           0
11           0           0
11           0           0
11           0           0
11           0           0
11           0           0
11           0           0
11           0           0
11           0           0
11 9.29392e-06 8.86141e-06
11  0.00129315  0.00016959
11   0.0258425 0.000957127
11    0.174985  0.00186693
11    0.593725  0.00558485
11     1.27464  0.00516525
11     1.95324  0.00781862
11     2.43731  0.00527627
11     2.64767  0.00800687
11     2.63725  0.00639359
11     2.48609   0.0066617
11     2.25767  0.00583568
11     2.01603  0.00351866
11     1.78012  0.00575234
11     1.58599  0.00683784
11     1.40559  0.00630082
11     1.25862  0.00598497
11      1.1363  0.00636902
11     1.03515  0.00353304
11    0.947585  0.00329866
11    0.883458   0.0033607
11    0.829102   0.0026755
11    0.786042   0.0033285
11    0.752868  0.00322834
11    0.721182  0.00292946
11    0.701713  0.00249719
11    0.688913  0.00258427
11    0.684107  0.00261069
11    0.681624  0.00291337
11    0.692076  0.00320516
11    0.699605  0.00204122
11     0.71738  0.00307161
11    0.736358  0.00308708
11    0.764731  0.00246667
11    0.792503  0.00221584
11    0.831517  0.00248126
11     0.86749  0.00306217
11    0.910722  0.00255549
11    0.949146  0.00234791
11      0.9893   0.0025237
11     1.03167  0.00250927
11     1.07305  0.00195218
11     1.11141  0.00275283
11     1.14117  0.00258222
11      1.1724  0.00227542
11     1.19787   0.0025588
11     1.21213  0.00276428
11     1.22369  0.00204854
11     1.22723  0.00282804
11     1.21587  0.00260569
11     1.20241  0.00220516
11     1.18365  0.00192553
11     1.15494  0.00163608
11     1.12853  0.00246944
11     1.10032    0.003507
11     1.06913   0.0027205
11     1.04029  0.00299808
11     1.01155  0.00318902
11    0.993056  0.00334517
11    0.967187   0.0025837
11    0.952427  0.00363807
11    0.934974  0.00281658
11    0.920125  0.00290536
11    0.912067  0.00244496
11    0.897989    0.002254
11    0.892448  0.00187905
11     0.88829  0.00174249

12           0           0
12           0           0
12           0           0
12           0           0
12           0           0
12           0           0
12           0           0
12           0           0
12           0           0
12           0           0
12           0           0
12           0           0
12           0           0
12           0           0
12           0           0
12           0           0
12           0           0
12           0           0
12           0           0
12           0           0
12           0           0
12           0           0
12           0           0
12           0           0
12           0           0
12           0           0
12           0           0
12           0           0
12           0           0
12           0           0
12           0           0
12           0           0
12           0           0
12 8.51943e-06 8.15673e-06
12  0.00133756 0.000161168
12    0.025764 0.000880579
12    0.176336  0.00214525
12    0.595863  0.00551325
12     1.27591  0.00488851
12     1.95644  0.00779352
12     2.43676  0.00486588
12     2.64758  0.00734013
12     2.63991  0.00638907
12     2.48502  0.00619307
12     2.25737  0.00535693
12     2.01451  0.00354069
12     1.78098  0.00533722
12      1.5832  0.00681552
12       1.405  0.00580295
12     1.25747  0.00559717
12     1.13419  0.00617627
12     1.03337  0.00366277
12    0.945998  0.00338407
12    0.883011  0.00311017
12    0.829112  0.00245256
12    0.786598  0.00309732
12    0.752784   0.0029604
12    0.721156  0.00268545
12     0.70228  0.00235268
12    0.689423  0.00241865
12    0.682948  0.00263786
12      0.6816   0.0026707
12    0.691249  0.00304294
12    0.700301  0.00198631
12    0.717295  0.00281682
12    0.736489  0.00283259
12    0.764036  0.00235708
12    0.792983  0.00208239
12    0.831797  0.00229016
12    0.868118  0.00287083
12    0.910912   0.0023496
12     0.95003  0.00231278
12    0.990575  0.00261583
12     1.03265  0.00248704
12     1.07346  0.00183048
12     1.11285  0.00287552
12     1.14325   0.0030953
12     1.17427  0.00275008
12     1.19858  0.00244155
12     1.21353  0.00286295
12     1.22421   0.0019425
12     1.22727  0.00259274
12     1.21525  0.00246076
12     1.19968  0.00330429
12       1.183  0.00186969
12     1.15383  0.00183702
12      1.1269  0.00275043
12     1.09919  0.00339264
12     1.06806  0.00269857
12     1.03957  0.00283242
12      1.0105  0.00309329
12    0.992047  0.00321508
12    0.966587  0.00243686
12    0.951207  0.00353356
12    0.934836  0.00258524
12    0.920263  0.00266651
12    0.911832  0.00225253
12    0.897954  0.00206644
12      0.8925  0.00172317
12    0.889501  0.00197389

13           0           0
13           0           0
13           0           0
13           0           0
13           0           0
13           0           0
13           0           0
13           0           0
13           0           0
13           0           0
13           0           0
13           0           0
13           0           0
13           0           0
13           0           0
13           0           0
13           0           0
13           0           0
13           0           0
13           0           0
13           0           0
13           0           0
13           0           0
13           0           0
13           0           0
13           0           0
13           0           0
13           0           0
13           0           0
13           0           0
13           0           0
13           0           0
13           0           0
13 7.86409e-06 7.55557e-06
13    0.001316 0.000150207
13   0.0258366 0.000815825
13    0.175396   0.0021762
13    0.593958  0.00540812
13     1.26969  0.00748563
13     1.95232  0.00821033
13      2.4322  0.00627124
13     2.64505  0.00720005
13     2.64072  0.00594814
13     2.48689  0.00599197
13     2.25739  0.00494491
13     2.01523  0.00334086
13     1.78204  0.00502957
13     1.58616  0.00690638
13     1.40683  0.00563846
13     1.26056  0.00595914
13     1.13669  0.00618586
13     1.03611   0.0042858
13    0.949335  0.00447661
13     0.88409  0.00305219
13     0.82838  0.00237063
13    0.786464  0.00286197
13    0.752614  0.00273756
13     0.72172  0.00253741
13    0.702731  0.00221438
13    0.689447  0.00223272
13    0.682326  0.00250711
13     0.68088  0.00256032
13    0.690874  0.00283186
13    0.699599  0.00195368
13    0.716877  0.00263089
13    0.736438  0.00261515
13    0.762517  0.00261969
13    0.791551  0.00236378
13    0.829869  0.00281054
13    0.866706   0.0029771
13    0.909883  0.00238375
13    0.949724  0.00215501
13    0.989451  0.00264525
13     1.03264  0.00229575
13     1.07301   0.0017429
13     1.11256  0.00266807
13      1.1439  0.00292534
13     1.17397  0.00255495
13     1.19916   0.0023229
13     1.21291   0.0027078
13     1.22357  0.00189437
13     1.22668  0.00245884
13     1.21592  0.00236273
13     1.19951  0.00305448
13     1.18333  0.00175349
13     1.15474  0.00190554
13     1.12787  0.00270543
13     1.09969  0.00316898
13     1.06854  0.00253447
13     1.04017  0.00267594
13     1.01106  0.00290508
13    0.993209  0.00317079
13    0.967736  0.00250544
13     0.95191  0.00333083
13    0.936087  0.00267217
13    0.921283  0.00264945
13    0.912706  0.00224266
13    0.898968   0.0021419
13    0.892238  0.00161039
13    0.889383  0.00182562

14           0           0
14           0           0
14           0           0
14           0           0
14           0           0
14           0           0
14           0           0
14           0           0
14           0           0
14           0           0
14           0           0
14           0           0
14           0           0
14           0           0
14           0           0
14           0           0
14           0           0
14           0           0
14           0           0
14           0           0
14           0           0
14           0           0
14           0           0
14           0           0
14           0           0
14           0           0
14           0           0
14           0           0
14           0           0
14           0           0
14           0           0
14           0           0
14           0           0
14 7.30237e-06 7.03674e-06
14  0.00128378  0.00014289
14   0.0258535 0.000757727
14    0.174949   0.0020662
14    0.592896  0.00512507
14     1.26732   0.0073165
14     1.94931   0.0081587
14     2.43263  0.00583811
14      2.6427  0.00705724
14     2.63693  0.00662032
14     2.48555  0.00571027
14     2.25565  0.00488854
14     2.01708  0.00357598
14     1.78627  0.00620124
14     1.58685  0.00644739
14     1.41051  0.00632102
14     1.26313  0.00606353
14     1.13882  0.00610036
14     1.03697  0.00406598
14    0.951612  0.00469999
14    0.884123  0.00283436
14    0.828343  0.00220159
14    0.786501  0.00265778
14    0.752391  0.00255105
14    0.721681  0.00235647
14    0.702845  0.00205917
14    0.688785  0.00216916
14    0.682104  0.00233784
14    0.680172  0.00247352
14    0.690393   0.0026702
14     0.70061  0.00205918
14    0.716283  0.00250934
14    0.736247  0.00243537
14    0.762033  0.00247691
14    0.791565  0.00219498
14    0.829213  0.00268511
14    0.866423  0.00277789
14    0.908093  0.00280623
14    0.948805  0.00218823
14    0.988402  0.00265626
14     1.03101  0.00265167
14     1.07204  0.00186969
14     1.11051  0.00317253
14     1.14353  0.00273959
14     1.17368  0.00238907
14     1.19839  0.00228062
14       1.213  0.00251588
14     1.22271  0.00194422
14     1.22626  0.00231899
14     1.21681  0.00235524
14     1.19991  0.00286276
14     1.18392  0.00172575
14     1.15653  0.00247103
14     1.12884  0.00267908
14     1.10157  0.00345126
14     1.06986  0.00267641
14     1.04285  0.00358875
14     1.01237  0.00298006
14    0.994311   0.0031299
14    0.968724  0.00251375
14     0.95255  0.00315394
14    0.936579  0.00252601
14    0.921359  0.00246129
14    0.912525  0.00208977
14     0.89835  0.00207622
14    0.891775  0.00156047
14    0.888634  0.00184238

15           0           0
15           0           0
15           0           0
15           0           0
15           0           0
15           0           0
15           0           0
15           0           0
15           0           0
15           0           0
15           0           0
15           0           0
15           0           0
15           0           0
15           0           0
15           0           0
15           0           0
15           0           0
15           0           0
15           0           0
15           0           0
15           0           0
15           0           0
15           0           0
15           0           0
15           0           0
15           0           0
15           0           0
15           0           0
15           0           0
15           0           0
15           0           0
15           0           0
15 6.81554e-06 6.58444e-06
15   0.0012879 0.000133423
15   0.0258862  0.00070792
15    0.174643    0.001951
15    0.590404  0.00535521
15     1.26453  0.00734265
15     1.94747  0.00781866
15     2.43065  0.00577679
15     2.64316   0.0066014
15     2.63604  0.00623802
15     2.48735  0.00560563
15     2.25756  0.00491895
15     2.01734  0.00334744
15     1.78911  0.00640311
15     1.59058  0.00701483
15     1.41279  0.00629806
15     1.26551   0.0061088
15     1.14054  0.00593037
15      1.0381  0.00394815
15    0.951702  0.00438752
15    0.884558  0.00267862
15    0.828149  0.00206334
15    0.785593  0.00263125
15    0.751492  0.00253463
15    0.719745  0.00288728
15    0.702684  0.00192822
15    0.686391  0.00307383
15    0.680283  0.00280284
15     0.67857  0.00277922
15    0.688844  0.00290694
15     0.69937  0.00226502
15    0.715306  0.00252508
15    0.734981  0.00258104
15    0.762418  0.00234153
15    0.792275  0.00216021
15    0.829797  0.00256878
15    0.867043  0.00266093
15    0.909535  0.00296666
15    0.948973  0.00204877
15    0.989041  0.00255497
15     1.03092  0.00247629
15     1.07223  0.00175489
15     1.11074  0.00296973
15     1.14433  0.00267074
15     1.17435  0.00232247
15     1.19887  0.00217807
15     1.21424  0.00263315
15     1.22332  0.00190739
15     1.22593  0.00218803
15     1.21678  0.00219843
15     1.20045  0.00272063
15     1.18414  0.00162499
15     1.15694  0.00234022
15     1.12897  0.00250376
15     1.10256  0.00336233
15     1.06955  0.00251639
15     1.04233  0.00338823
15     1.01166  0.00286467
15    0.993524  0.00301851
15    0.967967   0.0024576
15     0.95186  0.00301826
15    0.936133  0.00239652
15    0.920739  0.00237396
15    0.911967  0.00202369
15    0.898499  0.00194312
15    0.891066  0.00160944
15    0.888794  0.00172651

16           0           0
16           0           0
16           0           0
16           0           0
16           0           0
16           0           0
16           0           0
16           0           0
16           0           0
16           0           0
16           0           0
16           0           0
16           0           0
16           0           0
16           0           0
16           0           0
16           0           0
16           0           0
16           0           0
16           0           0
16           0           0
16           0           0
16           0           0
16           0           0
16           0           0
16           0           0
16           0           0
16           0           0
16           0           0
16           0           0
16           0           0
16           0           0
16           0           0
16 6.38957e-06 6.18667e-06
16  0.00126748 0.000126638
16   0.0256716 0.000695449
16    0.173932  0.00195428
16    0.589565  0.00508582
16     1.26129  0.00756156
16     1.94429  0.00795091
16     2.42771  0.00611893
16      2.6399  0.00694478
16     2.64021  0.00710253
16      2.4864  0.00533587
16     2.25988  0.00513126
16     2.02057  0.00442905
16     1.79224  0.00672374
16     1.59288  0.00694283
16     1.41329  0.00592403
16     1.26769  0.00610338
16     1.14329  0.00616397
16     1.03915  0.00383823
16    0.952469  0.00417988
16    0.884532  0.00251134
16    0.828416  0.00195165
16    0.784563  0.00266046
16    0.750903  0.00244351
16    0.718878  0.00283407
16    0.701614  0.00208331
16    0.685426  0.00302952
16    0.678798  0.00299549
16     0.67748  0.00281138
16    0.687818   0.0029007
16    0.698283  0.00236997
16     0.71374  0.00281108
16    0.734695  0.00243555
16    0.761548   0.0023514
16    0.791633  0.00211837
16     0.82957  0.00241828
16    0.867807  0.00260205
16    0.909619  0.00278243
16    0.949667  0.00203499
16     0.98953  0.00244157
16       1.031  0.00232267
16     1.07329   0.0019357
16     1.11049  0.00279533
16     1.14403  0.00252054
16     1.17416  0.00218534
16     1.19873  0.00204626
16     1.21425  0.00246861
16     1.22309  0.00180264
16     1.22621  0.00206886
16     1.21699  0.00207118
16     1.20117   0.0026455
16      1.1845  0.00156247
16     1.15778  0.00234217
16     1.12944  0.00239042
16     1.10305   0.0031865
16     1.07007  0.00241128
16     1.04328  0.00330922
16      1.0124  0.00277911
16    0.994239  0.00291345
16    0.968124  0.00230904
16    0.951587  0.00284199
16    0.935846   0.0022639
16    0.920258  0.00227386
16    0.911869  0.00189955
16    0.897887  0.00191561
16    0.890778   0.0015345
16    0.888171  0.00172743

17           0           0
17           0           0
17           0           0
17           0           0
17           0           0
17           0           0
17           0           0
17           0           0
17           0           0
17           0           0
17           0           0
17           0           0
17           0           0
17           0           0
17           0           0
17           0           0
17           0           0
17           0           0
17           0           0
17           0           0
17           0           0
17           0           0
17           0           0
17           0           0
17           0           0
17           0           0
17           0           0
17           0           0
17           0           0
17           0           0
17           0           0
17           0           0
17           0           0
17 6.01371e-06 5.83416e-06
17  0.00126642 0.000119193
17   0.0255832 0.000660139
17    0.173852  0.00184098
17     0.59111  0.00501599
17     1.26053  0.00715531
17      1.9448  0.00749942
17     2.42564  0.00609616
17      2.6418  0.00679033
17     2.64089  0.00671721
17     2.48741  0.00511758
17     2.26068  0.00489151
17     2.02177    0.004329
17     1.79284  0.00635504
17       1.592  0.00658985
17     1.41356  0.00558175
17     1.26748  0.00574791
17     1.14257  0.00584251
17     1.03828  0.00370946
17    0.953032  0.00397176
17    0.883586  0.00253549
17    0.827945  0.00189283
17     0.78364   0.0026594
17    0.750043  0.00244652
17    0.718949  0.00266826
17    0.700224  0.00237955
17    0.684681  0.00294145
17    0.677909  0.00294814
17    0.677565   0.0026473
17    0.687633  0.00273595
17    0.698755   0.0022772
17    0.713949  0.00265346
17    0.735311  0.00236898
17    0.761732  0.00222032
17    0.792245  0.00208021
17    0.830302  0.00238433
17    0.868458  0.00252913
17    0.909717   0.0026205
17    0.949957  0.00193584
17    0.990674   0.0025522
17     1.03153  0.00224731
17     1.07351   0.0018343
17     1.11133  0.00275682
17      1.1444  0.00239951
17     1.17435  0.00206493
17     1.19925  0.00199045
17     1.21447  0.00233344
17     1.22413  0.00197323
17      1.2267  0.00200346
17     1.21653  0.00200075
17     1.20115  0.00248999
17     1.18414  0.00151203
17     1.15739  0.00223667
17     1.12925  0.00225744
17     1.10283   0.0030061
17     1.06924  0.00240775
17     1.04282  0.00314642
17     1.01119  0.00286779
17    0.993145  0.00294054
17     0.96706  0.00240598
17    0.951212  0.00269944
17    0.935092  0.00225284
17    0.919144  0.00239751
17    0.910913  0.00201427
17    0.897815  0.00180427
17    0.890536   0.0014631
17    0.888094  0.00162754

18           0           0
18           0           0
18           0           0
18           0           0
18           0           0
18           0           0
18           0           0
18           0           0
18           0           0
18           0           0
18           0           0
18           0           0
18           0           0
18           0           0
18           0           0
18           0           0
18           0           0
18           0           0
18           0           0
18           0           0
18           0           0
18           0           0
18           0           0
18           0           0
18           0           0
18           0           0
18           0           0
18           0           0
18           0           0
18           0           0
18           0           0
18           0           0
18           0           0
18 1.13592e-05 7.57282e-06
18  0.00131353 0.000121526
18   0.0253537 0.000662159
18     0.17426  0.00178347
18    0.590262  0.00480842
18     1.26105  0.00677648
18     1.94728  0.00748402
18     2.42906  0.00664466
18     2.64177  0.00641317
18     2.64106  0.00634623
18     2.48533  0.00523939
18     2.26063  0.00462009
18      2.0204  0.00430062
18     1.79148  0.00614415
18     1.59133  0.00625815
18     1.41271  0.00533539
18     1.26594  0.00563197
18     1.14198  0.00554794
18     1.03751  0.00358279
18     0.95316  0.00375317
18    0.883954  0.00242128
18    0.828449  0.00185342
18    0.783617  0.00251175
18    0.749982  0.00231138
18    0.719002  0.00252055
18    0.700674  0.00228953
18    0.684815  0.00278111
18    0.677781  0.00278716
18    0.676988  0.00256232
18    0.688283  0.00265992
18    0.698457   0.0021701
18    0.715059  0.00272852
18    0.735399  0.00223901
18     0.76266  0.00228253
18     0.79339   0.0022579
18    0.830548  0.00226447
18    0.868924  0.00243115
18    0.909918  0.00248262
18    0.950013  0.00182909
18    0.990809  0.00241398
18     1.03166  0.00212597
18     1.07334  0.00173972
18     1.11084  0.00264727
18     1.14372  0.00236122
18     1.17515   0.0021018
18     1.19827  0.00210776
18     1.21442  0.00220442
18     1.22393  0.00187297
18     1.22654  0.00189853
18     1.21591  0.00198243
18     1.20077  0.00237976
18     1.18353  0.00154383
18     1.15702  0.00214269
18     1.12943  0.00213928
18     1.10235  0.00287732
18     1.06878   0.0023177
18     1.04231  0.00301348
18     1.01093   0.0027202
18    0.992902  0.00278721
18    0.967022  0.00227261
18    0.951509  0.00256575
18    0.935798  0.00223551
18    0.920153  0.00246736
18    0.911396  0.00195957
18    0.898208  0.00174629
18    0.890733  0.00139496
18    0.888488  0.00158409

19           0           0
19           0           0
19           0           0
19           0           0
19           0           0
19           0           0
19           0           0
19           0           0
19           0           0
19           0           0
19           0           0
19           0           0
19           0           0
19           0           0
19           0           0
19           0           0
19           0           0
19           0           0
19           0           0
19           0           0
19           0           0
19           0           0
19           0           0
19           0           0
19           0           0
19           0           0
19           0           0
19           0           0
19           0           0
19           0           0
19           0           0
19           0           0
19           0           0
19 1.07614e-05 7.19782e-06
19  0.00130004 0.000115877
19    0.025168 0.000652815
19    0.173326  0.00191884
19    0.587673  0.00520616
19     1.25814  0.00701626
19     1.94254  0.00846322
19     2.42637  0.00681835
19     2.64193  0.00607754
19     2.64143  0.00602326
19     2.48644  0.00507875
19     2.26294  0.00492435
19     2.02179  0.00429333
19     1.79275  0.00594916
19     1.59265  0.00606762
19     1.41475  0.00542893
19     1.26847  0.00587762
19     1.14301  0.00535028
19     1.03828   0.0034752
19    0.954336  0.00373519
19    0.884168  0.00230325
19     0.82947  0.00201771
19    0.782923   0.0024737
19    0.749413  0.00225867
19    0.719426  0.00242321
19    0.700263  0.00220563
19     0.68413  0.00271794
19    0.677539  0.00265089
19    0.676523   0.0024693
19    0.687684  0.00258643
19     0.69812  0.00208194
19    0.714614  0.00262096
19    0.734881  0.00218031
19    0.762312   0.0021888
19    0.793283  0.00214157
19    0.830235  0.00216679
19    0.868802  0.00230626
19    0.908912  0.00254777
19    0.949237  0.00189041
19    0.989637  0.00255594
19     1.03086  0.00215808
19      1.0725   0.0018411
19     1.10942   0.0028662
19     1.14322  0.00228891
19     1.17468  0.00204313
19     1.19864  0.00202815
19     1.21383  0.00216518
19     1.22439  0.00182873
19     1.22697  0.00184662
19     1.21691  0.00211573
19      1.2022  0.00265001
19     1.18502  0.00205864
19     1.15831  0.00238255
19     1.13053  0.00229534
19     1.10261   0.0027373
19     1.07028   0.0026376
19     1.04309  0.00295511
19     1.01158  0.00265347
19    0.993452  0.00269431
19     0.96793  0.00232741
19    0.952664  0.00267816
19    0.935645  0.00212309
19    0.919653  0.00238761
19    0.910646  0.00199509
19    0.897267  0.00189087
19    0.890054  0.00147746
19    0.887653  0.00170666

20           0           0
20           0           0
20           0           0
20           0           0
20           0           0
20           0           0
20           0           0
20           0           0
20           0           0
20           0           0
20           0           0
20           0           0
20           0           0
20           0           0
20           0           0
20           0           0
20           0           0
20           0           0
20           0           0
20           0           0
20           0           0
20           0           0
20           0           0
20           0           0
20           0           0
20           0           0
20           0           0
20           0           0
20           0           0
20           0           0
20           0           0
20           0           0
20           0           0
20 1.02233e-05 6.85801e-06
20   0.0012879 0.000110717
20   0.0251409 0.000620739
20    0.173168   0.0018294
20    0.587671  0.00494586
20     1.25824  0.00666616
20     1.94461  0.00828932
20     2.42681  0.00649186
20     2.64255  0.00580527
20     2.64182  0.00573438
20     2.48365  0.00553398
20     2.26279  0.00468061
20     2.02249  0.00413526
20     1.79262  0.00565306
20       1.592   0.0057996
20     1.41436  0.00517138
20     1.26878  0.00559196
20     1.14299   0.0050828
20     1.03789  0.00332298
20    0.953765  0.00359168
20    0.884001  0.00219415
20    0.829158  0.00194086
20    0.782435  0.00239765
20    0.749702  0.00216419
20    0.718958  0.00234683
20      0.7002  0.00209626
20    0.685216  0.00279082
20    0.678212  0.00260237
20    0.677157  0.00242584
20    0.688735  0.00266212
20    0.698471  0.00200719
20    0.715062  0.00252783
20     0.73487  0.00207132
20    0.761573  0.00220045
20    0.792277  0.00225866
20    0.829129  0.00232338
20    0.868141  0.00228365
20    0.908214  0.00251422
20    0.948894  0.00182667
20    0.989838  0.00243609
20     1.03056  0.00207081
20     1.07195  0.00183024
20     1.10987  0.00275791
20     1.14333  0.00217695
20     1.17475  0.00194202
20     1.19989  0.00228034
20     1.21431  0.00210897
20     1.22422  0.00174502
20     1.22748   0.0018257
20     1.21787   0.0022174
20     1.20271  0.00256476
20     1.18533  0.00197843
20     1.15891  0.00233882
20     1.13042  0.00218347
20     1.10239  0.00260931
20     1.07075   0.0025482
20     1.04249  0.00286773
20     1.01127  0.00253794
20    0.993067  0.00258689
20     0.96758  0.00223728
20    0.952312  0.00256727
20      0.9353  0.00204466
20    0.919181  0.00231446
20    0.910163  0.00195291
20    0.897006  0.00181427
20    0.890128  0.00140542
20    0.888253  0.00172378

