1           0           0
1           0           0
1           0           0
1           0           0
1           0           0
1           0           0
1           0           0
1           0           0
1           0           0
1           0           0
1           0           0
1           0           0
1           0           0
1 0.000854457           0
1     0.18917           0
1     1.42361           0
1     2.55096           0
1     2.84661           0
1     2.48895           0
1     2.23597           0
1     1.86347           0
1     1.67025           0
1     1.46267           0
1     1.37363           0
1     1.30499           0
1     1.23283           0
1     1.19655           0
1     1.19489           0
1     1.15316           0
1     1.12546           0
1     1.15876           0
1     1.11816           0
1     1.10356           0
1     1.13299           0
1     1.12149           0
1     1.09241           0
1     1.09425           0
1     1.06899           0
1     1.05382           0
1     1.07319           0
1     1.05876           0
1     1.05755           0
1     1.02752           0
1      1.0271           0
1     1.03005           0
1     1.02987           0
1     1.03246           0
1     1.00502           0
1     1.03055           0
1     1.02247           0
1      1.0116           0
1     1.02768           0
1     1.03879           0
1    0.999377           0
1     1.00575           0
1     1.01724           0
1     1.00181           0
1     1.02143           0
1     1.01257           0
1     1.00679           0
1     1.01407           0
1    0.990985           0
1     1.00666           0
1    0.998347           0
1     1.00402           0
1    0.996964           0
1     1.00045           0
1    0.992567           0
1     1.00237           0
1    0.997562           0
1     1.00168           0
1     1.01839           0
1     0.99895           0
1    0.991168           0
1     1.00192           0
1     1.00666           0
1    0.995932           0
1    0.997251           0
1     1.00519           0
1    0.986387           0
1    0.991826           0
1    0.999344           0
1    0.980509           0
1     0.99867           0
1    0.995281           0
1    0.995688           0
1     1.00229           0
1    0.988308           0
1    0.996498           0
1     0.99212           0
1    0.987976           0
1    0.998168           0
1    0.987134           0
1     0.98736           0
1    0.989407           0
1    0.989648           0
1    0.991467           0
1     1.00002           0
1    0.994044           0
1    0.986104           0

2           0           0
2           0           0
2           0           0
2           0           0
2           0           0
2           0           0
2           0           0
2           0           0
2           0           0
2           0           0
2           0           0
2           0           0
2           0           0
2 0.000427228 0.000302096
2    0.202538  0.00945259
2      1.3991   0.0173312
2      2.5597  0.00618315
2     2.79738    0.034809
2     2.49677   0.0055265
2     2.18379   0.0368942
2     1.87672  0.00936979
2     1.68622   0.0112873
2     1.46364 0.000684389
2     1.39411    0.014486
2      1.3244   0.0137275
2     1.24122  0.00593328
2      1.1999  0.00237184
2     1.18294  0.00845047
2     1.16458  0.00807732
2     1.12275  0.00191983
2     1.15943 0.000476899
2      1.1312  0.00922231
2     1.11162   0.0056946
2      1.1277  0.00373762
2     1.11839  0.00218932
2     1.08836  0.00285764
2     1.09183  0.00171199
2     1.08645    0.012345
2     1.05155  0.00160401
2     1.06671  0.00458411
2     1.05871 3.45287e-05
2     1.05469  0.00201689
2     1.03054   0.0021326
2     1.02669 0.000285936
2      1.0279  0.00152278
2     1.02598  0.00275356
2     1.02985  0.00184343
2     1.01413  0.00644666
2     1.03006 0.000345884
2     1.02001  0.00174277
2     1.01257 0.000692197
2      1.0207   0.0049376
2     1.02064   0.0128351
2    0.996183  0.00225864
2     1.00709  0.00094654
2     1.01034  0.00487536
2    0.996527  0.00373297
2     1.01948  0.00137676
2     1.01007    0.001772
2     1.00519  0.00113638
2     1.01274  0.00093766
2    0.992483  0.00105954
2     1.00297  0.00260992
2      1.0036  0.00371152
2    0.998921  0.00360545
2    0.997964  0.00070688
2    0.996407  0.00285847
2    0.999737  0.00507011
2     1.00021  0.00152677
2    0.998036 0.000335217
2    0.998081  0.00254672
2     1.01271  0.00401805
2    0.997703 0.000881881
2    0.995328  0.00294158
2    0.997831  0.00288854
2    0.997384  0.00655909
2    0.999138  0.00226634
2    0.996156 0.000774214
2     1.00184  0.00236674
2    0.986479 6.49297e-05
2    0.998125  0.00445378
2    0.998682  0.00046836
2    0.984927  0.00312446
2    0.997286 0.000978022
2    0.993791  0.00105406
2    0.997031  0.00094927
2    0.996274  0.00425345
2    0.993178  0.00344371
2    0.991259  0.00370489
2     0.99117 0.000671707
2    0.990555   0.0018236
2    0.991434  0.00476217
2    0.991714  0.00323877
2    0.989612  0.00159225
2    0.994717  0.00375473
2    0.990384 0.000520623
2    0.989536  0.00136589
2     0.99666  0.00237824
2    0.990505   0.0025023
2    0.988846  0.00193886

3           0           0
3           0           0
3           0           0
3           0           0
3           0           0
3           0           0
3           0           0
3           0           0
3           0           0
3           0           0
3           0           0
3           0           0
3           0           0
3  0.00142409 0.000838484
3    0.198513  0.00710693
3     1.38408   0.0168537
3     2.53873   0.0176169
3     2.75633    0.040769
3     2.44493   0.0424817
3     2.15763   0.0325805
3     1.87437  0.00653387
3     1.69291  0.00929911
3     1.47318  0.00780598
3      1.3939  0.00965889
3     1.32728  0.00944848
3     1.24111  0.00395654
3      1.1917  0.00688242
3     1.17904  0.00647099
3     1.15513  0.00940506
3     1.12063  0.00215044
3     1.14872  0.00875285
3     1.12621  0.00737421
3      1.1173  0.00599717
3     1.11777  0.00848763
3     1.11123    0.006028
3     1.08052  0.00668357
3     1.08522  0.00552013
3     1.08198  0.00900173
3     1.05767  0.00510929
3      1.0623  0.00471976
3     1.06271  0.00326605
3     1.05725  0.00248424
3     1.02897  0.00191343
3     1.02839  0.00140219
3     1.02592  0.00190845
3     1.02988  0.00367529
3     1.03347  0.00319818
3     1.01912  0.00592274
3     1.02053  0.00778895
3     1.02149  0.00167727
3     1.01361 0.000964849
3     1.01652  0.00474152
3     1.01542  0.00955673
3     1.00634  0.00842549
3     1.00802 0.000988648
3     1.00955  0.00331487
3     1.00361  0.00629925
3     1.01586   0.0030931
3     1.00754  0.00237971
3     1.00322  0.00177355
3     1.00481  0.00650544
3     1.00016  0.00630577
3     1.00078  0.00249676
3     1.00571  0.00301751
3     1.00339  0.00436931
3     1.00276  0.00394801
3    0.999476  0.00314821
3     1.00093  0.00351819
3    0.996114   0.0034931
3    0.995742  0.00188676
3     1.00003  0.00232487
3     1.00475    0.007028
3      0.9998  0.00181104
3    0.991829   0.0034648
3    0.995151  0.00291492
3    0.998106  0.00441223
3     1.00097  0.00212396
3    0.996971 0.000841802
3     0.99962  0.00240197
3    0.988856  0.00194134
3    0.997637   0.0029958
3    0.993688  0.00408918
3    0.990123  0.00472641
3    0.998455  0.00115572
3    0.995174   0.0013306
3    0.995487  0.00141005
3    0.994867  0.00305951
3    0.992581  0.00234696
3    0.992338  0.00262255
3    0.991865 0.000722473
3    0.989232    0.001626
3    0.992766  0.00335601
3    0.993429  0.00257352
3    0.989915  0.00108986
3    0.992696  0.00299841
3    0.992922  0.00210092
3    0.988252  0.00138866
3    0.996633  0.00158566
3    0.990294  0.00167707
3    0.986751  0.00214377

4           0           0
4           0           0
4           0           0
4           0           0
4           0           0
4           0           0
4           0           0
4           0           0
4           0           0
4           0           0
4           0           0
4           0           0
4           0           0
4   0.0014953 0.000631879
4     0.20675  0.00890491
4     1.38761   0.0130046
4      2.5513   0.0171217
4     2.74718   0.0315851
4     2.49068    0.050839
4     2.13755   0.0299912
4     1.86323   0.0108207
4     1.68478  0.00990967
4     1.47816  0.00727271
4     1.38633  0.00976828
4     1.32751  0.00708918
4     1.24282   0.0033166
4     1.19904  0.00819358
4     1.18063  0.00504291
4     1.15588  0.00708356
4     1.12432  0.00357745
4     1.14907   0.0065718
4      1.1243  0.00577428
4     1.11525  0.00483763
4     1.11098  0.00866494
4     1.10881  0.00498221
4     1.08423   0.0059526
4     1.08011  0.00605791
4     1.08426  0.00703228
4      1.0594  0.00411359
4     1.06538  0.00443007
4     1.06243  0.00246099
4     1.05397   0.0034003
4     1.03076   0.0021134
4     1.02891  0.00114313
4     1.03093  0.00457614
4     1.02912  0.00283246
4     1.03054  0.00348835
4     1.01976  0.00447589
4     1.02095  0.00585302
4     1.01677  0.00427334
4     1.02061   0.0061073
4      1.0169  0.00357133
4     1.01601  0.00718525
4     1.00455   0.0065048
4      1.0054  0.00238816
4      1.0123  0.00344322
4     1.00671  0.00543109
4     1.01684  0.00246952
4     1.01077  0.00331861
4     1.00382  0.00142749
4     1.00597   0.0049815
4      1.0015  0.00487109
4     1.00412  0.00344874
4     1.00472  0.00242143
4     1.00296  0.00329823
4     1.00295  0.00296526
4     1.00058  0.00254897
4      1.0006  0.00265404
4    0.996415  0.00263271
4    0.999851  0.00383003
4    0.999055  0.00193583
4     1.00574  0.00534026
4    0.997847  0.00216955
4    0.993431  0.00294586
4    0.997322  0.00288308
4    0.999387  0.00349017
4    0.999601  0.00198346
4    0.998313  0.00132299
4    0.995705  0.00383921
4    0.989622  0.00159972
4    0.995626  0.00284255
4    0.995342  0.00338481
4    0.992241  0.00399101
4    0.997359  0.00128547
4    0.994167  0.00132558
4     0.99414  0.00157449
4    0.994821  0.00229499
4    0.993884  0.00209091
4    0.993618  0.00225771
4    0.991567 0.000600158
4    0.991717  0.00247349
4    0.992357  0.00254177
4    0.992833   0.0019981
4    0.988838  0.00123999
4    0.993185  0.00228832
4    0.991292  0.00211556
4    0.987748  0.00112914
4    0.993928  0.00262688
4    0.990645  0.00129391
4     0.98737  0.00169476

5           0           0
5           0           0
5           0           0
5           0           0
5           0           0
5           0           0
5           0           0
5           0           0
5           0           0
5           0           0
5           0           0
5           0           0
5           0           0
5  0.00136713 0.000518339
5     0.20264  0.00801671
5     1.39934    0.014779
5     2.55205   0.0137138
5     2.74245   0.0256197
5     2.49372   0.0407618
5     2.13764   0.0239931
5     1.85978  0.00918856
5     1.68649  0.00807362
5     1.48218  0.00683857
5     1.38267  0.00847261
5     1.32301   0.0069579
5     1.24095  0.00314075
5      1.1982  0.00659855
5     1.18332  0.00470111
5     1.16152  0.00758488
5     1.12903  0.00509711
5      1.1418  0.00836243
5     1.12772  0.00554438
5     1.11759  0.00439971
5     1.11137  0.00694072
5     1.10659  0.00445365
5     1.08806  0.00587116
5     1.08071  0.00487599
5     1.08774  0.00643269
5     1.06172  0.00389052
5      1.0661  0.00360251
5     1.06202  0.00200317
5     1.05092  0.00384912
5     1.03604  0.00501656
5     1.02686  0.00204772
5     1.02694  0.00511498
5     1.03032  0.00250502
5     1.02932  0.00299513
5     1.02169  0.00397435
5     1.01976  0.00480025
5      1.0221  0.00586463
5     1.01823  0.00533074
5     1.01589  0.00299555
5     1.01348  0.00617603
5     1.00686  0.00559711
5     1.00793  0.00296033
5     1.01108   0.0029617
5     1.00845  0.00461621
5     1.01847  0.00245679
5     1.01092  0.00265829
5     1.00369  0.00114779
5     1.00636  0.00400016
5     1.00206  0.00392859
5     1.00296  0.00294642
5     1.00109  0.00377668
5     1.00158  0.00291078
5    0.998955  0.00428731
5    0.999085  0.00244092
5     1.00028  0.00214246
5    0.995852  0.00216547
5    0.999167  0.00312453
5     1.00174  0.00285524
5     1.00402  0.00453931
5    0.998926  0.00198598
5    0.993741   0.0023729
5    0.995212  0.00298004
5     1.00062  0.00300298
5    0.997036   0.0027897
5    0.996933   0.0016262
5     0.99593  0.00307795
5    0.989694  0.00128143
5    0.993537  0.00294364
5    0.994492   0.0028126
5    0.994174  0.00363097
5    0.995294  0.00211408
5      0.9951  0.00134946
5    0.994304  0.00126807
5    0.993517  0.00217483
5    0.992061  0.00233608
5     0.99241  0.00210486
5    0.993156  0.00150003
5    0.991816  0.00198074
5    0.991986  0.00206044
5    0.992008  0.00176067
5    0.988312  0.00109777
5    0.992734  0.00187463
5    0.990307  0.00190809
5    0.989181  0.00156832
5    0.993268  0.00218289
5    0.990724  0.00103753
5       0.988  0.00146838

6           0           0
6           0           0
6           0           0
6           0           0
6           0           0
6           0           0
6           0           0
6           0           0
6           0           0
6           0           0
6           0           0
6           0           0
6           0           0
6   0.0015665 0.000468727
6    0.202894  0.00668462
6      1.3925   0.0138099
6     2.56649   0.0174499
6     2.75243   0.0232098
6     2.50835   0.0365006
6     2.14431   0.0209012
6     1.86996   0.0120398
6     1.67976  0.00910738
6     1.47967   0.0061412
6     1.37788  0.00830698
6     1.32854  0.00769053
6     1.24136  0.00264454
6     1.19663   0.0056827
6     1.18624  0.00473463
6     1.17071   0.0105007
6     1.13095  0.00459623
6     1.14127  0.00698534
6     1.12883  0.00472921
6     1.11525    0.004243
6     1.10683  0.00711197
6     1.10954  0.00458584
6     1.09355  0.00699855
6     1.08469  0.00545269
6      1.0874  0.00536976
6     1.06105  0.00329974
6     1.06717  0.00315648
6     1.06247  0.00171931
6     1.05079   0.0032098
6     1.03919  0.00507377
6     1.02805  0.00202332
6     1.02862  0.00453077
6     1.03325  0.00339408
6     1.02617  0.00380918
6     1.02509   0.0045401
6      1.0215  0.00430099
6     1.02189  0.00489111
6      1.0195  0.00459042
6     1.01932  0.00400093
6     1.01388  0.00515941
6     1.00697  0.00466545
6      1.0099  0.00305484
6      1.0134  0.00325146
6     1.00881  0.00386053
6     1.01514  0.00366563
6     1.01139  0.00225695
6     1.00266  0.00134474
6     1.00686  0.00336521
6     1.00037  0.00362039
6     1.00329  0.00247282
6     1.00016  0.00326121
6     1.00013  0.00276462
6    0.997853  0.00371181
6     1.00018  0.00226686
6     1.00055   0.0018015
6    0.996732  0.00197517
6    0.998662  0.00264434
6     1.00025  0.00273951
6     1.00109  0.00463582
6    0.997466  0.00212505
6    0.994494  0.00209344
6    0.997229   0.0030913
6    0.998524  0.00315161
6    0.995626  0.00265713
6    0.995857  0.00167373
6    0.995419  0.00260712
6    0.990301  0.00120281
6    0.993465  0.00245389
6    0.994361  0.00234685
6    0.993984   0.0030308
6    0.995714  0.00180294
6    0.994636  0.00120162
6    0.993019  0.00157895
6    0.991858  0.00236211
6     0.99236  0.00196579
6    0.992288  0.00175759
6    0.993307   0.0012576
6    0.991548  0.00166861
6    0.992525  0.00178632
6    0.991654  0.00150224
6    0.987901 0.000988803
6    0.991909  0.00173387
6    0.989985  0.00161697
6    0.990481  0.00176502
6     0.99334  0.00182027
6    0.991108 0.000933058
6    0.988792  0.00142121

7           0           0
7           0           0
7           0           0
7           0           0
7           0           0
7           0           0
7           0           0
7           0           0
7           0           0
7           0           0
7           0           0
7           0           0
7           0           0
7  0.00134272 0.000452042
7    0.202145  0.00577152
7      1.3953   0.0121187
7      2.5681   0.0150309
7     2.75203   0.0198976
7     2.50819   0.0312866
7     2.15673   0.0212883
7     1.87815    0.012806
7     1.67576  0.00864096
7     1.49245   0.0129485
7     1.38226   0.0081924
7     1.32883  0.00659739
7     1.23715  0.00450672
7     1.20192  0.00691046
7     1.18503  0.00420932
7     1.16628  0.00989036
7     1.13493  0.00538887
7     1.13983  0.00613483
7     1.12138   0.0080038
7     1.11614  0.00373004
7     1.10567   0.0061898
7     1.11142  0.00430006
7     1.09463  0.00608228
7      1.0844  0.00468188
7     1.08436  0.00539388
7     1.06277  0.00324748
7     1.06262  0.00500787
7     1.06066  0.00223273
7     1.04703  0.00443849
7     1.03898  0.00435331
7     1.02986  0.00241242
7      1.0296  0.00398708
7     1.03111  0.00351786
7     1.02813  0.00373448
7     1.02171  0.00499225
7     1.02326  0.00403247
7     1.01992  0.00456935
7     1.01838  0.00406909
7     1.01715   0.0039716
7      1.0128  0.00453398
7      1.0097  0.00472747
7      1.0107  0.00272126
7     1.01484  0.00309211
7      1.0089  0.00331021
7     1.01605  0.00325104
7     1.01028  0.00219154
7     1.00225  0.00121353
7     1.00722  0.00290382
7     1.00017  0.00310877
7     1.00444  0.00237292
7     1.00247  0.00352489
7    0.998132  0.00300696
7    0.996208  0.00352729
7     1.00091  0.00205832
7     1.00114  0.00164036
7    0.998124   0.0021277
7     1.00034  0.00274882
7     1.00037  0.00235096
7     1.00088  0.00397799
7    0.996459  0.00204626
7    0.994199  0.00181509
7     0.99681  0.00267789
7    0.998787  0.00271232
7     0.99569  0.00227832
7    0.996422  0.00152693
7    0.996217  0.00235387
7    0.991117  0.00127815
7    0.993465  0.00210334
7    0.994328  0.00201183
7    0.994014  0.00259798
7    0.995028  0.00167065
7    0.994302  0.00107539
7    0.991531  0.00193085
7    0.991663   0.0020327
7     0.99259  0.00169837
7    0.991609  0.00163228
7    0.993524  0.00109662
7    0.991633  0.00143239
7    0.992129   0.0015745
7    0.990967  0.00143626
7    0.989033  0.00134744
7    0.991952  0.00148668
7    0.989604  0.00143023
7    0.991775  0.00192979
7    0.992377  0.00179707
7     0.99141 0.000847364
7    0.989591  0.00142486

8           0           0
8           0           0
8           0           0
8           0           0
8           0           0
8           0           0
8           0           0
8           0           0
8           0           0
8           0           0
8           0           0
8           0           0
8           0           0
8  0.00138849 0.000397847
8    0.199917  0.00546295
8      1.3939   0.0106846
8     2.55248   0.0196609
8     2.75248   0.0174156
8      2.5034   0.0277401
8     2.15821   0.0186782
8     1.87801   0.0112061
8     1.66354   0.0137077
8      1.4838   0.0139233
8     1.38297  0.00719939
8      1.3222  0.00847544
8     1.23449  0.00466228
8     1.20487  0.00664466
8     1.17942  0.00640901
8     1.16381  0.00895557
8      1.1328  0.00511837
8      1.1395  0.00537697
8     1.12093  0.00701553
8     1.11004  0.00657695
8     1.10517  0.00543656
8     1.10869  0.00455081
8     1.09537  0.00536666
8       1.082  0.00466896
8     1.07735  0.00808284
8     1.06201  0.00292853
8     1.06155  0.00449431
8     1.05722  0.00376727
8     1.04578  0.00405512
8     1.04091  0.00421215
8     1.02985  0.00211088
8     1.02838  0.00367148
8     1.03132  0.00308418
8     1.02829  0.00327119
8     1.02199  0.00437632
8     1.02199  0.00372336
8     1.01792  0.00441478
8     1.01897   0.0036028
8     1.01654   0.0035222
8     1.01405  0.00413792
8     1.01048   0.0042001
8     1.00976  0.00253967
8     1.01294  0.00323838
8       1.008  0.00301691
8     1.01422  0.00331576
8     1.00952  0.00204549
8      1.0019  0.00111092
8     1.00698  0.00255115
8     1.00054  0.00274237
8     1.00358  0.00222589
8     1.00226  0.00309111
8    0.996756  0.00292889
8    0.996204  0.00308638
8      1.0013  0.00183646
8     1.00153  0.00148106
8    0.999318  0.00217096
8    0.999579  0.00250889
8     1.00075  0.00208731
8    0.999859  0.00361072
8    0.994974  0.00226574
8    0.993657  0.00166692
8    0.996188  0.00241418
8    0.999675  0.00251464
8    0.995665  0.00199367
8    0.996756   0.0013722
8    0.996739  0.00211656
8    0.992497  0.00170831
8    0.992582  0.00201726
8    0.994663  0.00178803
8    0.994138  0.00227618
8    0.993827  0.00184348
8    0.994522 0.000963217
8    0.991918  0.00172783
8    0.991708  0.00177911
8    0.993244  0.00160704
8    0.993156  0.00203299
8    0.993825 0.000999899
8    0.992469  0.00147768
8    0.992078  0.00137852
8    0.991482  0.00134598
8     0.98947  0.00124797
8    0.992274  0.00133537
8    0.989857  0.00127362
8     0.99203  0.00170539
8    0.993206  0.00175346
8    0.992109 0.000988485
8    0.989641  0.00124763

9           0           0
9           0           0
9           0           0
9           0           0
9           0           0
9           0           0
9           0           0
9           0           0
9           0           0
9           0           0
9           0           0
9           0           0
9           0           0
9  0.00123421 0.000382387
9    0.200022  0.00485695
9     1.38959   0.0103305
9     2.54796    0.017987
9     2.75066   0.0155756
9     2.49397   0.0262124
9     2.15544   0.0168057
9     1.86868   0.0132874
9     1.66138   0.0123527
9     1.48327   0.0123863
9     1.38304  0.00639983
9     1.32065   0.0076729
9     1.23559  0.00427148
9     1.20478  0.00590689
9     1.17846  0.00576855
9     1.15956   0.0089134
9     1.13242  0.00456353
9     1.13499  0.00639813
9     1.11699  0.00725769
9     1.10893  0.00593865
9     1.10559  0.00484851
9     1.10772  0.00414615
9     1.09288  0.00531606
9     1.08435  0.00470538
9     1.07586  0.00731956
9     1.05872  0.00405175
9     1.06002  0.00424752
9     1.05623  0.00347597
9     1.04516  0.00365207
9     1.04006  0.00382775
9     1.03331  0.00375628
9     1.02595  0.00398527
9     1.03123  0.00274275
9     1.02735  0.00304132
9     1.02145  0.00392357
9     1.02163  0.00332655
9     1.01761  0.00393559
9     1.01702   0.0036898
9     1.01383  0.00404091
9     1.01501  0.00378668
9     1.01036  0.00373504
9     1.00935  0.00229022
9     1.01084  0.00349456
9     1.00748  0.00272544
9     1.01257  0.00333445
9     1.00879  0.00194228
9    0.999629  0.00235648
9     1.00578  0.00253376
9     1.00148  0.00259511
9     1.00306  0.00203914
9     1.00068  0.00312495
9    0.997907  0.00282045
9    0.997504  0.00300486
9     1.00039  0.00184484
9      1.0011  0.00137801
9    0.998533  0.00206659
9    0.998939  0.00231013
9     1.00072  0.00185557
9    0.998935  0.00332543
9    0.993512  0.00244065
9    0.992674   0.0017477
9    0.995354  0.00228554
9    0.998695  0.00241882
9    0.995897  0.00178552
9    0.996013  0.00140646
9    0.996105  0.00197388
9    0.992832  0.00155094
9    0.993307  0.00191898
9    0.994925  0.00160846
9    0.995283  0.00229332
9    0.994063  0.00165364
9     0.99542  0.00120428
9    0.992029  0.00153938
9    0.992034  0.00161098
9    0.993534  0.00145441
9    0.993468  0.00183098
9    0.994925  0.00136561
9    0.993834  0.00183879
9    0.992413  0.00126536
9    0.991155  0.00123552
9    0.990054  0.00123862
9    0.992724  0.00126059
9     0.99013  0.00116103
9    0.992631  0.00161832
9    0.993604  0.00160309
9    0.992801  0.00109438
9    0.990143  0.00120579

10           0           0
10           0           0
10           0           0
10           0           0
10           0           0
10           0           0
10           0           0
10           0           0
10           0           0
10           0           0
10           0           0
10           0           0
10           0           0
10  0.00136713 0.000366521
10    0.201845  0.00470099
10     1.38135   0.0121491
10     2.55483   0.0174483
10     2.75755   0.0154675
10     2.50214   0.0248332
10     2.15468   0.0151423
10     1.86465   0.0125549
10     1.66161   0.0111194
10     1.48397   0.0111676
10      1.3809  0.00610879
10     1.32114  0.00692085
10     1.23787   0.0044096
10     1.20392  0.00537918
10     1.17684  0.00541425
10      1.1611  0.00815453
10     1.13407   0.0043966
10     1.13353  0.00592235
10     1.11933  0.00689624
10     1.10861  0.00535344
10     1.10406  0.00459724
10     1.10663  0.00387153
10     1.09219  0.00482982
10     1.08172  0.00491816
10     1.07484  0.00665889
10     1.05949  0.00372021
10     1.05928  0.00388671
10     1.05387    0.003843
10     1.04383  0.00352064
10     1.04132  0.00364691
10      1.0335  0.00338564
10     1.02631  0.00360287
10     1.03155   0.0024873
10     1.02793  0.00279231
10     1.02163  0.00353508
10     1.02338  0.00342245
10      1.0171  0.00357426
10     1.01749  0.00335068
10     1.01525  0.00387719
10     1.01447  0.00344645
10     1.01077  0.00338432
10     1.00946  0.00206365
10     1.00958  0.00336557
10     1.00789  0.00248319
10     1.01005   0.0038387
10     1.00833  0.00180166
10    0.999555    0.002122
10      1.0068  0.00247622
10     1.00047  0.00252605
10     1.00337   0.0018597
10     1.00109  0.00283972
10    0.998219  0.00255563
10    0.997776  0.00271668
10     1.00018  0.00167228
10     1.00116  0.00124149
10    0.998732  0.00186948
10    0.999363  0.00211762
10     1.00155  0.00184542
10    0.998339  0.00304589
10    0.993457  0.00219721
10    0.993434  0.00173001
10    0.994823  0.00211772
10    0.999471  0.00229817
10    0.995097  0.00177704
10    0.995457  0.00137126
10    0.996224  0.00178006
10    0.992148  0.00153916
10     0.99278  0.00179819
10    0.995186   0.0014687
10    0.995169   0.0020668
10    0.993873  0.00149916
10     0.99558  0.00109435
10    0.992572  0.00147801
10    0.992547  0.00152947
10    0.992313  0.00174822
10    0.993546  0.00164953
10    0.995037  0.00123369
10    0.993389  0.00170803
10     0.99232  0.00114222
10    0.991416   0.0011392
10      0.9905  0.00119235
10    0.992644  0.00113707
10    0.989513  0.00119775
10    0.991877  0.00162262
10    0.994275  0.00157715
10    0.992823 0.000985165
10    0.990192  0.00108621

11           0           0
11           0           0
11           0           0
11           0           0
11           0           0
11           0           0
11           0           0
11           0           0
11           0           0
11           0           0
11           0           0
11           0           0
11           0           0
11  0.00132052 0.000336151
11    0.203374  0.00451545
11     1.37974    0.011151
11     2.55803    0.016154
11      2.7441   0.0190308
11     2.50599   0.0228717
11     2.16011    0.014706
11     1.86761   0.0117583
11     1.65941   0.0103226
11     1.48987   0.0116045
11     1.38343   0.0060551
11     1.31857  0.00675102
11     1.23756  0.00401943
11     1.20345  0.00491079
11      1.1811  0.00638349
11     1.15995   0.0074942
11     1.13321  0.00408109
11     1.13359   0.0053843
11     1.12046  0.00636215
11     1.10991  0.00502178
11     1.10469  0.00422169
11     1.10627  0.00353698
11     1.09197  0.00439541
11     1.08325  0.00470485
11     1.07536  0.00607413
11     1.05785  0.00372742
11     1.05808  0.00371333
11     1.05437  0.00352575
11     1.04476  0.00332128
11     1.04317  0.00375182
11     1.03394  0.00310631
11     1.02698  0.00333753
11     1.03179  0.00227246
11     1.02687  0.00273282
11     1.02167  0.00321399
11      1.0237  0.00312565
11     1.01714  0.00324959
11     1.01726  0.00305433
11     1.01458  0.00358214
11     1.01474  0.00314372
11     1.01191  0.00326374
11     1.00984   0.0019113
11     1.00941  0.00306364
11     1.00747  0.00229249
11      1.0098  0.00349772
11     1.00825  0.00163985
11     1.00051  0.00213317
11     1.00654  0.00226496
11     1.00063  0.00230152
11     1.00282  0.00177004
11     1.00011  0.00274457
11    0.997984  0.00233409
11      0.9975   0.0024837
11    0.999292  0.00173872
11     1.00086  0.00116425
11    0.997307  0.00217615
11     1.00063  0.00227279
11     1.00161  0.00167853
11    0.999229  0.00289609
11    0.994592  0.00227188
11    0.993258   0.0015816
11    0.995039  0.00193618
11      0.9997   0.0021006
11    0.995378  0.00163751
11    0.995316  0.00125382
11    0.996247  0.00161838
11    0.992311  0.00140784
11    0.993341  0.00172008
11    0.994529  0.00147487
11    0.995695  0.00194468
11    0.994427  0.00146183
11    0.995447  0.00100287
11    0.992891  0.00137772
11    0.992833  0.00141699
11    0.992832  0.00166454
11    0.993261  0.00152393
11    0.995625  0.00125355
11    0.993905  0.00162878
11     0.99333  0.00141661
11    0.992579   0.0015169
11    0.990583  0.00108683
11    0.992799  0.00104416
11    0.989781  0.00111836
11    0.992338   0.0015391
11    0.994122  0.00144118
11    0.992744 0.000898768
11    0.990655  0.00108185

12           0           0
12           0           0
12           0           0
12           0           0
12           0           0
12           0           0
12           0           0
12           0           0
12           0           0
12           0           0
12           0           0
12           0           0
12           0           0
12   0.0014953 0.000350643
12    0.202137   0.0043053
12     1.38117    0.010314
12     2.56112   0.0150995
12     2.74415    0.017445
12      2.5049   0.0209917
12     2.15899   0.0135234
12     1.86108   0.0124609
12     1.65678  0.00979286
12     1.48767   0.0108444
12     1.38325  0.00555309
12     1.31582  0.00672626
12      1.2367   0.0037748
12     1.20411  0.00454647
12     1.18004   0.0059396
12     1.15813  0.00708821
12     1.13547  0.00432005
12     1.13231  0.00508682
12     1.11922  0.00595273
12        1.11  0.00460421
12     1.10513  0.00389267
12     1.10518  0.00340473
12     1.09244  0.00405346
12     1.08313  0.00431428
12     1.07314   0.0059597
12     1.05795  0.00341814
12     1.05713  0.00352274
12      1.0549   0.0032713
12     1.04426  0.00308155
12     1.04258  0.00348425
12     1.03502  0.00302963
12     1.02854  0.00340301
12     1.03095  0.00223275
12     1.02602  0.00263472
12     1.02169  0.00294622
12     1.02415   0.0028974
12     1.01742  0.00299045
12     1.01642  0.00291243
12     1.01598  0.00354862
12      1.0144  0.00290023
12     1.01306  0.00318715
12     1.00958  0.00177013
12     1.01033   0.0029419
12      1.0086  0.00236203
12     1.00932  0.00323868
12     1.00834  0.00150546
12     1.00157  0.00220543
12     1.00826  0.00265074
12     1.00226  0.00262428
12     1.00158  0.00201324
12    0.999228  0.00265461
12    0.998481  0.00219188
12    0.997587  0.00227825
12    0.999585  0.00161838
12      1.0007  0.00107802
12    0.998302  0.00221084
12     1.00116  0.00214382
12     1.00205  0.00159449
12    0.999729  0.00269762
12    0.994961  0.00211237
12    0.993522  0.00147163
12    0.994587  0.00182684
12    0.998794   0.0021121
12    0.996096  0.00165117
12    0.995417  0.00115335
12    0.996448  0.00149604
12    0.992059  0.00131285
12    0.993885   0.0016606
12    0.994965  0.00141487
12    0.995518  0.00179072
12    0.994149  0.00136626
12    0.994621  0.00121251
12    0.992754  0.00126973
12    0.992812  0.00129906
12     0.99284  0.00152585
12     0.99352  0.00141868
12    0.995443  0.00116216
12     0.99356  0.00152912
12    0.993048  0.00132652
12    0.993046   0.0014606
12    0.990113  0.00109325
12    0.993112  0.00100307
12     0.99042  0.00119419
12    0.992201  0.00141693
12    0.993672  0.00138953
12    0.991609  0.00136355
12     0.99057 0.000995017

13           0           0
13           0           0
13           0           0
13           0           0
13           0           0
13           0           0
13           0           0
13           0           0
13           0           0
13           0           0
13           0           0
13           0           0
13           0           0
13    0.001446 0.000327117
13    0.204041  0.00437508
13     1.38134  0.00952203
13     2.56006   0.0139746
13     2.74165   0.0162813
13     2.50494    0.019377
13     2.15055   0.0148836
13     1.85771   0.0119488
13     1.65856  0.00920091
13     1.48928   0.0101294
13     1.38287  0.00513903
13     1.31346  0.00660986
13     1.23965  0.00449124
13      1.2079  0.00555655
13     1.17699  0.00621694
13     1.16016  0.00682765
13     1.13512   0.0040015
13      1.1329  0.00473061
13     1.11691  0.00592298
13     1.10982   0.0042539
13     1.10353  0.00390649
13      1.1039  0.00337675
13     1.09274  0.00375289
13     1.08145   0.0042991
13     1.07199  0.00561209
13     1.05876  0.00324933
13     1.05705  0.00325268
13     1.05404  0.00313058
13     1.04233   0.0033955
13     1.04255  0.00321634
13     1.03392  0.00299007
13     1.02827  0.00315207
13     1.03144  0.00211377
13      1.0261  0.00243336
13     1.02116   0.0027671
13     1.02321  0.00282121
13     1.01681  0.00282232
13     1.01747  0.00287043
13     1.01633  0.00329307
13     1.01402  0.00270129
13     1.01355  0.00297873
13     1.01043  0.00183043
13     1.00964  0.00279543
13     1.00866  0.00218121
13     1.00828  0.00315362
13     1.00877  0.00145021
13     1.00194  0.00206556
13     1.00805  0.00245506
13     1.00198   0.0024374
13     1.00279  0.00219186
13    0.998946  0.00246535
13    0.998683  0.00203258
13    0.997872  0.00212072
13     1.00019  0.00160326
13     1.00051  0.00101305
13    0.999183  0.00220914
13     1.00052  0.00207062
13     1.00195  0.00147457
13     1.00038  0.00256669
13    0.994397  0.00202388
13    0.993179  0.00139795
13    0.994674  0.00168836
13    0.998265  0.00201479
13    0.996602  0.00159963
13    0.996303  0.00136287
13    0.996683  0.00139918
13    0.992228  0.00122265
13    0.993504  0.00157595
13    0.994892  0.00130788
13     0.99531  0.00166493
13    0.993693  0.00133514
13    0.994868  0.00114409
13    0.993731  0.00150189
13    0.993007  0.00121363
13    0.992706  0.00141444
13    0.993415  0.00131345
13    0.994414  0.00145867
13    0.993858   0.0014402
13    0.992823   0.0012433
13     0.99299  0.00134929
13    0.990427  0.00105315
13    0.993451 0.000981526
13    0.990333  0.00110549
13    0.992365  0.00131733
13    0.992977  0.00144612
13    0.991435  0.00126977
13    0.990821 0.000949468

14           0           0
14           0           0
14           0           0
14           0           0
14           0           0
14           0           0
14           0           0
14           0           0
14           0           0
14           0           0
14           0           0
14           0           0
14           0           0
14  0.00152582 0.000313337
14    0.203997   0.0040628
14     1.38311  0.00900347
14     2.56058   0.0129859
14     2.74248   0.0151392
14     2.49826   0.0191094
14     2.14963    0.013849
14     1.85435   0.0115587
14     1.65902  0.00855483
14     1.49139  0.00962266
14     1.38388   0.0048699
14     1.31526  0.00637843
14     1.24083  0.00432078
14     1.20837  0.00517951
14     1.17667  0.00578108
14     1.15884  0.00646595
14     1.13534  0.00372143
14     1.13435  0.00460911
14     1.11641  0.00552149
14     1.11012  0.00396111
14     1.10239    0.003791
14      1.1042  0.00314886
14     1.09377  0.00362403
14     1.08114  0.00400332
14     1.07347  0.00540393
14     1.06046  0.00343583
14     1.05643  0.00307996
14       1.054  0.00290728
14     1.04185  0.00318687
14     1.04292   0.0030069
14     1.03479  0.00289968
14     1.02921   0.0030661
14     1.03019  0.00230366
14     1.02705  0.00243698
14     1.02101  0.00257323
14      1.0237  0.00266109
14     1.01646  0.00264264
14     1.01623  0.00292096
14     1.01612  0.00306463
14     1.01479  0.00261626
14     1.01413  0.00282308
14     1.00973  0.00183133
14     1.00892  0.00268723
14      1.0081  0.00209738
14     1.00854  0.00293903
14     1.00924  0.00142277
14     1.00168  0.00193375
14     1.00827  0.00228983
14     1.00118  0.00239203
14     1.00277  0.00203536
14     1.00002  0.00251143
14    0.998722  0.00188776
14    0.998135  0.00198558
14     1.00005  0.00149495
14    0.999873  0.00112075
14    0.999946  0.00217911
14     1.00076   0.0019362
14     1.00182  0.00137509
14    0.999938  0.00242065
14    0.994111  0.00189939
14    0.991699  0.00192835
14    0.994613  0.00156885
14    0.998326  0.00187182
14    0.996794  0.00149686
14    0.996124  0.00127722
14    0.996043  0.00143797
14     0.99271  0.00122666
14    0.993334  0.00147254
14    0.995217  0.00125416
14    0.995174  0.00155156
14    0.993353  0.00128243
14    0.995238  0.00112062
14    0.992597  0.00177196
14    0.992298  0.00131809
14    0.992795  0.00131624
14    0.993527  0.00122445
14     0.99429  0.00135975
14     0.99365  0.00135226
14    0.992737   0.0011575
14    0.992885  0.00125701
14    0.990106  0.00102542
14    0.993204 0.000942023
14    0.990653  0.00107168
14    0.992146  0.00124127
14    0.992439  0.00143948
14    0.991635   0.0011948
14     0.99075 0.000884253

15           0           0
15           0           0
15           0           0
15           0           0
15           0           0
15           0           0
15           0           0
15           0           0
15           0           0
15           0           0
15           0           0
15           0           0
15           0           0
15  0.00148106 0.000295627
15    0.204963  0.00390511
15     1.38048  0.00877743
15      2.5553   0.0131509
15     2.74357   0.0141691
15      2.5012   0.0180591
15     2.15458   0.0137842
15     1.85245   0.0109429
15      1.6563  0.00840463
15     1.49294  0.00910561
15     1.38323  0.00458802
15      1.3144  0.00601103
15     1.24121   0.0040502
15     1.20957  0.00497007
15     1.17425     0.00588
15     1.15686  0.00633079
15     1.13441  0.00358676
15     1.13361  0.00436143
15     1.11677  0.00516553
15     1.10907  0.00383517
15     1.10093  0.00380996
15     1.10189  0.00368705
15     1.09256   0.0035776
15      1.0802  0.00384358
15     1.07389  0.00505947
15      1.0607   0.0032146
15     1.05601  0.00290225
15       1.053  0.00288077
15     1.04087  0.00312106
15     1.04184  0.00299321
15     1.03565  0.00283187
15      1.0293  0.00286299
15     1.02983  0.00217697
15     1.02662  0.00231073
15     1.02208  0.00261233
15      1.0228  0.00263148
15     1.01489  0.00289444
15     1.01632  0.00272771
15     1.01603  0.00286184
15     1.01428   0.0024922
15     1.01446  0.00265342
15     1.00944  0.00173145
15      1.0089  0.00250813
15     1.00721  0.00213696
15     1.00818  0.00276464
15     1.00862  0.00146012
15     1.00173  0.00180539
15     1.00804  0.00214851
15      1.0011  0.00223369
15     1.00206  0.00202074
15     1.00037  0.00236806
15    0.998897     0.00177
15    0.998625  0.00191261
15     1.00048  0.00145694
15    0.999419  0.00113421
15    0.999315  0.00212311
15     1.00033  0.00185335
15     1.00111  0.00145527
15    0.999442  0.00230951
15    0.993863  0.00178884
15    0.991755  0.00180062
15    0.994657  0.00146488
15    0.998524  0.00175745
15    0.996234  0.00149818
15    0.995921  0.00120808
15     0.99623  0.00135423
15    0.992615  0.00114853
15    0.993006  0.00141031
15    0.995137  0.00117314
15    0.995011  0.00145671
15    0.993165  0.00121061
15    0.994749  0.00114786
15    0.992822  0.00166815
15    0.992433  0.00123716
15     0.99348  0.00139556
15     0.99352  0.00114284
15    0.994284  0.00126911
15    0.993274  0.00131335
15    0.992978  0.00110516
15    0.992528  0.00122292
15    0.990731  0.00113155
15    0.992509  0.00110604
15    0.990647  0.00100025
15    0.992191  0.00115935
15    0.992398  0.00134411
15    0.991137  0.00121463
15    0.990342 0.000914793

16           0           0
16           0           0
16           0           0
16           0           0
16           0           0
16           0           0
16           0           0
16           0           0
16           0           0
16           0           0
16           0           0
16           0           0
16           0           0
16   0.0014419 0.000279732
16     0.20421  0.00373292
16     1.37674  0.00898967
16     2.54577   0.0153955
16     2.74087   0.0135376
16      2.4973   0.0173459
16     2.15214   0.0131369
16     1.85067   0.0104038
16     1.65156  0.00911727
16     1.49205  0.00858036
16     1.38223  0.00440946
16     1.31435  0.00563554
16     1.24084  0.00381459
16     1.20773  0.00498827
16     1.17376  0.00553303
16     1.15619  0.00597093
16     1.13344  0.00349082
16     1.13214  0.00432951
16     1.11677  0.00484268
16     1.10841  0.00365126
16      1.1008  0.00357399
16     1.10116  0.00352831
16     1.09201  0.00339655
16     1.07854  0.00394605
16     1.07336  0.00477086
16     1.06077  0.00301453
16     1.05521  0.00283133
16     1.05276  0.00271035
16     1.04019  0.00299959
16     1.04166  0.00281173
16     1.03582   0.0026597
16     1.02918  0.00268664
16     1.02762  0.00296354
16     1.02675   0.0021696
16     1.02288     0.00257
16     1.02217  0.00254069
16     1.01554  0.00278667
16     1.01518  0.00278578
16     1.01584   0.0026887
16     1.01405  0.00234721
16     1.01326  0.00274419
16     1.00942  0.00162334
16     1.00916  0.00236518
16     1.00678  0.00204624
16     1.00768  0.00263674
16     1.00805  0.00147588
16     1.00266  0.00191913
16     1.00781   0.0020263
16     1.00139  0.00211268
16     1.00225  0.00190332
16     0.99973  0.00230403
16    0.998686  0.00167192
16    0.998841  0.00180525
16    0.999911  0.00147418
16    0.999824  0.00113312
16    0.999339  0.00199055
16     1.00077  0.00178804
16     1.00118  0.00136574
16     1.00002  0.00223723
16    0.994723   0.0018724
16    0.991949  0.00169847
16    0.994863  0.00138775
16    0.998667  0.00165341
16    0.996107  0.00140989
16     0.99663  0.00132463
16    0.996973  0.00145888
16    0.993077  0.00116588
16    0.993213  0.00133727
16    0.995368  0.00112247
16     0.99511  0.00136906
16    0.993687  0.00124245
16    0.994998   0.0011029
16    0.993152  0.00159603
16    0.992765   0.0012035
16    0.992995  0.00139017
16    0.993218  0.00111043
16    0.994543  0.00121591
16    0.993269  0.00123127
16    0.992803   0.0010498
16    0.992605  0.00114894
16    0.990946  0.00108096
16     0.99297  0.00112877
16    0.990961 0.000985853
16    0.992061  0.00109421
16    0.992364  0.00126053
16    0.991221  0.00114159
16    0.990863 0.000994836

17           0           0
17           0           0
17           0           0
17           0           0
17           0           0
17           0           0
17           0           0
17           0           0
17           0           0
17           0           0
17           0           0
17           0           0
17           0           0
17  0.00150786 0.000270944
17    0.203315  0.00361897
17      1.3757  0.00852152
17     2.54962   0.0149633
17     2.74095   0.0127415
17     2.49682   0.0163321
17     2.14812   0.0129669
17     1.84783   0.0101712
17      1.6459   0.0101877
17     1.49238  0.00808217
17     1.38346   0.0043194
17     1.31383  0.00532776
17     1.24238  0.00389112
17      1.2071  0.00473425
17     1.17367  0.00520827
17     1.15533  0.00568129
17     1.13433   0.0033969
17     1.13354  0.00429561
17     1.11725  0.00458135
17     1.10655   0.0038795
17     1.10173  0.00348252
17     1.10162  0.00335109
17     1.08996  0.00376576
17     1.07789  0.00376824
17     1.07457   0.0046414
17     1.06096  0.00284332
17     1.05396  0.00292717
17     1.05295  0.00255726
17     1.03968  0.00286654
17     1.04136  0.00266204
17     1.03502  0.00262049
17     1.02993  0.00263001
17     1.02807  0.00282393
17     1.02694  0.00205063
17     1.02277   0.0024214
17     1.02224   0.0023921
17      1.0155  0.00262301
17     1.01543  0.00263368
17     1.01591  0.00253143
17     1.01421  0.00221486
17     1.01336  0.00258455
17      1.0104  0.00180001
17     1.00884  0.00224873
17     1.00643  0.00195541
17     1.00767  0.00248168
17     1.00752  0.00147858
17     1.00356  0.00200282
17     1.00689  0.00210965
17     1.00152  0.00199246
17     1.00254   0.0018131
17    0.999721  0.00216852
17    0.998925  0.00159061
17    0.999045  0.00171058
17     1.00025  0.00142606
17    0.999913  0.00106995
17    0.999511  0.00188085
17       1.001    0.001698
17     1.00078  0.00134292
17    0.999664  0.00213438
17    0.995468   0.0019044
17    0.992111  0.00160631
17    0.995407  0.00140873
17     0.99861  0.00155714
17    0.995912  0.00134032
17    0.996537     0.00125
17    0.996731  0.00139295
17    0.993235    0.001108
17    0.993608  0.00131557
17    0.994989  0.00111869
17    0.995153  0.00128921
17    0.993818  0.00117627
17    0.994693  0.00107952
17    0.993044  0.00150579
17    0.993017  0.00115878
17    0.992895  0.00131202
17    0.993157  0.00104682
17    0.993892  0.00130724
17    0.993447  0.00117158
17    0.993185  0.00105518
17    0.992678  0.00108366
17    0.990761  0.00103303
17    0.993125  0.00107292
17    0.991195 0.000955055
17    0.991584  0.00112911
17    0.992096  0.00121452
17    0.991268  0.00107542
17    0.991463  0.00110256

18           0           0
18           0           0
18           0           0
18           0           0
18           0           0
18           0           0
18           0           0
18           0           0
18           0           0
18           0           0
18           0           0
18           0           0
18           0           0
18   0.0015665 0.000262161
18    0.203937  0.00347092
18     1.37619  0.00806245
18     2.54415   0.0150989
18     2.74225   0.0120995
18     2.49315   0.0158326
18     2.14945   0.0123146
18     1.84948  0.00973931
18     1.64917   0.0101331
18     1.49451  0.00790788
18     1.38317  0.00408912
18     1.31131  0.00559917
18     1.24201  0.00369315
18     1.20638  0.00452568
18     1.17386  0.00492237
18     1.15347  0.00566053
18     1.13202  0.00391405
18     1.13473  0.00421857
18     1.11684  0.00434534
18     1.10813  0.00397077
18     1.10268  0.00341613
18     1.10221  0.00321534
18     1.08929  0.00361586
18     1.07748  0.00358083
18     1.07496  0.00440001
18     1.06056  0.00271364
18     1.05513  0.00299085
18     1.05301  0.00241608
18     1.03903  0.00278046
18     1.04042   0.0026746
18     1.03435  0.00255738
18     1.03059  0.00256595
18     1.02839   0.0026852
18      1.0258  0.00223225
18     1.02327  0.00233744
18     1.02142  0.00239525
18     1.01584  0.00249894
18      1.0157  0.00250081
18     1.01554  0.00241863
18     1.01495  0.00221338
18      1.0139  0.00249669
18     1.00943  0.00194603
18      1.0091  0.00213941
18     1.00584  0.00193328
18     1.00729  0.00237204
18     1.00715   0.0014434
18     1.00383  0.00191058
18     1.00701  0.00199598
18     1.00158  0.00188255
18     1.00284  0.00173789
18    0.999734  0.00204808
18    0.998782  0.00150866
18    0.999306  0.00163525
18    0.999779  0.00142266
18    0.999682  0.00103517
18    0.999108  0.00181901
18     1.00075  0.00162294
18     1.00065  0.00127426
18    0.999213  0.00206284
18    0.996178  0.00192653
18      0.9926  0.00158975
18    0.995513   0.0013344
18    0.998302  0.00150087
18    0.996115  0.00128104
18    0.996518   0.0011807
18    0.996869  0.00132243
18     0.99398  0.00127233
18    0.993254  0.00128929
18    0.995097   0.0010617
18    0.995098  0.00121879
18    0.993338  0.00120471
18    0.994423  0.00105272
18    0.993218  0.00143216
18    0.992624  0.00115891
18    0.992568  0.00127925
18    0.993274 0.000995213
18     0.99404  0.00124299
18    0.993663  0.00112622
18    0.993644  0.00109202
18    0.992964  0.00106047
18    0.990993  0.00100142
18    0.993383  0.00104398
18    0.990795 0.000982236
18    0.991379  0.00108488
18    0.991943  0.00115669
18    0.991159  0.00102116
18    0.991876  0.00111593

19           0           0
19           0           0
19           0           0
19           0           0
19           0           0
19           0           0
19           0           0
19           0           0
19           0           0
19           0           0
19           0           0
19           0           0
19           0           0
19  0.00148406 0.000261005
19    0.203062  0.00339678
19     1.37764  0.00776751
19     2.53966   0.0149568
19     2.74424   0.0116259
19     2.49351   0.0150035
19     2.14658   0.0119952
19     1.84727  0.00947484
19     1.65051  0.00968698
19     1.49663  0.00777181
19     1.38436  0.00404274
19     1.31337  0.00567122
19      1.2445  0.00425998
19     1.20734  0.00438745
19     1.17327  0.00469841
19     1.15406  0.00539331
19     1.13513  0.00478568
19     1.13518  0.00402049
19     1.11626  0.00415466
19     1.10876  0.00381159
19     1.10268  0.00323634
19     1.10274  0.00309056
19     1.08882  0.00345559
19     1.07887  0.00365405
19     1.07518  0.00417392
19     1.06136  0.00268693
19      1.0542  0.00297419
19     1.05398  0.00247488
19     1.03996  0.00278568
19     1.04039  0.00253397
19     1.03452  0.00242816
19     1.03058  0.00243093
19     1.02909  0.00263303
19     1.02657  0.00224555
19     1.02249   0.0023386
19     1.02193  0.00232269
19     1.01651  0.00245539
19     1.01535  0.00239392
19     1.01605  0.00234587
19     1.01452  0.00213878
19     1.01429  0.00239597
19     1.00971  0.00186337
19     1.00906  0.00202714
19     1.00681  0.00206033
19     1.00737  0.00224859
19     1.00784  0.00152292
19     1.00419  0.00184254
19     1.00689  0.00189462
19      1.0022  0.00188295
19     1.00306  0.00165968
19    0.999983  0.00195544
19     0.99857  0.00144406
19    0.999817    0.001627
19     1.00022  0.00141574
19    0.999897  0.00100294
19    0.998808   0.0017478
19     1.00103  0.00156137
19     1.00111  0.00128861
19     0.99909  0.00195791
19    0.995306   0.0020128
19    0.992284  0.00153724
19    0.995748  0.00128471
19    0.997675  0.00154699
19    0.996155  0.00121426
19     0.99702  0.00122048
19    0.997354  0.00133884
19    0.994703   0.0013958
19     0.99274  0.00131979
19    0.995081  0.00100594
19     0.99479  0.00119291
19    0.993563  0.00116208
19    0.994008  0.00107596
19    0.993101  0.00136153
19    0.992551  0.00110024
19    0.992412  0.00122129
19    0.993037 0.000970666
19    0.993908  0.00118452
19    0.993371  0.00110411
19    0.992861  0.00128496
19     0.99321  0.00103284
19    0.990894 0.000953588
19    0.992983  0.00106285
19    0.990873 0.000933683
19    0.991308  0.00103008
19    0.992041  0.00109995
19    0.990702  0.00106482
19    0.992108  0.00108121

20           0           0
20           0           0
20           0           0
20           0           0
20           0           0
20           0           0
20           0           0
20           0           0
20           0           0
20           0           0
20           0           0
20           0           0
20           0           0
20  0.00145258 0.000249846
20    0.202335  0.00330376
20     1.37494   0.0078362
20     2.54995   0.0173923
20     2.74512   0.0110777
20     2.49046   0.0145596
20      2.1464   0.0113967
20     1.84718  0.00900147
20     1.64813  0.00948881
20     1.49423  0.00774626
20     1.38571  0.00405805
20       1.314  0.00542306
20     1.24429  0.00405239
20     1.20654  0.00423893
20     1.17177  0.00469713
20     1.15335  0.00517056
20     1.13444  0.00459669
20     1.13592   0.0038877
20     1.11672  0.00397185
20     1.10842  0.00363611
20      1.1024  0.00308667
20     1.10181  0.00307409
20     1.09004   0.0034924
20     1.07872  0.00347449
20     1.07457  0.00400957
20     1.06157  0.00256043
20      1.0532  0.00298942
20      1.0547  0.00245444
20     1.04044  0.00268689
20     1.04002   0.0024349
20     1.03483   0.0023269
20     1.03145   0.0024603
20     1.02885  0.00251179
20     1.02684  0.00214949
20     1.02267  0.00222832
20     1.02209  0.00221268
20     1.01731   0.0024605
20      1.0156  0.00228735
20     1.01593  0.00223163
20     1.01467  0.00203694
20      1.0143  0.00227618
20     1.00885  0.00195599
20     1.00916  0.00192789
20     1.00693  0.00196055
20     1.00821  0.00228824
20       1.007  0.00166166
20       1.004  0.00176033
20     1.00661  0.00181945
20     1.00233  0.00179355
20     1.00289  0.00158529
20    0.999718  0.00187553
20    0.998851  0.00139898
20    0.999247  0.00164234
20     1.00024  0.00134504
20      1.0003  0.00103186
20    0.997951  0.00185871
20     1.00114  0.00148756
20     1.00102  0.00122722
20    0.998576  0.00192633
20    0.995221  0.00191395
20    0.992374  0.00146304
20    0.995803  0.00122168
20    0.997747   0.0014713
20    0.995955  0.00116987
20    0.996853  0.00117081
20    0.997618   0.0012977
20    0.994672  0.00132635
20     0.99283  0.00125685
20    0.994868 0.000977866
20    0.994758  0.00113369
20    0.993106  0.00119064
20    0.993913  0.00102631
20    0.992806  0.00132507
20    0.992516  0.00104577
20    0.992452  0.00116087
20    0.992584  0.00102247
20     0.99334  0.00125439
20    0.993133  0.00107409
20    0.993168  0.00125685
20     0.99308 0.000989364
20    0.991195 0.000952221
20    0.993192  0.00103005
20    0.990994 0.000894712
20    0.991337 0.000978998
20    0.991929   0.0010506
20    0.990566  0.00102027
20    0.992207  0.00103164

