1           0           0
1           0           0
1           0           0
1           0           0
1           0           0
1           0           0
1           0           0
1           0           0
1           0           0
1           0           0
1           0           0
1           0           0
1           0           0
1           0           0
1           0           0
1           0           0
1           0           0
1           0           0
1           0           0
1           0           0
1           0           0
1           0           0
1           0           0
1           0           0
1           0           0
1           0           0
1           0           0
1           0           0
1           0           0
1           0           0
1           0           0
1           0           0
1           0           0
1           0           0
1           0           0
1           0           0
1           0           0
1           0           0
1           0           0
1  0.00384224           0
1   0.0424706           0
1    0.293874           0
1     1.01346           0
1      2.2841           0
1     3.69865           0
1     4.75675           0
1     5.04459           0
1     4.67573           0
1     3.79838           0
1     2.77245           0
1      1.8392           0
1     1.13912           0
1     0.65359           0
1    0.352148           0
1    0.165697           0
1   0.0825059           0
1   0.0465821           0
1   0.0400473           0
1   0.0539356           0
1    0.103718           0
1    0.175709           0
1    0.291393           0
1    0.449808           0
1    0.628123           0
1    0.821874           0
1    0.948336           0
1      1.0127           0
1    0.975834           0
1    0.825181           0
1    0.641523           0
1    0.458905           0
1    0.313465           0
1    0.209156           0
1     0.17828           0
1    0.232609           0
1    0.413781           0
1    0.743602           0
1     1.21002           0
1     1.74763           0
1     2.28927           0
1     2.65476           0
1     2.77167           0
1     2.58856           0
1     2.20509           0
1     1.68952           0
1     1.20088           0
1    0.795339           0
1    0.534758           0
1    0.416734           0
1    0.453156           0
1    0.585567           0
1    0.762023           0
1    0.933476           0
1     1.03836           0
1     1.03665           0
1    0.924278           0
1    0.788743           0
1    0.653043           0
1    0.559037           0
1    0.552451           0

2           0           0
2           0           0
2           0           0
2           0           0
2           0           0
2           0           0
2           0           0
2           0           0
2           0           0
2           0           0
2           0           0
2           0           0
2           0           0
2           0           0
2           0           0
2           0           0
2           0           0
2           0           0
2           0           0
2           0           0
2           0           0
2           0           0
2           0           0
2           0           0
2           0           0
2           0           0
2           0           0
2           0           0
2           0           0
2           0           0
2           0           0
2           0           0
2           0           0
2           0           0
2           0           0
2           0           0
2           0           0
2           0           0
2           0           0
2  0.00315354 0.000486987
2   0.0413359 0.000802394
2     0.29005  0.00270376
2     1.01421  0.00053568
2     2.28945  0.00378465
2     3.71192  0.00938559
2     4.74361  0.00929541
2     5.06954    0.017643
2      4.6534     0.01579
2     3.79233  0.00427772
2     2.76031  0.00858198
2     1.83655  0.00187801
2     1.14573  0.00467121
2    0.659274  0.00401912
2    0.353261 0.000787251
2    0.169949  0.00300685
2   0.0839319  0.00100836
2   0.0442164  0.00167276
2   0.0361037  0.00278853
2   0.0528655 0.000756719
2   0.0996929  0.00284582
2    0.179552  0.00271785
2    0.298186  0.00480325
2    0.452988  0.00224868
2    0.631615  0.00246891
2    0.818821  0.00215884
2    0.949915  0.00111664
2     1.00659  0.00431432
2    0.964324  0.00813889
2    0.827034  0.00131031
2    0.646314  0.00338807
2    0.464559  0.00399766
2    0.314059 0.000419601
2    0.212064  0.00205641
2    0.181301  0.00213611
2    0.236016  0.00240955
2    0.418027  0.00300229
2    0.746355  0.00194668
2     1.21844  0.00595028
2     1.74927  0.00116024
2     2.27302   0.0114905
2     2.63833   0.0116155
2     2.74949   0.0156845
2     2.58967 0.000785372
2     2.20943  0.00306374
2     1.70173    0.008628
2     1.20516  0.00302462
2    0.798956  0.00255779
2    0.534599 0.000112018
2     0.42136  0.00327091
2    0.455298  0.00151453
2    0.582959   0.0018441
2    0.763174 0.000814026
2    0.930225  0.00229891
2     1.03808 0.000197558
2     1.03299  0.00258838
2    0.924118 0.000113406
2    0.784506  0.00299588
2    0.648956  0.00288959
2    0.561386    0.001661
2    0.558843   0.0045203

3           0           0
3           0           0
3           0           0
3           0           0
3           0           0
3           0           0
3           0           0
3           0           0
3           0           0
3           0           0
3           0           0
3           0           0
3           0           0
3           0           0
3           0           0
3           0           0
3           0           0
3           0           0
3           0           0
3           0           0
3           0           0
3           0           0
3           0           0
3           0           0
3           0           0
3           0           0
3           0           0
3           0           0
3           0           0
3           0           0
3           0           0
3           0           0
3           0           0
3           0           0
3           0           0
3           0           0
3           0           0
3           0           0
3 2.54852e-05 2.08086e-05
3  0.00326228  0.00033658
3   0.0445365  0.00266747
3    0.293378  0.00326058
3     1.02963   0.0125936
3     2.29406  0.00453423
3     3.71737  0.00767598
3     4.74942  0.00780903
3     5.04703    0.021822
3      4.6339   0.0190875
3     3.76971    0.018688
3     2.75887  0.00584147
3     1.83905  0.00239441
3     1.16036   0.0123434
3    0.659565  0.00268993
3    0.353645 0.000611264
3    0.175369  0.00485846
3   0.0878098  0.00323689
3   0.0460256   0.0018509
3   0.0373065  0.00210249
3   0.0549613  0.00178409
3   0.0991772  0.00194339
3    0.182661  0.00311867
3    0.301632   0.0042628
3    0.458912  0.00506366
3    0.628707  0.00288859
3    0.812301   0.0055148
3    0.948027  0.00171216
3     1.00113  0.00530539
3    0.961175   0.0060045
3    0.825101  0.00180363
3    0.646799   0.0022931
3     0.46361  0.00277537
3    0.314868 0.000717575
3    0.213887  0.00202358
3    0.186363  0.00437194
3    0.245122  0.00760679
3    0.424547   0.0056872
3    0.749105  0.00259308
3     1.21586  0.00449178
3     1.74628  0.00256136
3     2.26515  0.00999883
3     2.63229  0.00918013
3      2.7451   0.0110535
3     2.58706  0.00219432
3     2.20509  0.00408722
3     1.70193  0.00575432
3     1.20793   0.0030328
3    0.802817  0.00358379
3    0.535519 0.000754747
3    0.425653  0.00412791
3    0.457699   0.0022053
3    0.585305  0.00227642
3    0.764673  0.00133882
3    0.926137  0.00367301
3     1.03466  0.00279422
3     1.03022  0.00284244
3    0.924988 0.000714356
3    0.785534  0.00216661
3    0.650578  0.00233751
3    0.566657  0.00444402
3    0.561839  0.00388131

4           0           0
4           0           0
4           0           0
4           0           0
4           0           0
4           0           0
4           0           0
4           0           0
4           0           0
4           0           0
4           0           0
4           0           0
4           0           0
4           0           0
4           0           0
4           0           0
4           0           0
4           0           0
4           0           0
4           0           0
4           0           0
4           0           0
4           0           0
4           0           0
4           0           0
4           0           0
4           0           0
4           0           0
4           0           0
4           0           0
4           0           0
4           0           0
4           0           0
4           0           0
4           0           0
4           0           0
4           0           0
4           0           0
4 1.91139e-05 1.65531e-05
4  0.00327977 0.000252889
4   0.0446063  0.00200151
4    0.294308  0.00257468
4      1.0322  0.00970399
4     2.29611  0.00383419
4     3.71725  0.00575782
4     4.74791   0.0060013
4      5.0381   0.0181039
4     4.62467   0.0163984
4     3.77835   0.0158883
4     2.76075  0.00467292
4     1.84258  0.00354881
4     1.15845  0.00940411
4    0.661308  0.00251945
4    0.352631 0.000990378
4    0.176613  0.00379973
4   0.0868363  0.00256992
4   0.0472783  0.00176179
4   0.0388399  0.00206154
4   0.0567229  0.00202922
4    0.100344   0.0017736
4    0.183087  0.00236797
4    0.299945  0.00351505
4    0.459671  0.00385416
4    0.631054  0.00297013
4    0.811752   0.0041633
4    0.944847  0.00303849
4    0.998023  0.00480542
4    0.956361  0.00613661
4     0.82387  0.00172256
4     0.64611  0.00182018
4    0.467238  0.00376861
4    0.314221 0.000776719
4    0.216388  0.00264492
4    0.188675  0.00384193
4    0.247691  0.00612328
4    0.429334  0.00594832
4    0.748814  0.00196103
4     1.21047   0.0057499
4     1.74263  0.00369836
4     2.26185  0.00802436
4     2.63337  0.00694892
4     2.74371  0.00837685
4     2.58897    0.002332
4     2.20199  0.00407724
4     1.70802  0.00681875
4     1.20856  0.00233957
4    0.803164  0.00270467
4     0.53664  0.00112345
4    0.424516  0.00324885
4    0.456832   0.0018165
4     0.58445  0.00186124
4    0.763283   0.0015673
4    0.926744  0.00280446
4       1.031   0.0038044
4     1.03304  0.00324162
4    0.927436  0.00218702
4    0.787729  0.00250057
4    0.653447  0.00304117
4    0.569731   0.0042658
4    0.562697   0.0030043

5           0           0
5           0           0
5           0           0
5           0           0
5           0           0
5           0           0
5           0           0
5           0           0
5           0           0
5           0           0
5           0           0
5           0           0
5           0           0
5           0           0
5           0           0
5           0           0
5           0           0
5           0           0
5           0           0
5           0           0
5           0           0
5           0           0
5           0           0
5           0           0
5           0           0
5           0           0
5           0           0
5           0           0
5           0           0
5           0           0
5           0           0
5           0           0
5           0           0
5           0           0
5           0           0
5           0           0
5           0           0
5           0           0
5 1.52911e-05 1.36768e-05
5  0.00336377 0.000215813
5   0.0458726  0.00196128
5    0.298648  0.00439437
5     1.03115  0.00782002
5     2.29655  0.00309229
5     3.71898  0.00485871
5     4.74135  0.00758568
5     5.03914   0.0145135
5     4.62656   0.0132273
5      3.7668    0.016383
5     2.76472  0.00515891
5     1.84696  0.00483678
5     1.15374  0.00862283
5    0.660285  0.00221344
5    0.354915   0.0021914
5    0.178399  0.00343366
5   0.0877818  0.00222307
5   0.0486004  0.00183982
5   0.0399742  0.00193631
5   0.0574944  0.00176395
5    0.102096    0.002114
5    0.184591  0.00232308
5    0.301766  0.00324976
5    0.459871  0.00308853
5    0.633126  0.00301355
5    0.810121  0.00363635
5    0.940507  0.00458011
5    0.993997  0.00526736
5    0.952572  0.00596569
5    0.822223  0.00201697
5    0.647535  0.00193491
5    0.467158  0.00301573
5    0.314653   0.0007316
5    0.217792  0.00246033
5    0.190132  0.00333817
5    0.250268   0.0054139
5    0.429778   0.0047752
5    0.749264  0.00161974
5     1.20934   0.0047096
5      1.7471  0.00496841
5     2.25933  0.00680383
5     2.63123  0.00587962
5     2.74305  0.00672765
5     2.58673  0.00273553
5     2.20244  0.00328708
5     1.70605  0.00573364
5     1.20793  0.00195621
5    0.803352  0.00217024
5    0.537863  0.00141624
5    0.427089  0.00347191
5    0.457884  0.00173104
5    0.586016  0.00204424
5    0.761938    0.001738
5    0.925454  0.00252269
5     1.03034  0.00309886
5     1.03375  0.00267055
5    0.927345   0.0017515
5    0.790027  0.00286792
5    0.655236   0.0029118
5    0.570623  0.00350457
5    0.564509  0.00289873

6           0           0
6           0           0
6           0           0
6           0           0
6           0           0
6           0           0
6           0           0
6           0           0
6           0           0
6           0           0
6           0           0
6           0           0
6           0           0
6           0           0
6           0           0
6           0           0
6           0           0
6           0           0
6           0           0
6           0           0
6           0           0
6           0           0
6           0           0
6           0           0
6           0           0
6           0           0
6           0           0
6           0           0
6           0           0
6           0           0
6           0           0
6           0           0
6           0           0
6           0           0
6           0           0
6           0           0
6           0           0
6           0           0
6 1.27426e-05 1.16324e-05
6  0.00329853  0.00018945
6   0.0463033  0.00168104
6    0.298225  0.00368228
6     1.03356   0.0068791
6     2.29719  0.00264372
6     3.71937  0.00406483
6     4.73891  0.00670076
6     5.04252   0.0124802
6     4.62385   0.0112968
6     3.75998   0.0150042
6     2.76144  0.00523922
6     1.84824   0.0041962
6     1.15619  0.00752573
6    0.663541  0.00349802
6    0.358007  0.00336131
6     0.17826  0.00286418
6   0.0872218  0.00192179
6   0.0479275  0.00165166
6   0.0396062  0.00164819
6   0.0578627  0.00150791
6    0.102695   0.0018445
6    0.184639  0.00193641
6    0.301921  0.00271182
6    0.459811  0.00257436
6    0.634979  0.00302773
6    0.811408  0.00325019
6     0.94143  0.00390878
6    0.991118  0.00511593
6    0.948462  0.00622829
6    0.819745   0.0028187
6    0.647178  0.00164503
6    0.468237  0.00269926
6    0.316229  0.00156226
6    0.218214  0.00208611
6     0.19082  0.00285196
6    0.252264  0.00486569
6    0.430618   0.0040526
6    0.748698  0.00144539
6     1.21012  0.00398788
6     1.74668   0.0041574
6     2.25601   0.0064322
6     2.63036  0.00496353
6     2.74159   0.0057635
6     2.58657  0.00228446
6     2.20354  0.00291599
6     1.70785  0.00505214
6     1.20916  0.00198139
6    0.803467  0.00181159
6    0.538157  0.00121032
6    0.428166  0.00305567
6    0.457279  0.00154449
6    0.585733  0.00172289
6    0.761078   0.0016474
6    0.924736  0.00220214
6     1.02978  0.00263252
6     1.03347   0.0022402
6    0.929315  0.00231625
6    0.789733  0.00240493
6     0.65448  0.00252264
6    0.571636   0.0030634
6    0.566886  0.00324735

7           0           0
7           0           0
7           0           0
7           0           0
7           0           0
7           0           0
7           0           0
7           0           0
7           0           0
7           0           0
7           0           0
7           0           0
7           0           0
7           0           0
7           0           0
7           0           0
7           0           0
7           0           0
7           0           0
7           0           0
7           0           0
7           0           0
7           0           0
7           0           0
7           0           0
7           0           0
7           0           0
7           0           0
7           0           0
7           0           0
7           0           0
7           0           0
7           0           0
7           0           0
7           0           0
7           0           0
7           0           0
7           0           0
7 1.09222e-05  1.0112e-05
7  0.00338656  0.00018169
7   0.0464262  0.00144537
7    0.299278  0.00330349
7       1.033  0.00591934
7     2.29711  0.00226742
7     3.72265  0.00462057
7     4.74136  0.00617513
7     5.03623   0.0121765
7     4.62527  0.00977234
7     3.75903   0.0128911
7     2.75775  0.00564579
7     1.84723  0.00371665
7     1.15651   0.0064577
7    0.664672  0.00317601
7    0.357499  0.00291926
7     0.17937  0.00266138
7   0.0885324  0.00204592
7   0.0481134  0.00142612
7   0.0405182  0.00164579
7   0.0588206  0.00156751
7    0.103271  0.00166855
7    0.184255  0.00169758
7    0.302476   0.0023805
7    0.459148  0.00229032
7    0.636094  0.00279305
7    0.811347  0.00278644
7    0.940958  0.00337881
7    0.988172  0.00516398
7    0.948088  0.00534971
7    0.819322  0.00244752
7    0.646335  0.00161159
7    0.468973  0.00241193
7    0.316599  0.00138219
7    0.218812  0.00187194
7    0.191371  0.00249706
7    0.253295   0.0042785
7    0.432473  0.00387476
7    0.751438  0.00282335
7     1.21045  0.00343166
7     1.74705  0.00357996
7     2.25449  0.00568829
7     2.62726  0.00513387
7     2.73907  0.00546065
7      2.5842  0.00294162
7     2.20337  0.00250436
7     1.70631   0.0045588
7     1.21005    0.001886
7    0.804249  0.00171309
7    0.539077  0.00134217
7    0.429563  0.00292107
7    0.458674  0.00184951
7    0.587247  0.00203605
7    0.762575  0.00197853
7     0.92505  0.00190982
7     1.02767  0.00298501
7     1.03285  0.00200472
7    0.928357  0.00217455
7    0.788869  0.00221093
7    0.655073  0.00223068
7    0.571879  0.00263545
7    0.568319  0.00308318

8           0           0
8           0           0
8           0           0
8           0           0
8           0           0
8           0           0
8           0           0
8           0           0
8           0           0
8           0           0
8           0           0
8           0           0
8           0           0
8           0           0
8           0           0
8           0           0
8           0           0
8           0           0
8           0           0
8           0           0
8           0           0
8           0           0
8           0           0
8           0           0
8           0           0
8           0           0
8           0           0
8           0           0
8           0           0
8           0           0
8           0           0
8           0           0
8           0           0
8           0           0
8           0           0
8           0           0
8           0           0
8           0           0
8 4.77848e-05 3.55988e-05
8  0.00344352  0.00016767
8    0.047782  0.00179109
8     0.30312  0.00461191
8     1.03704  0.00641252
8     2.30167   0.0047038
8     3.72636  0.00532927
8     4.73227   0.0100726
8     5.02518   0.0148496
8     4.62246  0.00894554
8      3.7568   0.0114696
8     2.75566  0.00531277
8     1.85018  0.00426756
8     1.15727  0.00569497
8    0.665117     0.00281
8    0.358474  0.00271239
8    0.181545  0.00309262
8   0.0898043  0.00214948
8   0.0488918  0.00144476
8   0.0413828  0.00165166
8   0.0601182  0.00183156
8    0.104548   0.0018865
8    0.186214  0.00235902
8    0.303459  0.00227701
8      0.4588  0.00203031
8    0.633768  0.00327228
8    0.810249  0.00264575
8    0.938718  0.00362352
8    0.985519  0.00515536
8    0.946894  0.00481257
8     0.82047  0.00239581
8    0.645526  0.00160034
8     0.46985  0.00226416
8    0.317181  0.00132648
8     0.22021   0.0020961
8     0.19288  0.00260168
8    0.255964  0.00449949
8     0.43513  0.00420405
8    0.753216  0.00297785
8      1.2114  0.00313144
8     1.74408   0.0041921
8      2.2541  0.00499097
8     2.62371  0.00558587
8     2.73534  0.00591772
8     2.58108  0.00389113
8     2.20105  0.00308068
8     1.70577  0.00402106
8     1.21162  0.00220846
8    0.805741   0.0020479
8    0.541598  0.00263432
8    0.432279  0.00360387
8      0.4616  0.00317989
8     0.58817  0.00197951
8    0.761875  0.00185085
8    0.924486  0.00175235
8     1.02524  0.00346315
8     1.03195  0.00194648
8    0.927071  0.00225106
8     0.78808   0.0020706
8    0.656918  0.00260594
8    0.573765  0.00290324
8    0.570011   0.0031279

9           0           0
9           0           0
9           0           0
9           0           0
9           0           0
9           0           0
9           0           0
9           0           0
9           0           0
9           0           0
9           0           0
9           0           0
9           0           0
9           0           0
9           0           0
9           0           0
9           0           0
9           0           0
9           0           0
9           0           0
9           0           0
9           0           0
9           0           0
9           0           0
9           0           0
9           0           0
9           0           0
9           0           0
9           0           0
9           0           0
9           0           0
9           0           0
9           0           0
9           0           0
9           0           0
9           0           0
9           0           0
9           0           0
9 4.24753e-05 3.20369e-05
9  0.00334283 0.000176704
9   0.0474904  0.00161565
9    0.302545  0.00413514
9     1.03654  0.00571994
9     2.30151  0.00418394
9     3.72902  0.00536009
9     4.73161  0.00897531
9     5.02683   0.0132918
9     4.62203  0.00796213
9     3.75711   0.0101992
9     2.75729  0.00496899
9     1.85072  0.00382717
9     1.15516   0.0054399
9    0.662519  0.00349872
9    0.357828  0.00248682
9    0.182007  0.00278316
9      0.0901  0.00193087
9   0.0492421  0.00132602
9    0.041462  0.00147004
9   0.0601553  0.00162842
9    0.104637  0.00167898
9    0.186294  0.00209828
9    0.302883  0.00209558
9    0.458942  0.00180967
9    0.634651  0.00302562
9    0.810681   0.0023869
9    0.937609  0.00338636
9    0.984797  0.00463281
9    0.946853  0.00427801
9     0.82047  0.00212961
9    0.646377  0.00163319
9    0.470401  0.00207861
9    0.317776  0.00130553
9    0.219829   0.0018976
9    0.192941  0.00231331
9    0.255565  0.00401719
9    0.434015  0.00388195
9     0.75219   0.0028181
9     1.21148  0.00278459
9     1.74395  0.00372819
9     2.25525  0.00456784
9     2.62515  0.00514736
9     2.73806  0.00585413
9     2.58125  0.00346278
9     2.20096  0.00273987
9     1.70448  0.00377272
9      1.2102  0.00237408
9    0.804009  0.00244511
9    0.541112  0.00238594
9    0.432448  0.00320741
9    0.461297  0.00284105
9    0.588194  0.00175972
9    0.761927  0.00164593
9    0.924878  0.00160092
9      1.0262  0.00320862
9     1.03316  0.00207479
9    0.928038  0.00219872
9    0.787259  0.00199661
9    0.656655  0.00232966
9    0.573078  0.00266072
9    0.569512   0.0028198

10           0           0
10           0           0
10           0           0
10           0           0
10           0           0
10           0           0
10           0           0
10           0           0
10           0           0
10           0           0
10           0           0
10           0           0
10           0           0
10           0           0
10           0           0
10           0           0
10           0           0
10           0           0
10           0           0
10           0           0
10           0           0
10           0           0
10           0           0
10           0           0
10           0           0
10           0           0
10           0           0
10           0           0
10           0           0
10           0           0
10           0           0
10           0           0
10           0           0
10           0           0
10           0           0
10           0           0
10           0           0
10           0           0
10 3.82278e-05 2.91134e-05
10  0.00347977 0.000205348
10   0.0478283  0.00148899
10    0.302995  0.00374596
10     1.03754  0.00523495
10     2.30501  0.00502074
10     3.73408   0.0068038
10     4.73098  0.00809991
10     5.02262   0.0126131
10     4.61545  0.00950513
10      3.7515   0.0106087
10     2.75661  0.00451961
10     1.85218  0.00371359
10     1.15744  0.00535331
10    0.662798  0.00316001
10    0.359376  0.00267697
10    0.182973  0.00266749
10   0.0902391  0.00174279
10   0.0495708  0.00123349
10    0.041831  0.00136855
10   0.0608428  0.00160417
10     0.10504  0.00155865
10    0.186556  0.00190469
10    0.302305   0.0019641
10    0.459738  0.00179552
10    0.634704  0.00272352
10    0.810002   0.0022428
10    0.936931  0.00311493
10    0.984044  0.00423024
10    0.945095  0.00419613
10    0.820539  0.00191778
10    0.646916  0.00155633
10    0.470902  0.00193018
10    0.318286  0.00127072
10    0.220126  0.00173094
10    0.194267  0.00243264
10    0.257029  0.00387326
10    0.436194  0.00405915
10    0.753791  0.00295623
10      1.2123  0.00262507
10     1.74419  0.00336303
10     2.25251  0.00486396
10     2.62222  0.00540437
10      2.7326  0.00739203
10     2.57971  0.00344151
10     2.20039   0.0025243
10     1.70461  0.00339765
10     1.21152   0.0024757
10    0.806054  0.00293351
10    0.543048   0.0028252
10    0.433684  0.00311569
10    0.462314   0.0027332
10    0.589076  0.00179128
10    0.761454  0.00154777
10    0.923966  0.00168104
10     1.02455  0.00328618
10     1.03298  0.00187496
10    0.927263  0.00211107
10    0.787122   0.0018017
10    0.656668  0.00209673
10    0.573709  0.00246846
10      0.5703  0.00264554

11           0           0
11           0           0
11           0           0
11           0           0
11           0           0
11           0           0
11           0           0
11           0           0
11           0           0
11           0           0
11           0           0
11           0           0
11           0           0
11           0           0
11           0           0
11           0           0
11           0           0
11           0           0
11           0           0
11           0           0
11           0           0
11           0           0
11           0           0
11           0           0
11           0           0
11           0           0
11           0           0
11           0           0
11           0           0
11           0           0
11           0           0
11           0           0
11           0           0
11           0           0
11           0           0
11           0           0
11           0           0
11           0           0
11 3.47526e-05 2.66734e-05
11  0.00332159 0.000239986
11   0.0476293  0.00136685
11    0.301744   0.0036081
11     1.03723  0.00476798
11     2.30259  0.00511129
11     3.73093  0.00687768
11     4.73226  0.00746458
11     5.02323   0.0114814
11     4.61982  0.00959569
11     3.75416  0.00997144
11     2.75899  0.00469528
11     1.85355  0.00362077
11     1.15711  0.00487686
11     0.66265  0.00287624
11    0.356934  0.00336791
11    0.182047  0.00258093
11   0.0896246   0.0016892
11   0.0491697  0.00118479
11   0.0413271  0.00133366
11   0.0605477  0.00148524
11    0.104521  0.00150075
11    0.186043  0.00179927
11    0.302429  0.00178944
11    0.459449  0.00165539
11    0.634651  0.00247645
11    0.810311  0.00206016
11    0.937702  0.00292559
11    0.984794  0.00391152
11    0.944941  0.00381747
11    0.821197    0.001853
11    0.647806   0.0016499
11    0.470398  0.00181948
11    0.318564   0.0011852
11    0.219625   0.0016445
11    0.193103  0.00247432
11    0.255653  0.00375785
11     0.43535  0.00377678
11    0.753093  0.00276867
11     1.21038  0.00301174
11     1.74439  0.00306336
11     2.25457  0.00483915
11     2.62442  0.00534332
11     2.73416  0.00688303
11     2.58119  0.00342846
11     2.20022  0.00230045
11     1.70428  0.00310554
11     1.21111  0.00228408
11    0.806276  0.00267521
11    0.542923   0.0025711
11    0.432799  0.00295541
11      0.4614  0.00263332
11     0.58784  0.00201016
11    0.761856   0.0014583
11    0.924817  0.00173036
11     1.02427  0.00299917
11     1.03311   0.0017091
11    0.927445  0.00192701
11    0.787068  0.00163871
11    0.656226  0.00195227
11    0.572993  0.00234569
11    0.570667  0.00243037

12           0           0
12           0           0
12           0           0
12           0           0
12           0           0
12           0           0
12           0           0
12           0           0
12           0           0
12           0           0
12           0           0
12           0           0
12           0           0
12           0           0
12           0           0
12           0           0
12           0           0
12           0           0
12           0           0
12           0           0
12           0           0
12           0           0
12           0           0
12           0           0
12           0           0
12           0           0
12           0           0
12           0           0
12           0           0
12           0           0
12           0           0
12           0           0
12           0           0
12           0           0
12           0           0
12           0           0
12           0           0
12           0           0
12 3.18565e-05 2.46073e-05
12  0.00340727 0.000234783
12   0.0474751  0.00126161
12    0.301439  0.00332035
12     1.03863  0.00457097
12     2.30626  0.00585754
12     3.73042   0.0063236
12     4.73175  0.00686028
12     5.02147   0.0106585
12     4.61667  0.00929821
12      3.7512  0.00956914
12     2.75924  0.00431088
12     1.85542  0.00376864
12      1.1561  0.00457399
12    0.663738  0.00283497
12    0.358085  0.00327809
12    0.182291  0.00237742
12   0.0900808  0.00160885
12   0.0493976  0.00110778
12   0.0412821  0.00122328
12    0.061053  0.00144488
12    0.105015  0.00145479
12    0.186675  0.00175691
12    0.303406  0.00188812
12    0.459169  0.00154106
12    0.634687  0.00227034
12    0.809864  0.00193642
12    0.936561  0.00289552
12    0.983261  0.00387435
12    0.942871   0.0040216
12    0.820948  0.00171533
12    0.648942   0.0018627
12    0.470956  0.00175146
12    0.318898  0.00113265
12    0.220255  0.00162371
12    0.193564  0.00231064
12    0.255992  0.00345997
12    0.435847  0.00349464
12    0.753398  0.00255469
12     1.21031  0.00276154
12     1.74473  0.00282671
12     2.25447  0.00443693
12     2.62481  0.00491247
12      2.7323   0.0065569
12     2.57882  0.00387083
12      2.2001  0.00211171
12     1.70495  0.00291991
12     1.21197   0.0022493
12    0.806653  0.00247875
12    0.543636   0.0024536
12    0.433477   0.0027858
12    0.462307  0.00256539
12    0.588026  0.00185118
12    0.761535  0.00137171
12    0.924335   0.0016518
12     1.02345  0.00285914
12     1.03214  0.00182221
12    0.927257   0.0017756
12    0.786993  0.00150388
12    0.656662  0.00183757
12    0.573344  0.00217625
12    0.571918   0.0025291

13           0           0
13           0           0
13           0           0
13           0           0
13           0           0
13           0           0
13           0           0
13           0           0
13           0           0
13           0           0
13           0           0
13           0           0
13           0           0
13           0           0
13           0           0
13           0           0
13           0           0
13           0           0
13           0           0
13           0           0
13           0           0
13           0           0
13           0           0
13           0           0
13           0           0
13           0           0
13           0           0
13           0           0
13           0           0
13           0           0
13           0           0
13           0           0
13           0           0
13           0           0
13           0           0
13           0           0
13           0           0
13           0           0
13 4.11684e-05 2.44128e-05
13  0.00348534 0.000229336
13   0.0471274  0.00121153
13    0.300586  0.00317257
13     1.03645  0.00470998
13     2.30422  0.00575333
13     3.73353  0.00655949
13     4.73398   0.0066846
13     5.02248  0.00988566
13     4.61651  0.00858435
13     3.75073   0.0088446
13     2.75933  0.00398011
13     1.85563  0.00348467
13      1.1551  0.00432936
13    0.663599   0.0026203
13    0.358556  0.00305958
13    0.182156  0.00219842
13   0.0901062   0.0014853
13   0.0493337  0.00102441
13   0.0411123  0.00114091
13   0.0609867  0.00133526
13    0.105222  0.00135741
13    0.187092  0.00167041
13    0.303917  0.00181071
13    0.459483  0.00145423
13     0.63483  0.00210025
13    0.809476  0.00182598
13    0.936433  0.00267564
13    0.983257  0.00357632
13     0.94192   0.0038231
13    0.820879  0.00158475
13    0.648643  0.00174328
13    0.470959  0.00161673
13    0.318646  0.00107316
13    0.219381   0.0017182
13    0.193213  0.00215943
13    0.256577  0.00324291
13    0.436381  0.00326636
13    0.753359  0.00235847
13     1.21023   0.0025502
13     1.74371  0.00278771
13     2.25471    0.004102
13     2.62405  0.00459371
13     2.73372  0.00620476
13     2.58001  0.00374993
13     2.20194  0.00262801
13      1.7042  0.00279135
13     1.21144  0.00213741
13    0.806633  0.00228816
13    0.543033  0.00233782
13    0.433319  0.00257601
13    0.462567  0.00238119
13     0.58803  0.00170879
13    0.761998  0.00134234
13    0.923864  0.00159068
13     1.02316  0.00265406
13     1.03158  0.00176773
13    0.927237  0.00163912
13    0.787246  0.00140943
13    0.656925  0.00171506
13    0.574189  0.00216699
13    0.572829  0.00249334

14           0           0
14           0           0
14           0           0
14           0           0
14           0           0
14           0           0
14           0           0
14           0           0
14           0           0
14           0           0
14           0           0
14           0           0
14           0           0
14           0           0
14           0           0
14           0           0
14           0           0
14           0           0
14           0           0
14           0           0
14           0           0
14           0           0
14           0           0
14           0           0
14           0           0
14           0           0
14           0           0
14           0           0
14           0           0
14           0           0
14           0           0
14           0           0
14           0           0
14           0           0
14           0           0
14           0           0
14           0           0
14           0           0
14 3.82278e-05 2.28455e-05
14  0.00346423 0.000213925
14    0.046662  0.00121109
14    0.299115  0.00326899
14     1.03367  0.00512937
14     2.30263  0.00555767
14     3.73307  0.00610721
14     4.73776  0.00720148
14     5.02556  0.00964778
14     4.61706  0.00798862
14     3.75332  0.00858362
14     2.76019  0.00378716
14     1.85523  0.00325829
14     1.15447  0.00406612
14    0.662853  0.00253722
14    0.357852  0.00292096
14    0.180972  0.00233835
14   0.0897154  0.00142969
14   0.0490204 0.000998004
14   0.0409764  0.00106748
14   0.0606266  0.00128754
14    0.105273  0.00126143
14    0.186175  0.00178513
14    0.303727  0.00169127
14    0.459343  0.00135709
14    0.635064  0.00196314
14    0.810486  0.00195501
14    0.938063  0.00293962
14    0.983199  0.00332134
14    0.942675  0.00362386
14    0.820511  0.00151359
14    0.648692  0.00161944
14    0.470231   0.0016569
14    0.318267  0.00106139
14    0.218862  0.00167197
14    0.192454  0.00213441
14    0.255655  0.00313953
14    0.435618  0.00312099
14     0.75192  0.00259211
14     1.20935  0.00251579
14     1.74432  0.00265543
14     2.25579  0.00394931
14     2.62596   0.0046475
14     2.73606  0.00618679
14     2.58298  0.00451046
14     2.20186  0.00244146
14     1.70396  0.00260241
14     1.21043  0.00221027
14    0.806186  0.00216805
14    0.541989   0.0023924
14    0.432105  0.00266255
14    0.461257  0.00254615
14    0.587858  0.00159536
14    0.762306  0.00128124
14    0.924801   0.0017315
14     1.02393  0.00257512
14     1.03167  0.00164386
14    0.927489  0.00154125
14    0.787427  0.00132027
14    0.656068  0.00179431
14    0.573729   0.0020606
14     0.57263  0.00232314

15           0           0
15           0           0
15           0           0
15           0           0
15           0           0
15           0           0
15           0           0
15           0           0
15           0           0
15           0           0
15           0           0
15           0           0
15           0           0
15           0           0
15           0           0
15           0           0
15           0           0
15           0           0
15           0           0
15           0           0
15           0           0
15           0           0
15           0           0
15           0           0
15           0           0
15           0           0
15           0           0
15           0           0
15           0           0
15           0           0
15           0           0
15           0           0
15           0           0
15           0           0
15           0           0
15           0           0
15           0           0
15           0           0
15 3.56793e-05 2.14641e-05
15  0.00347493  0.00019993
15   0.0467638  0.00113462
15    0.298475  0.00311326
15     1.03301  0.00482973
15     2.30498  0.00566193
15     3.73309  0.00570011
15     4.73888  0.00680779
15     5.02791  0.00928608
15     4.61495  0.00773035
15     3.75075  0.00838531
15     2.75811  0.00406273
15     1.85601  0.00313152
15     1.15475  0.00380454
15    0.663745  0.00252001
15    0.357687  0.00273086
15    0.181349  0.00221266
15   0.0897183  0.00133438
15   0.0490619 0.000932337
15   0.0410308 0.000997703
15   0.0605846  0.00120238
15    0.105157  0.00118268
15    0.186089   0.0016682
15    0.303348  0.00162042
15    0.459909  0.00137978
15    0.634246  0.00199511
15    0.809863  0.00192131
15    0.937942  0.00274617
15    0.983441   0.0031087
15    0.943912  0.00358708
15    0.821034  0.00150005
15    0.649009  0.00154237
15    0.470498  0.00156781
15    0.318351 0.000993972
15    0.218651  0.00157369
15     0.19264  0.00200019
15    0.255041  0.00298979
15    0.435182  0.00294321
15    0.751907  0.00241934
15     1.20918  0.00235404
15     1.74449  0.00248379
15     2.25694   0.0038481
15     2.62411  0.00469122
15     2.73682  0.00582122
15      2.5826  0.00422604
15      2.2014  0.00232214
15     1.70518  0.00270117
15     1.21007  0.00209227
15    0.805853  0.00204889
15    0.542492   0.0022852
15      0.4323  0.00249215
15    0.461547  0.00239284
15    0.588251  0.00153666
15    0.762022  0.00122699
15    0.924437    0.001654
15     1.02358  0.00242729
15     1.03118  0.00160493
15     0.92683  0.00157289
15    0.787743  0.00126949
15    0.656042  0.00167487
15    0.573604    0.001927
15    0.572314  0.00218968

16           0           0
16           0           0
16           0           0
16           0           0
16           0           0
16           0           0
16           0           0
16           0           0
16           0           0
16           0           0
16           0           0
16           0           0
16           0           0
16           0           0
16           0           0
16           0           0
16           0           0
16           0           0
16           0           0
16           0           0
16           0           0
16           0           0
16           0           0
16           0           0
16           0           0
16           0           0
16           0           0
16           0           0
16           0           0
16           0           0
16           0           0
16           0           0
16           0           0
16           0           0
16           0           0
16           0           0
16           0           0
16           0           0
16 3.34493e-05 2.02381e-05
16  0.00343899 0.000190639
16   0.0467796  0.00106382
16    0.297419  0.00309252
16     1.02961  0.00559655
16     2.30047  0.00687191
16     3.73218    0.005417
16     4.73958  0.00641747
16     5.03429   0.0106745
16     4.61999  0.00874004
16      3.7539  0.00842992
16      2.7589  0.00388464
16     1.85582  0.00294154
16     1.15414  0.00361454
16    0.662952  0.00248405
16    0.355697  0.00320461
16    0.180238  0.00233687
16   0.0887401  0.00156911
16   0.0486591 0.000957141
16   0.0404324  0.00110028
16   0.0599341  0.00129131
16    0.104315  0.00137591
16    0.184899  0.00194241
16    0.302687  0.00164849
16    0.459723  0.00130602
16    0.634554  0.00189396
16    0.810716  0.00198145
16    0.939279  0.00288199
16    0.985793  0.00369885
16    0.945524  0.00370771
16    0.821985  0.00168113
16    0.648638  0.00149012
16    0.469741  0.00164266
16    0.317474   0.0012608
16    0.218199  0.00153911
16    0.191379  0.00223766
16    0.253946  0.00299643
16    0.433982  0.00299375
16     0.74995  0.00295591
16      1.2081  0.00243922
16     1.74439  0.00233065
16     2.25764  0.00367073
16      2.6264  0.00492355
16     2.74066  0.00660339
16     2.58553  0.00487461
16     2.20265  0.00249503
16     1.70551  0.00255231
16     1.20891  0.00225782
16    0.804277  0.00245329
16    0.540731  0.00273824
16    0.430465  0.00293512
16    0.460418  0.00249539
16    0.587206  0.00176069
16    0.762021  0.00115031
16    0.925484  0.00185299
16     1.02456  0.00246308
16     1.03264  0.00206527
16    0.928024  0.00187362
16    0.787553  0.00120428
16    0.655321  0.00171822
16    0.571634  0.00262741
16    0.570438  0.00274106

17           0           0
17           0           0
17           0           0
17           0           0
17           0           0
17           0           0
17           0           0
17           0           0
17           0           0
17           0           0
17           0           0
17           0           0
17           0           0
17           0           0
17           0           0
17           0           0
17           0           0
17           0           0
17           0           0
17           0           0
17           0           0
17           0           0
17           0           0
17           0           0
17           0           0
17           0           0
17           0           0
17           0           0
17           0           0
17           0           0
17           0           0
17           0           0
17           0           0
17           0           0
17           0           0
17           0           0
17           0           0
17           0           0
17 3.59791e-05 1.92051e-05
17   0.0035352 0.000202253
17   0.0472916  0.00111767
17    0.298031  0.00297055
17     1.03063  0.00535809
17     2.30017  0.00647414
17     3.73195  0.00510304
17     4.73934  0.00604422
17     5.03416   0.0100474
17     4.61812  0.00842363
17     3.75286  0.00799744
17     2.75865  0.00366453
17     1.85549   0.0027872
17     1.15474  0.00345111
17    0.663911  0.00251643
17    0.355813  0.00301822
17    0.180074  0.00220513
17   0.0890101  0.00149987
17   0.0486229 0.000901522
17   0.0403545  0.00103831
17   0.0600331  0.00121914
17    0.104479  0.00130469
17    0.185425  0.00189805
17    0.302881  0.00156284
17    0.459861  0.00123641
17    0.634628  0.00178402
17    0.811174  0.00191715
17    0.938673  0.00277547
17    0.985924  0.00348358
17    0.944893  0.00354293
17    0.821046  0.00182554
17    0.649118   0.0014778
17    0.470005  0.00156716
17    0.317719  0.00121027
17    0.218226  0.00144882
17    0.191616  0.00211854
17    0.254521  0.00287476
17    0.434415  0.00284873
17    0.750792  0.00289948
17     1.20831  0.00230488
17     1.74341  0.00239142
17      2.2569  0.00352761
17     2.62513  0.00479386
17      2.7416  0.00628092
17      2.5842   0.0047673
17     2.20257  0.00234986
17       1.705  0.00245169
17     1.20892  0.00212502
17    0.804506  0.00231966
17    0.541515  0.00268704
17    0.431327   0.0028862
17    0.460373  0.00234902
17    0.586877  0.00168759
17    0.762057   0.0010832
17    0.925824  0.00177486
17     1.02482  0.00233278
17     1.03227  0.00197772
17    0.927931  0.00176573
17    0.787108  0.00121267
17    0.655661  0.00165039
17    0.571079  0.00253069
17    0.571309  0.00271455

18           0           0
18           0           0
18           0           0
18           0           0
18           0           0
18           0           0
18           0           0
18           0           0
18           0           0
18           0           0
18           0           0
18           0           0
18           0           0
18           0           0
18           0           0
18           0           0
18           0           0
18           0           0
18           0           0
18           0           0
18           0           0
18           0           0
18           0           0
18           0           0
18           0           0
18           0           0
18           0           0
18           0           0
18           0           0
18           0           0
18           0           0
18           0           0
18           0           0
18           0           0
18           0           0
18           0           0
18           0           0
18           0           0
18 3.39803e-05 1.82419e-05
18  0.00351199 0.000192344
18   0.0476855  0.00112285
18    0.298873  0.00292245
18     1.03159  0.00514611
18     2.30226   0.0064426
18     3.73237   0.0048371
18     4.73995  0.00573915
18     5.02999   0.0103186
18     4.61304  0.00936625
18     3.75259  0.00755779
18     2.75809  0.00350237
18     1.85688  0.00295909
18      1.1552  0.00329012
18     0.66486  0.00254929
18    0.356454  0.00291788
18    0.180536  0.00213045
18   0.0895487  0.00151013
18   0.0487589 0.000861636
18   0.0407421   0.0010505
18   0.0605569  0.00125891
18    0.105493  0.00157769
18    0.186444  0.00204811
18    0.303941  0.00180015
18    0.460115  0.00119356
18    0.634396  0.00170005
18    0.810119  0.00208065
18    0.936751  0.00321891
18    0.983719   0.0039263
18    0.943877  0.00348879
18    0.820313  0.00186566
18    0.649216  0.00139894
18    0.470546  0.00157066
18    0.318736  0.00151087
18    0.219146  0.00163439
18    0.192302  0.00210892
18    0.255311  0.00282148
18    0.435512  0.00289388
18    0.751534  0.00283178
18     1.20827  0.00217722
18      1.7438  0.00229081
18     2.25539  0.00364301
18     2.62309   0.0049457
18     2.74028  0.00606935
18     2.58292  0.00467064
18     2.20268  0.00222214
18     1.70564  0.00239746
18     1.20947  0.00207754
18     0.80557  0.00242232
18    0.541789  0.00255169
18    0.432079  0.00282212
18    0.460745  0.00224779
18    0.586661  0.00160756
18    0.762101  0.00102393
18    0.925473  0.00171066
18     1.02455  0.00221977
18     1.03188  0.00190557
18    0.928155   0.0016818
18    0.787372  0.00117354
18    0.656757  0.00188769
18    0.572069  0.00257645
18    0.572158  0.00269341

19           0           0
19           0           0
19           0           0
19           0           0
19           0           0
19           0           0
19           0           0
19           0           0
19           0           0
19           0           0
19           0           0
19           0           0
19           0           0
19           0           0
19           0           0
19           0           0
19           0           0
19           0           0
19           0           0
19           0           0
19           0           0
19           0           0
19           0           0
19           0           0
19           0           0
19           0           0
19           0           0
19           0           0
19           0           0
19           0           0
19           0           0
19           0           0
19           0           0
19           0           0
19           0           0
19           0           0
19           0           0
19           0           0
19 3.21918e-05 1.73692e-05
19  0.00356752  0.00019007
19   0.0478423  0.00107464
19    0.298935  0.00276929
19      1.0319  0.00488459
19     2.30125  0.00618184
19     3.73027  0.00501777
19     4.73987  0.00543764
19     5.03229   0.0100293
19     4.61357  0.00888832
19     3.75167  0.00721593
19     2.75972  0.00367769
19     1.85767  0.00290785
19      1.1549  0.00313072
19    0.664493   0.0024414
19    0.356198  0.00277556
19    0.180076   0.0020673
19   0.0891954   0.0014714
19   0.0487506 0.000816327
19   0.0408029 0.000996961
19    0.060379  0.00120515
19     0.10538   0.0014987
19    0.186518  0.00194165
19    0.303905  0.00170577
19    0.460164  0.00113175
19    0.634326    0.001612
19    0.810184  0.00197216
19    0.936889  0.00305246
19    0.983879  0.00372291
19    0.943968  0.00330636
19    0.820067  0.00178363
19    0.649509  0.00135567
19    0.470296  0.00150778
19    0.319153  0.00148772
19    0.219197  0.00154917
19    0.191819  0.00205232
19    0.254841   0.0027119
19    0.434689  0.00285617
19    0.751097  0.00271623
19      1.2077  0.00213657
19     1.74369  0.00217275
19     2.25474  0.00350843
19     2.62498   0.0050361
19     2.74234  0.00609148
19     2.58393  0.00453181
19     2.20303   0.0021325
19     1.70536  0.00228776
19     1.20894  0.00203572
19    0.804854  0.00239811
19     0.54181  0.00241747
19    0.431297  0.00277971
19    0.460436  0.00215062
19    0.586371  0.00154896
19    0.761892 0.000991257
19    0.926012  0.00170349
19     1.02486  0.00212504
19     1.03232  0.00185632
19    0.928415  0.00161317
19    0.787473  0.00111616
19    0.656531  0.00180177
19    0.571715  0.00246514
19    0.571827  0.00257191

20           0           0
20           0           0
20           0           0
20           0           0
20           0           0
20           0           0
20           0           0
20           0           0
20           0           0
20           0           0
20           0           0
20           0           0
20           0           0
20           0           0
20           0           0
20           0           0
20           0           0
20           0           0
20           0           0
20           0           0
20           0           0
20           0           0
20           0           0
20           0           0
20           0           0
20           0           0
20           0           0
20           0           0
20           0           0
20           0           0
20           0           0
20           0           0
20           0           0
20           0           0
20           0           0
20           0           0
20           0           0
20           0           0
20 3.05822e-05 1.65752e-05
20  0.00356313 0.000180617
20    0.047969  0.00102836
20    0.298433  0.00267586
20     1.03067  0.00479198
20     2.30102  0.00587696
20     3.72922  0.00487655
20     4.74166  0.00545037
20     5.03414  0.00969572
20     4.61375  0.00844571
20     3.75175  0.00685556
20     2.75908  0.00354886
20     1.85745  0.00277039
20     1.15362  0.00322592
20    0.664819  0.00234098
20    0.356886  0.00272068
20     0.18011  0.00196421
20    0.089209  0.00139789
20   0.0488022  0.00077714
20   0.0409211 0.000954105
20   0.0604975  0.00115071
20     0.10551  0.00142939
20    0.186585   0.0018457
20    0.303986  0.00162244
20    0.459625   0.0011966
20    0.634558  0.00154805
20    0.810458  0.00189248
20    0.936577  0.00291574
20    0.983779  0.00353812
20    0.943507  0.00317302
20    0.820196  0.00169911
20    0.649309  0.00130255
20    0.470167  0.00143785
20    0.319099  0.00141429
20    0.219258  0.00147293
20    0.191935  0.00195298
20    0.255089  0.00258761
20    0.434306  0.00273893
20    0.751248  0.00258461
20     1.20783  0.00203355
20     1.74349  0.00207406
20     2.25418  0.00337642
20     2.62545  0.00480589
20     2.74297  0.00581951
20     2.58453  0.00434487
20     2.20311  0.00202731
20      1.7049   0.0022191
20     1.20904  0.00193639
20    0.804354  0.00232987
20    0.541648  0.00230204
20    0.431744  0.00267637
20    0.460403  0.00204334
20    0.586221   0.0014787
20    0.761838 0.000943142
20    0.925875  0.00162381
20     1.02466  0.00202814
20     1.03277   0.0018167
20    0.928575  0.00154043
20    0.787745  0.00109295
20    0.656341  0.00172171
20    0.571755  0.00234221
20    0.571523  0.00246122

