2.96666
2.85356
2.65164
2.68514
2.99491
2.79475
3.26631
3.32596
2.83285
3.22153
3.12904
3.66358
3.85474
3.36415
4.412
4.22089
3.59218
4.13724
4.01322
3.62756
4.35813
5.25327
4.55381
4.46085
4.81779
4.22175
5.30661
4.72931
4.66064
4.57495
5.18406
5.66255
5.24502
5.21669
5.61763
5.76898
5.4
5.54615
4.78563
5.2175
6.24973
5.37771
6.08594
6.20004
5.67278
6.68892
5.73004
5.34769
6.48879
5.76067
6.33071
6.91374
5.85454
6.31776
6.33354
6.49443
5.81089
6.49405
6.6609
6.63832
7.26272
7.20736
7.60684
7.09446
7.20263
6.19772
6.55649
7.1332
7.2307
7.13193
7.70358
7.21534
7.77977
7.32694
7.66157
7.38728
8.0282
6.70758
8.11347
7.79325
8.25794
8.78826
8.16998
8.76142
8.26349
7.87822
8.35785
8.74448
7.06072
8.50903
9.48073
9.46431
8.32425
8.21572
8.21426
8.40688
9.06801
8.99555
8.3315
9.44969
