2.96666
2.85356
2.65164
2.68514
2.99491
2.79475
3.26631
3.32596
2.83285
3.22153
3.12904
3.68317
3.83112
3.36415
4.52987
4.22089
3.59218
4.10481
4.07867
3.66893
4.35813
5.21284
4.68519
4.44942
4.49418
4.30901
5.04634
4.72931
4.5792
4.38318
5.1481
5.88789
5.22594
5.16599
5.59312
5.72292
5.26485
5.95223
4.87591
5.28415
6.33937
5.71936
6.39431
6.67538
5.93781
7.36763
5.94891
5.94411
6.97509
6.66404
7.1223
7.76636
6.82315
6.87005
6.91669
6.92905
6.50191
7.98762
6.88506
7.81595
7.97022
8.36192
8.61504
8.9254
8.52298
6.6138
6.9218
8.60262
8.29654
7.59485
10.6071
8.50424
8.9112
7.60687
9.78687
8.84006
8.57844
8.93154
9.30114
9.67086
11.7767
10.8766
10.6857
8.77527
10.5119
9.14209
10.5102
11.9155
10.569
10.3933
9.56641
13.7834
10.8228
12.9519
11.9535
11.8612
14.6368
11.9051
11.3629
11.8994
