           1       -0.36       -0.36           0
           2        -0.6       -0.48        0.12
           3        -0.6       -0.52        0.08
           4        -0.6       -0.54        0.06
           5        -0.6      -0.552       0.048
           6        -0.6       -0.56        0.04
           7       -0.68   -0.577143   0.0379043
           8       -0.68       -0.59   0.0352542
           9       -0.68        -0.6   0.0326599
          10       -0.68      -0.608   0.0302875
          11       -0.68   -0.614545   0.0281672
          12       -0.68       -0.62   0.0262851
          13       -0.76   -0.630769   0.0264687
          14       -0.76       -0.64   0.0261861
          15       -0.84   -0.653333    0.027786
          16       -0.84      -0.665   0.0284898
          17       -0.84   -0.675294   0.0286731
          18       -0.84   -0.684444   0.0285399
          19       -0.84   -0.692632   0.0282102
          20       -0.84        -0.7   0.0277584
          21       -0.84   -0.706667   0.0272321
          22       -0.84   -0.712727   0.0266627
          23       -0.84   -0.718261   0.0260711
          24       -0.92   -0.726667   0.0263386
          25       -0.92     -0.7344   0.0264202
          26       -0.92   -0.741538   0.0263684
          27       -0.92   -0.748148   0.0262197
          28       -0.92   -0.754286   0.0260008
          29       -0.92       -0.76   0.0257307
          30       -0.92   -0.765333   0.0254239
          31       -0.92   -0.770323   0.0250912
          32       -0.92      -0.775   0.0247406
          33       -0.92   -0.779394   0.0243784
          34       -0.92   -0.783529   0.0240094
          35       -0.92   -0.787429   0.0236371
          36       -0.92   -0.791111   0.0232644
          37       -0.92   -0.794595   0.0228935
          38       -0.92   -0.797895    0.022526
          39       -0.92   -0.801026    0.022163
          40       -0.92      -0.804   0.0218057
          41       -0.92   -0.806829   0.0214545
          42       -0.92   -0.809524   0.0211102
          43       -0.92   -0.812093   0.0207729
          44       -0.92   -0.814545   0.0204429
          45       -0.92   -0.816889   0.0201204
          46       -0.92    -0.81913   0.0198054
          47       -0.92   -0.821277   0.0194979
          48       -0.92   -0.823333   0.0191979
          49       -0.92   -0.825306   0.0189052
          50       -0.92     -0.8272   0.0186198
          51       -0.92    -0.82902   0.0183415
          52       -0.92   -0.830769   0.0180703
          53       -0.92   -0.832453   0.0178058
          54       -0.92   -0.834074    0.017548
          55       -0.92   -0.835636   0.0172967
          56       -0.92   -0.837143   0.0170517
          57       -0.92   -0.838596   0.0168128
          58       -0.92       -0.84   0.0165799
          59       -0.92   -0.841356   0.0163528
          60       -0.92   -0.842667   0.0161313
          61       -0.92   -0.843934   0.0159152
          62       -0.84   -0.843871   0.0156565
          63       -0.84    -0.84381   0.0154061
          64       -0.84    -0.84375   0.0151636
          65       -0.92   -0.844923   0.0149745
          66       -0.92   -0.846061   0.0147897
          67       -0.92   -0.847164    0.014609
          68       -0.92   -0.848235   0.0144324
          69       -0.92   -0.849275   0.0142597
          70          -1   -0.851429   0.0142185
          71          -1   -0.853521   0.0141721
          72          -1   -0.855556   0.0141212
          73          -1   -0.857534   0.0140663
          74          -1   -0.859459   0.0140078
          75          -1   -0.861333   0.0139463
          76          -1   -0.863158    0.013882
          77          -1   -0.864935   0.0138153
          78          -1   -0.866667   0.0137465
          79          -1   -0.868354   0.0136759
          80          -1       -0.87   0.0136038
          81          -1   -0.871605   0.0135303
          82          -1   -0.873171   0.0134557
          83          -1   -0.874699   0.0133802
          84          -1    -0.87619   0.0133038
          85          -1   -0.877647   0.0132268
          86          -1    -0.87907   0.0131493
          87          -1    -0.88046   0.0130714
          88          -1   -0.881818   0.0129932
          89          -1   -0.883146   0.0129148
          90          -1   -0.884444   0.0128363
          91          -1   -0.885714   0.0127579
          92          -1   -0.886957   0.0126794
          93          -1   -0.888172   0.0126011
          94          -1   -0.889362    0.012523
          95          -1   -0.890526   0.0124451
          96          -1   -0.891667   0.0123674
          97          -1   -0.892784   0.0122901
          98          -1   -0.893878   0.0122132
          99          -1   -0.894949   0.0121366
         100          -1      -0.896   0.0120605
         101          -1    -0.89703   0.0119848
         102          -1   -0.898039   0.0119095
         103          -1   -0.899029   0.0118348
         104          -1        -0.9   0.0117606
         105          -1   -0.900952   0.0116869
         106          -1   -0.901887   0.0116138
         107          -1   -0.902804   0.0115412
         108          -1   -0.903704   0.0114692
         109          -1   -0.904587   0.0113978
         110          -1   -0.905455    0.011327
         111          -1   -0.906306   0.0112568
         112          -1   -0.907143   0.0111871
         113          -1   -0.907965   0.0111181
         114          -1   -0.908772   0.0110497
         115          -1   -0.909565   0.0109818
         116          -1   -0.910345   0.0109146
         117          -1   -0.911111   0.0108481
         118          -1   -0.911864   0.0107821
         119          -1   -0.912605   0.0107167
         120          -1   -0.913333    0.010652
         121          -1    -0.91405   0.0105878
         122          -1   -0.914754   0.0105243
         123          -1   -0.915447   0.0104613
         124          -1   -0.916129    0.010399
         125          -1     -0.9168   0.0103373
         126          -1    -0.91746   0.0102761
         127          -1    -0.91811   0.0102156
         128          -1    -0.91875   0.0101557
         129          -1    -0.91938   0.0100963
         130          -1       -0.92   0.0100375
         131          -1   -0.920611  0.00997928
         132          -1   -0.921212  0.00992164
         133          -1   -0.921805  0.00986456
         134          -1   -0.922388  0.00980804
         135          -1   -0.922963  0.00975208
         136          -1   -0.923529  0.00969667
         137          -1   -0.924088   0.0096418
         138          -1   -0.924638  0.00958747
         139          -1    -0.92518  0.00953368
         140          -1   -0.925714  0.00948041
         141          -1   -0.926241  0.00942766
         142          -1   -0.926761  0.00937544
         143          -1   -0.927273  0.00932372
         144          -1   -0.927778  0.00927251
         145          -1   -0.928276   0.0092218
         146          -1   -0.928767  0.00917159
         147          -1   -0.929252  0.00912186
         148          -1    -0.92973  0.00907262
         149          -1   -0.930201  0.00902386
         150          -1   -0.930667  0.00897557
         151          -1   -0.931126  0.00892774
         152          -1   -0.931579  0.00888038
         153          -1   -0.932026  0.00883347
         154          -1   -0.932468  0.00878702
         155          -1   -0.932903  0.00874101
         156          -1   -0.933333  0.00869544
         157          -1   -0.933758  0.00865031
         158          -1   -0.934177   0.0086056
         159          -1   -0.934591  0.00856132
         160          -1      -0.935  0.00851746
         161          -1   -0.935404  0.00847402
         162          -1   -0.935802  0.00843098
         163          -1   -0.936196  0.00838835
         164          -1   -0.936585  0.00834611
         165          -1    -0.93697  0.00830428
         166          -1   -0.937349  0.00826283
         167          -1   -0.937725  0.00822176
         168          -1   -0.938095  0.00818108
         169          -1   -0.938462  0.00814077
         170          -1   -0.938824  0.00810084
         171          -1   -0.939181  0.00806127
         172          -1   -0.939535  0.00802206
         173          -1   -0.939884  0.00798321
         174          -1    -0.94023  0.00794471
         175          -1   -0.940571  0.00790656
         176          -1   -0.940909  0.00786876
         177          -1   -0.941243  0.00783129
         178          -1   -0.941573  0.00779417
         179          -1   -0.941899  0.00775737
         180          -1   -0.942222  0.00772091
         181          -1   -0.942541  0.00768476
         182          -1   -0.942857  0.00764894
         183          -1   -0.943169  0.00761343
         184          -1   -0.943478  0.00757824
         185          -1   -0.943784  0.00754336
         186          -1   -0.944086  0.00750878
         187          -1   -0.944385   0.0074745
         188          -1   -0.944681  0.00744052
         189          -1   -0.944974  0.00740683
         190          -1   -0.945263  0.00737343
         191          -1    -0.94555  0.00734032
         192          -1   -0.945833   0.0073075
         193          -1   -0.946114  0.00727495
         194          -1   -0.946392  0.00724268
         195          -1   -0.946667  0.00721069
         196          -1   -0.946939  0.00717896
         197          -1   -0.947208   0.0071475
         198          -1   -0.947475  0.00711631
         199          -1   -0.947739  0.00708538
         200          -1      -0.948   0.0070547
         201          -1   -0.948259  0.00702428
         202          -1   -0.948515  0.00699412
         203          -1   -0.948768   0.0069642
         204          -1    -0.94902  0.00693452
         205          -1   -0.949268  0.00690509
         206          -1   -0.949515   0.0068759
         207          -1   -0.949758  0.00684695
         208          -1       -0.95  0.00681823
         209          -1   -0.950239  0.00678975
         210          -1   -0.950476  0.00676149
         211          -1   -0.950711  0.00673346
         212          -1   -0.950943  0.00670566
         213          -1   -0.951174  0.00667807
         214          -1   -0.951402  0.00665071
         215          -1   -0.951628  0.00662356
         216          -1   -0.951852  0.00659663
         217          -1   -0.952074  0.00656991
         218          -1   -0.952294  0.00654339
         219          -1   -0.952511  0.00651709
         220          -1   -0.952727  0.00649099
         221          -1   -0.952941  0.00646509
         222          -1   -0.953153  0.00643939
         223          -1   -0.953363  0.00641389
         224          -1   -0.953571  0.00638859
         225          -1   -0.953778  0.00636348
         226          -1   -0.953982  0.00633856
         227          -1   -0.954185  0.00631383
         228          -1   -0.954386  0.00628928
         229          -1   -0.954585  0.00626493
         230          -1   -0.954783  0.00624075
         231          -1   -0.954978  0.00621676
         232          -1   -0.955172  0.00619295
         233          -1   -0.955365  0.00616931
         234          -1   -0.955556  0.00614585
         235          -1   -0.955745  0.00612257
         236          -1   -0.955932  0.00609945
         237          -1   -0.956118  0.00607651
         238          -1   -0.956303  0.00605373
         239          -1   -0.956485  0.00603112
         240          -1   -0.956667  0.00600867
         241          -1   -0.956846  0.00598639
         242          -1   -0.957025  0.00596427
         243          -1   -0.957202   0.0059423
         244          -1   -0.957377   0.0059205
         245          -1   -0.957551  0.00589885
         246          -1   -0.957724  0.00587736
         247          -1   -0.957895  0.00585601
         248          -1   -0.958065  0.00583482
         249          -1   -0.958233  0.00581378
         250          -1     -0.9584  0.00579289
         251          -1   -0.958566  0.00577215
         252          -1    -0.95873  0.00575155
         253          -1   -0.958893  0.00573109
         254          -1   -0.959055  0.00571077
         255          -1   -0.959216   0.0056906
         256          -1   -0.959375  0.00567057
         257          -1   -0.959533  0.00565067
         258          -1    -0.95969  0.00563091
         259          -1   -0.959846  0.00561129
         260          -1       -0.96   0.0055918
         261          -1   -0.960153  0.00557244
         262          -1   -0.960305  0.00555321
         263          -1   -0.960456  0.00553412
         264          -1   -0.960606  0.00551515
         265          -1   -0.960755  0.00549631
         266          -1   -0.960902  0.00547759
         267          -1   -0.961049    0.005459
         268          -1   -0.961194  0.00544054
         269          -1   -0.961338  0.00542219
         270          -1   -0.961481  0.00540397
         271          -1   -0.961624  0.00538587
         272          -1   -0.961765  0.00536789
         273          -1   -0.961905  0.00535002
         274          -1   -0.962044  0.00533227
         275          -1   -0.962182  0.00531464
         276          -1   -0.962319  0.00529712
         277          -1   -0.962455  0.00527972
         278          -1    -0.96259  0.00526242
         279          -1   -0.962724  0.00524524
         280          -1   -0.962857  0.00522817
         281          -1   -0.962989  0.00521121
         282          -1   -0.963121  0.00519435
         283          -1   -0.963251  0.00517761
         284          -1    -0.96338  0.00516097
         285          -1   -0.963509  0.00514443
         286          -1   -0.963636    0.005128
         287          -1   -0.963763  0.00511167
         288          -1   -0.963889  0.00509545
         289          -1   -0.964014  0.00507932
         290          -1   -0.964138   0.0050633
         291          -1   -0.964261  0.00504737
         292          -1   -0.964384  0.00503155
         293          -1   -0.964505  0.00501582
         294          -1   -0.964626  0.00500018
         295          -1   -0.964746  0.00498465
         296          -1   -0.964865  0.00496921
         297          -1   -0.964983  0.00495386
         298          -1   -0.965101  0.00493861
         299          -1   -0.965217  0.00492345
         300          -1   -0.965333  0.00490838
         301          -1   -0.965449   0.0048934
         302          -1   -0.965563  0.00487851
         303          -1   -0.965677  0.00486371
         304          -1   -0.965789    0.004849
         305          -1   -0.965902  0.00483438
         306          -1   -0.966013  0.00481984
         307          -1   -0.966124  0.00480539
         308          -1   -0.966234  0.00479103
         309          -1   -0.966343  0.00477675
         310          -1   -0.966452  0.00476255
         311          -1   -0.966559  0.00474844
         312          -1   -0.966667  0.00473441
         313          -1   -0.966773  0.00472046
         314          -1   -0.966879  0.00470659
         315          -1   -0.966984   0.0046928
         316          -1   -0.967089  0.00467909
         317          -1   -0.967192  0.00466547
         318          -1   -0.967296  0.00465192
         319          -1   -0.967398  0.00463844
         320          -1     -0.9675  0.00462505
         321          -1   -0.967601  0.00461173
         322          -1   -0.967702  0.00459848
         323          -1   -0.967802  0.00458532
         324          -1   -0.967901  0.00457222
         325          -1      -0.968   0.0045592
         326          -1   -0.968098  0.00454626
         327          -1   -0.968196  0.00453338
         328          -1   -0.968293  0.00452058
         329          -1   -0.968389  0.00450785
         330          -1   -0.968485  0.00449519
         331          -1    -0.96858   0.0044826
         332          -1   -0.968675  0.00447008
         333          -1   -0.968769  0.00445763
         334          -1   -0.968862  0.00444524
         335          -1   -0.968955  0.00443293
         336          -1   -0.969048  0.00442068
         337          -1   -0.969139   0.0044085
         338          -1   -0.969231  0.00439639
         339          -1   -0.969322  0.00438434
         340          -1   -0.969412  0.00437236
         341          -1   -0.969501  0.00436044
         342          -1   -0.969591  0.00434858
         343          -1   -0.969679  0.00433679
         344          -1   -0.969767  0.00432507
         345          -1   -0.969855   0.0043134
         346          -1   -0.969942   0.0043018
         347          -1   -0.970029  0.00429026
         348          -1   -0.970115  0.00427878
         349          -1   -0.970201  0.00426736
         350          -1   -0.970286    0.004256
         351          -1    -0.97037   0.0042447
         352          -1   -0.970455  0.00423347
         353          -1   -0.970538  0.00422229
         354          -1   -0.970621  0.00421116
         355          -1   -0.970704   0.0042001
         356          -1   -0.970787  0.00418909
         357          -1   -0.970868  0.00417814
         358          -1    -0.97095  0.00416725
         359          -1   -0.971031  0.00415642
         360          -1   -0.971111  0.00414563
         361          -1   -0.971191  0.00413491
         362          -1   -0.971271  0.00412424
         363          -1    -0.97135  0.00411362
         364          -1   -0.971429  0.00410306
         365          -1   -0.971507  0.00409255
         366          -1   -0.971585   0.0040821
         367          -1   -0.971662   0.0040717
         368          -1   -0.971739  0.00406135
         369          -1   -0.971816  0.00405105
         370          -1   -0.971892   0.0040408
         371          -1   -0.971968  0.00403061
         372          -1   -0.972043  0.00402047
         373          -1   -0.972118  0.00401037
         374          -1   -0.972193  0.00400033
         375          -1   -0.972267  0.00399034
         376          -1    -0.97234   0.0039804
         377          -1   -0.972414   0.0039705
         378          -1   -0.972487  0.00396066
         379          -1   -0.972559  0.00395086
         380          -1   -0.972632  0.00394111
         381          -1   -0.972703  0.00393141
         382          -1   -0.972775  0.00392175
         383          -1   -0.972846  0.00391215
         384          -1   -0.972917  0.00390259
         385          -1   -0.972987  0.00389307
         386          -1   -0.973057   0.0038836
         387          -1   -0.973127  0.00387418
         388          -1   -0.973196   0.0038648
         389          -1   -0.973265  0.00385547
         390          -1   -0.973333  0.00384618
         391          -1   -0.973402  0.00383694
         392          -1   -0.973469  0.00382774
         393          -1   -0.973537  0.00381859
         394          -1   -0.973604  0.00380947
         395          -1   -0.973671  0.00380041
         396          -1   -0.973737  0.00379138
         397          -1   -0.973804   0.0037824
         398          -1   -0.973869  0.00377345
         399          -1   -0.973935  0.00376456
         400          -1      -0.974   0.0037557
         401          -1   -0.974065  0.00374688
         402          -1   -0.974129  0.00373811
         403          -1   -0.974194  0.00372937
         404          -1   -0.974257  0.00372068
         405          -1   -0.974321  0.00371202
         406          -1   -0.974384  0.00370341
         407          -1   -0.974447  0.00369483
         408          -1    -0.97451   0.0036863
         409          -1   -0.974572   0.0036778
         410          -1   -0.974634  0.00366935
         411          -1   -0.974696  0.00366093
         412          -1   -0.974757  0.00365255
         413          -1   -0.974818  0.00364421
         414          -1   -0.974879   0.0036359
         415          -1    -0.97494  0.00362763
         416          -1      -0.975  0.00361941
         417          -1    -0.97506  0.00361121
         418          -1    -0.97512  0.00360306
         419          -1   -0.975179  0.00359494
         420          -1   -0.975238  0.00358686
         421          -1   -0.975297  0.00357881
         422          -1   -0.975355   0.0035708
         423          -1   -0.975414  0.00356282
         424          -1   -0.975472  0.00355488
         425          -1   -0.975529  0.00354698
         426          -1   -0.975587  0.00353911
         427          -1   -0.975644  0.00353127
         428          -1   -0.975701  0.00352347
         429          -1   -0.975758  0.00351571
         430          -1   -0.975814  0.00350797
         431          -1    -0.97587  0.00350027
         432          -1   -0.975926  0.00349261
         433          -1   -0.975982  0.00348498
         434          -1   -0.976037  0.00347738
         435          -1   -0.976092  0.00346981
         436          -1   -0.976147  0.00346228
         437          -1   -0.976201  0.00345478
         438          -1   -0.976256  0.00344731
         439          -1    -0.97631  0.00343987
         440          -1   -0.976364  0.00343247
         441          -1   -0.976417   0.0034251
         442          -1   -0.976471  0.00341776
         443          -1   -0.976524  0.00341045
         444          -1   -0.976577  0.00340317
         445          -1   -0.976629  0.00339592
         446          -1   -0.976682   0.0033887
         447          -1   -0.976734  0.00338151
         448          -1   -0.976786  0.00337436
         449          -1   -0.976837  0.00336723
         450          -1   -0.976889  0.00336013
         451          -1    -0.97694  0.00335307
         452          -1   -0.976991  0.00334603
         453          -1   -0.977042  0.00333902
         454          -1   -0.977093  0.00333204
         455          -1   -0.977143  0.00332509
         456          -1   -0.977193  0.00331817
         457          -1   -0.977243  0.00331128
         458          -1   -0.977293  0.00330441
         459          -1   -0.977342  0.00329758
         460          -1   -0.977391  0.00329077
         461          -1    -0.97744  0.00328399
         462          -1   -0.977489  0.00327724
         463          -1   -0.977538  0.00327051
         464          -1   -0.977586  0.00326382
         465          -1   -0.977634  0.00325715
         466          -1   -0.977682   0.0032505
         467          -1    -0.97773  0.00324389
         468          -1   -0.977778   0.0032373
         469          -1   -0.977825  0.00323074
         470          -1   -0.977872   0.0032242
         471          -1   -0.977919  0.00321769
         472          -1   -0.977966  0.00321121
         473          -1   -0.978013  0.00320475
         474          -1   -0.978059  0.00319832
         475          -1   -0.978105  0.00319191
         476          -1   -0.978151  0.00318553
         477          -1   -0.978197  0.00317918
         478          -1   -0.978243  0.00317284
         479          -1   -0.978288  0.00316654
         480          -1   -0.978333  0.00316026
         481          -1   -0.978378    0.003154
         482          -1   -0.978423  0.00314777
         483          -1   -0.978468  0.00314157
         484          -1   -0.978512  0.00313539
         485          -1   -0.978557  0.00312923
         486          -1   -0.978601  0.00312309
         487          -1   -0.978645  0.00311698
         488          -1   -0.978689   0.0031109
         489          -1   -0.978732  0.00310484
         490          -1   -0.978776   0.0030988
         491          -1   -0.978819  0.00309278
         492          -1   -0.978862  0.00308679
         493          -1   -0.978905  0.00308082
         494          -1   -0.978947  0.00307487
         495          -1    -0.97899  0.00306895
         496          -1   -0.979032  0.00306305
         497          -1   -0.979074  0.00305717
         498          -1   -0.979116  0.00305132
         499          -1   -0.979158  0.00304548
         500          -1     -0.9792  0.00303967
         501          -1   -0.979242  0.00303388
         502          -1   -0.979283  0.00302811
         503          -1   -0.979324  0.00302237
         504          -1   -0.979365  0.00301665
         505          -1   -0.979406  0.00301094
         506          -1   -0.979447  0.00300526
         507          -1   -0.979487   0.0029996
         508          -1   -0.979528  0.00299396
         509          -1   -0.979568  0.00298835
         510          -1   -0.979608  0.00298275
         511          -1   -0.979648  0.00297718
         512          -1   -0.979688  0.00297162
         513          -1   -0.979727  0.00296609
         514          -1   -0.979767  0.00296057
         515          -1   -0.979806  0.00295508
         516          -1   -0.979845  0.00294961
         517          -1   -0.979884  0.00294416
         518          -1   -0.979923  0.00293872
         519          -1   -0.979961  0.00293331
         520          -1       -0.98  0.00292792
         521          -1   -0.980038  0.00292254
         522          -1   -0.980077  0.00291719
         523          -1   -0.980115  0.00291186
         524          -1   -0.980153  0.00290654
         525          -1    -0.98019  0.00290125
         526          -1   -0.980228  0.00289597
         527          -1   -0.980266  0.00289071
         528          -1   -0.980303  0.00288548
         529          -1    -0.98034  0.00288026
         530          -1   -0.980377  0.00287506
         531          -1   -0.980414  0.00286988
         532          -1   -0.980451  0.00286471
         533          -1   -0.980488  0.00285957
         534          -1   -0.980524  0.00285444
         535          -1   -0.980561  0.00284933
         536          -1   -0.980597  0.00284424
         537          -1   -0.980633  0.00283917
         538          -1   -0.980669  0.00283412
         539          -1   -0.980705  0.00282908
         540          -1   -0.980741  0.00282407
         541          -1   -0.980776  0.00281907
         542          -1   -0.980812  0.00281408
         543          -1   -0.980847  0.00280912
         544          -1   -0.980882  0.00280417
         545          -1   -0.980917  0.00279924
         546          -1   -0.980952  0.00279433
         547          -1   -0.980987  0.00278943
         548          -1   -0.981022  0.00278455
         549          -1   -0.981056  0.00277969
         550          -1   -0.981091  0.00277485
         551          -1   -0.981125  0.00277002
         552          -1   -0.981159  0.00276521
         553          -1   -0.981193  0.00276041
         554          -1   -0.981227  0.00275563
         555          -1   -0.981261  0.00275087
         556          -1   -0.981295  0.00274613
         557          -1   -0.981329   0.0027414
         558          -1   -0.981362  0.00273669
         559          -1   -0.981395  0.00273199
         560          -1   -0.981429  0.00272731
         561          -1   -0.981462  0.00272264
         562          -1   -0.981495  0.00271799
         563          -1   -0.981528  0.00271336
         564          -1    -0.98156  0.00270874
         565          -1   -0.981593  0.00270414
         566          -1   -0.981625  0.00269956
         567          -1   -0.981658  0.00269499
         568          -1    -0.98169  0.00269043
         569          -1   -0.981722  0.00268589
         570          -1   -0.981754  0.00268137
         571          -1   -0.981786  0.00267686
         572          -1   -0.981818  0.00267236
         573       -0.92    -0.98171  0.00266988
         574          -1   -0.981742  0.00266541
         575          -1   -0.981774  0.00266096
         576          -1   -0.981806  0.00265653
         577          -1   -0.981837  0.00265211
         578          -1   -0.981869   0.0026477
         579          -1     -0.9819  0.00264331
         580          -1   -0.981931  0.00263893
         581          -1   -0.981962  0.00263457
         582          -1   -0.981993  0.00263022
         583          -1   -0.982024  0.00262589
         584          -1   -0.982055  0.00262157
         585          -1   -0.982085  0.00261726
         586          -1   -0.982116  0.00261297
         587          -1   -0.982147  0.00260869
         588          -1   -0.982177  0.00260443
         589          -1   -0.982207  0.00260018
         590          -1   -0.982237  0.00259595
         591          -1   -0.982267  0.00259172
         592          -1   -0.982297  0.00258752
         593          -1   -0.982327  0.00258332
         594          -1   -0.982357  0.00257914
         595          -1   -0.982387  0.00257497
         596          -1   -0.982416  0.00257082
         597          -1   -0.982446  0.00256668
         598          -1   -0.982475  0.00256255
         599          -1   -0.982504  0.00255844
         600       -0.92     -0.9824  0.00255629
         601       -0.92   -0.982296  0.00255415
         602       -0.92   -0.982193    0.002552
         603       -0.92    -0.98209  0.00254985
         604       -0.92   -0.981987   0.0025477
         605       -0.92   -0.981884  0.00254555
         606       -0.92   -0.981782  0.00254339
         607       -0.92    -0.98168  0.00254124
         608       -0.92   -0.981579  0.00253908
         609       -0.92   -0.981478  0.00253693
         610       -0.92   -0.981377  0.00253477
         611       -0.92   -0.981277  0.00253261
         612       -0.92   -0.981176  0.00253045
         613       -0.92   -0.981077  0.00252829
         614       -0.92   -0.980977  0.00252613
         615       -0.84   -0.980748  0.00253241
         616       -0.92   -0.980649  0.00253022
         617       -0.92   -0.980551  0.00252803
         618       -0.92   -0.980453  0.00252584
         619       -0.92   -0.980355  0.00252364
         620       -0.92   -0.980258  0.00252145
         621       -0.92   -0.980161  0.00251925
         622       -0.92   -0.980064  0.00251706
         623       -0.92   -0.979968  0.00251486
         624       -0.92   -0.979872  0.00251267
         625       -0.92   -0.979776  0.00251047
         626       -0.92   -0.979681  0.00250828
         627       -0.92   -0.979585  0.00250608
         628       -0.92    -0.97949  0.00250389
         629       -0.92   -0.979396  0.00250169
         630       -0.92   -0.979302   0.0024995
         631       -0.92   -0.979208   0.0024973
         632       -0.92   -0.979114  0.00249511
         633       -0.92   -0.979021  0.00249291
         634       -0.92   -0.978927  0.00249072
         635       -0.92   -0.978835  0.00248852
         636       -0.92   -0.978742  0.00248633
         637       -0.92    -0.97865  0.00248413
         638       -0.92   -0.978558  0.00248194
         639       -0.92   -0.978466  0.00247975
         640          -1     -0.9785   0.0024761
         641          -1   -0.978534  0.00247246
         642          -1   -0.978567  0.00246883
         643          -1     -0.9786  0.00246522
         644          -1   -0.978634  0.00246161
         645          -1   -0.978667  0.00245801
         646          -1     -0.9787  0.00245443
         647          -1   -0.978733  0.00245085
         648          -1   -0.978765  0.00244729
         649          -1   -0.978798  0.00244373
         650          -1   -0.978831  0.00244019
         651          -1   -0.978863  0.00243665
         652          -1   -0.978896  0.00243313
         653          -1   -0.978928  0.00242961
         654          -1    -0.97896  0.00242611
         655          -1   -0.978992  0.00242262
         656          -1   -0.979024  0.00241913
         657          -1   -0.979056  0.00241566
         658          -1   -0.979088   0.0024122
         659          -1    -0.97912  0.00240874
         660          -1   -0.979152   0.0024053
         661          -1   -0.979183  0.00240186
         662          -1   -0.979215  0.00239844
         663          -1   -0.979246  0.00239502
         664          -1   -0.979277  0.00239162
         665          -1   -0.979308  0.00238822
         666          -1   -0.979339  0.00238483
         667          -1    -0.97937  0.00238146
         668          -1   -0.979401  0.00237809
         669          -1   -0.979432  0.00237473
         670          -1   -0.979463  0.00237139
         671          -1   -0.979493  0.00236805
         672          -1   -0.979524  0.00236472
         673          -1   -0.979554   0.0023614
         674          -1   -0.979585  0.00235809
         675          -1   -0.979615  0.00235478
         676          -1   -0.979645  0.00235149
         677          -1   -0.979675  0.00234821
         678          -1   -0.979705  0.00234493
         679          -1   -0.979735  0.00234167
         680          -1   -0.979765  0.00233841
         681          -1   -0.979794  0.00233516
         682          -1   -0.979824  0.00233193
         683          -1   -0.979854   0.0023287
         684          -1   -0.979883  0.00232548
         685          -1   -0.979912  0.00232226
         686          -1   -0.979942  0.00231906
         687          -1   -0.979971  0.00231587
         688          -1       -0.98  0.00231268
         689          -1   -0.980029  0.00230951
         690          -1   -0.980058  0.00230634
         691          -1   -0.980087  0.00230318
         692          -1   -0.980116  0.00230003
         693          -1   -0.980144  0.00229689
         694          -1   -0.980173  0.00229375
         695          -1   -0.980201  0.00229063
         696          -1    -0.98023  0.00228751
         697          -1   -0.980258   0.0022844
         698          -1   -0.980287   0.0022813
         699          -1   -0.980315  0.00227821
         700          -1   -0.980343  0.00227513
         701          -1   -0.980371  0.00227205
         702          -1   -0.980399  0.00226899
         703          -1   -0.980427  0.00226593
         704          -1   -0.980455  0.00226288
         705          -1   -0.980482  0.00225984
         706          -1    -0.98051   0.0022568
         707          -1   -0.980537  0.00225378
         708          -1   -0.980565  0.00225076
         709          -1   -0.980592  0.00224775
         710          -1    -0.98062  0.00224475
         711          -1   -0.980647  0.00224175
         712          -1   -0.980674  0.00223877
         713          -1   -0.980701  0.00223579
         714          -1   -0.980728  0.00223282
         715          -1   -0.980755  0.00222986
         716          -1   -0.980782   0.0022269
         717          -1   -0.980809  0.00222396
         718          -1   -0.980836  0.00222102
         719          -1   -0.980862  0.00221809
         720          -1   -0.980889  0.00221516
         721          -1   -0.980915  0.00221225
         722          -1   -0.980942  0.00220934
         723          -1   -0.980968  0.00220644
         724          -1   -0.980994  0.00220355
         725          -1   -0.981021  0.00220066
         726          -1   -0.981047  0.00219778
         727          -1   -0.981073  0.00219491
         728          -1   -0.981099  0.00219205
         729          -1   -0.981125   0.0021892
         730          -1   -0.981151  0.00218635
         731          -1   -0.981176  0.00218351
         732          -1   -0.981202  0.00218067
         733          -1   -0.981228  0.00217785
         734          -1   -0.981253  0.00217503
         735          -1   -0.981279  0.00217222
         736          -1   -0.981304  0.00216941
         737          -1    -0.98133  0.00216662
         738          -1   -0.981355  0.00216383
         739          -1    -0.98138  0.00216104
         740          -1   -0.981405  0.00215827
         741          -1    -0.98143   0.0021555
         742          -1   -0.981456  0.00215274
         743          -1    -0.98148  0.00214998
         744          -1   -0.981505  0.00214724
         745          -1    -0.98153   0.0021445
         746          -1   -0.981555  0.00214176
         747          -1    -0.98158  0.00213904
         748          -1   -0.981604  0.00213632
         749          -1   -0.981629   0.0021336
         750          -1   -0.981653   0.0021309
         751          -1   -0.981678   0.0021282
         752          -1   -0.981702  0.00212551
         753          -1   -0.981726  0.00212282
         754          -1   -0.981751  0.00212014
         755          -1   -0.981775  0.00211747
         756          -1   -0.981799   0.0021148
         757          -1   -0.981823  0.00211215
         758          -1   -0.981847  0.00210949
         759          -1   -0.981871  0.00210685
         760          -1   -0.981895  0.00210421
         761          -1   -0.981919  0.00210158
         762          -1   -0.981942  0.00209895
         763          -1   -0.981966  0.00209633
         764          -1    -0.98199  0.00209372
         765          -1   -0.982013  0.00209111
         766          -1   -0.982037  0.00208851
         767          -1    -0.98206  0.00208592
         768          -1   -0.982083  0.00208333
         769          -1   -0.982107  0.00208075
         770          -1    -0.98213  0.00207818
         771          -1   -0.982153  0.00207561
         772          -1   -0.982176  0.00207305
         773          -1   -0.982199  0.00207049
         774          -1   -0.982222  0.00206795
         775          -1   -0.982245   0.0020654
         776          -1   -0.982268  0.00206287
         777          -1   -0.982291  0.00206034
         778          -1   -0.982314  0.00205781
         779          -1   -0.982336  0.00205529
         780          -1   -0.982359  0.00205278
         781          -1   -0.982382  0.00205028
         782          -1   -0.982404  0.00204778
         783          -1   -0.982427  0.00204528
         784          -1   -0.982449   0.0020428
         785          -1   -0.982471  0.00204031
         786          -1   -0.982494  0.00203784
         787          -1   -0.982516  0.00203537
         788          -1   -0.982538  0.00203291
         789          -1    -0.98256  0.00203045
         790          -1   -0.982582    0.002028
         791          -1   -0.982604  0.00202555
         792          -1   -0.982626  0.00202311
         793          -1   -0.982648  0.00202068
         794          -1    -0.98267  0.00201825
         795          -1   -0.982692  0.00201583
         796          -1   -0.982714  0.00201341
         797          -1   -0.982735    0.002011
         798          -1   -0.982757  0.00200859
         799          -1   -0.982778  0.00200619
         800          -1     -0.9828   0.0020038
         801          -1   -0.982821  0.00200141
         802          -1   -0.982843  0.00199903
         803          -1   -0.982864  0.00199665
         804          -1   -0.982886  0.00199428
         805          -1   -0.982907  0.00199192
         806          -1   -0.982928  0.00198956
         807          -1   -0.982949   0.0019872
         808          -1    -0.98297  0.00198485
         809          -1   -0.982991  0.00198251
         810          -1   -0.983012  0.00198017
         811          -1   -0.983033  0.00197784
         812          -1   -0.983054  0.00197551
         813          -1   -0.983075  0.00197319
         814          -1   -0.983096  0.00197088
         815          -1   -0.983117  0.00196857
         816          -1   -0.983137  0.00196626
         817          -1   -0.983158  0.00196396
         818          -1   -0.983178  0.00196167
         819          -1   -0.983199  0.00195938
         820          -1    -0.98322   0.0019571
         821          -1    -0.98324  0.00195482
         822          -1    -0.98326  0.00195254
         823          -1   -0.983281  0.00195028
         824          -1   -0.983301  0.00194801
         825          -1   -0.983321  0.00194576
         826          -1   -0.983341   0.0019435
         827          -1   -0.983362  0.00194126
         828          -1   -0.983382  0.00193902
         829          -1   -0.983402  0.00193678
         830          -1   -0.983422  0.00193455
         831          -1   -0.983442  0.00193232
         832          -1   -0.983462   0.0019301
         833          -1   -0.983481  0.00192788
         834          -1   -0.983501  0.00192567
         835          -1   -0.983521  0.00192347
         836          -1   -0.983541  0.00192126
         837          -1    -0.98356  0.00191907
         838       -0.92   -0.983484  0.00191828
         839       -0.92   -0.983409  0.00191748
         840       -0.92   -0.983333  0.00191669
         841       -0.92   -0.983258  0.00191589
         842          -1   -0.983278  0.00191371
         843          -1   -0.983298  0.00191154
         844          -1   -0.983318  0.00190938
         845          -1   -0.983337  0.00190722
         846          -1   -0.983357  0.00190507
         847          -1   -0.983377  0.00190292
         848          -1   -0.983396  0.00190077
         849          -1   -0.983416  0.00189864
         850          -1   -0.983435   0.0018965
         851          -1   -0.983455  0.00189437
         852          -1   -0.983474  0.00189225
         853          -1   -0.983494  0.00189013
         854          -1   -0.983513  0.00188801
         855          -1   -0.983532   0.0018859
         856          -1   -0.983551  0.00188379
         857          -1   -0.983571  0.00188169
         858          -1    -0.98359  0.00187959
         859          -1   -0.983609   0.0018775
         860          -1   -0.983628  0.00187541
         861          -1   -0.983647  0.00187333
         862          -1   -0.983666  0.00187125
         863          -1   -0.983685  0.00186918
         864          -1   -0.983704  0.00186711
         865          -1   -0.983723  0.00186505
         866          -1   -0.983741  0.00186299
         867          -1    -0.98376  0.00186093
         868          -1   -0.983779  0.00185888
         869          -1   -0.983797  0.00185683
         870          -1   -0.983816  0.00185479
         871          -1   -0.983835  0.00185275
         872          -1   -0.983853  0.00185072
         873          -1   -0.983872  0.00184869
         874          -1    -0.98389  0.00184667
         875          -1   -0.983909  0.00184465
         876          -1   -0.983927  0.00184263
         877          -1   -0.983945  0.00184062
         878          -1   -0.983964  0.00183861
         879          -1   -0.983982  0.00183661
         880          -1      -0.984  0.00183461
         881          -1   -0.984018  0.00183262
         882          -1   -0.984036  0.00183063
         883          -1   -0.984054  0.00182865
         884          -1   -0.984072  0.00182667
         885          -1    -0.98409  0.00182469
         886          -1   -0.984108  0.00182272
         887          -1   -0.984126  0.00182075
         888          -1   -0.984144  0.00181879
         889          -1   -0.984162  0.00181683
         890          -1    -0.98418  0.00181487
         891          -1   -0.984198  0.00181292
         892          -1   -0.984215  0.00181097
         893          -1   -0.984233  0.00180903
         894          -1   -0.984251  0.00180709
         895          -1   -0.984268  0.00180516
         896          -1   -0.984286  0.00180323
         897          -1   -0.984303   0.0018013
         898          -1   -0.984321  0.00179938
         899          -1   -0.984338  0.00179746
         900          -1   -0.984356  0.00179555
         901          -1   -0.984373  0.00179364
         902          -1    -0.98439  0.00179173
         903          -1   -0.984408  0.00178983
         904          -1   -0.984425  0.00178793
         905          -1   -0.984442  0.00178604
         906          -1   -0.984459  0.00178415
         907          -1   -0.984476  0.00178226
         908          -1   -0.984493  0.00178038
         909          -1    -0.98451   0.0017785
         910          -1   -0.984527  0.00177663
         911          -1   -0.984544  0.00177476
         912          -1   -0.984561  0.00177289
         913          -1   -0.984578  0.00177103
         914          -1   -0.984595  0.00176917
         915          -1   -0.984612  0.00176732
         916          -1   -0.984629  0.00176547
         917          -1   -0.984646  0.00176362
         918          -1   -0.984662  0.00176178
         919          -1   -0.984679  0.00175994
         920          -1   -0.984696   0.0017581
         921          -1   -0.984712  0.00175627
         922          -1   -0.984729  0.00175444
         923          -1   -0.984745  0.00175262
         924          -1   -0.984762   0.0017508
         925          -1   -0.984778  0.00174898
         926          -1   -0.984795  0.00174717
         927          -1   -0.984811  0.00174536
         928          -1   -0.984828  0.00174356
         929          -1   -0.984844  0.00174176
         930          -1    -0.98486  0.00173996
         931          -1   -0.984876  0.00173816
         932          -1   -0.984893  0.00173637
         933          -1   -0.984909  0.00173459
         934          -1   -0.984925  0.00173281
         935          -1   -0.984941  0.00173103
         936          -1   -0.984957  0.00172925
         937          -1   -0.984973  0.00172748
         938          -1   -0.984989  0.00172571
         939          -1   -0.985005  0.00172395
         940          -1   -0.985021  0.00172218
         941          -1   -0.985037  0.00172043
         942          -1   -0.985053  0.00171867
         943          -1   -0.985069  0.00171692
         944          -1   -0.985085  0.00171518
         945          -1   -0.985101  0.00171343
         946          -1   -0.985116  0.00171169
         947          -1   -0.985132  0.00170996
         948          -1   -0.985148  0.00170822
         949          -1   -0.985163   0.0017065
         950          -1   -0.985179  0.00170477
         951          -1   -0.985195  0.00170305
         952          -1    -0.98521  0.00170133
         953          -1   -0.985226  0.00169961
         954          -1   -0.985241   0.0016979
         955          -1   -0.985257  0.00169619
         956          -1   -0.985272  0.00169449
         957          -1   -0.985287  0.00169279
         958          -1   -0.985303  0.00169109
         959          -1   -0.985318  0.00168939
         960       -0.92    -0.98525    0.001689
         961          -1   -0.985265  0.00168731
         962          -1   -0.985281  0.00168563
         963          -1   -0.985296  0.00168395
         964          -1   -0.985311  0.00168227
         965          -1   -0.985326  0.00168059
         966          -1   -0.985342  0.00167892
         967          -1   -0.985357  0.00167725
         968          -1   -0.985372  0.00167559
         969          -1   -0.985387  0.00167393
         970          -1   -0.985402  0.00167227
         971          -1   -0.985417  0.00167061
         972          -1   -0.985432  0.00166896
         973          -1   -0.985447  0.00166731
         974          -1   -0.985462  0.00166566
         975          -1   -0.985477  0.00166402
         976          -1   -0.985492  0.00166238
         977          -1   -0.985507  0.00166075
         978          -1   -0.985521  0.00165911
         979          -1   -0.985536  0.00165748
         980          -1   -0.985551  0.00165586
         981          -1   -0.985566  0.00165424
         982          -1    -0.98558  0.00165262
         983          -1   -0.985595    0.001651
         984          -1    -0.98561  0.00164938
         985          -1   -0.985624  0.00164777
         986          -1   -0.985639  0.00164617
         987          -1   -0.985653  0.00164456
         988          -1   -0.985668  0.00164296
         989          -1   -0.985683  0.00164136
         990          -1   -0.985697  0.00163977
         991          -1   -0.985711  0.00163818
         992          -1   -0.985726  0.00163659
         993          -1    -0.98574    0.001635
         994          -1   -0.985755  0.00163342
         995          -1   -0.985769  0.00163184
         996          -1   -0.985783  0.00163026
         997          -1   -0.985797  0.00162869
         998          -1   -0.985812  0.00162712
         999          -1   -0.985826  0.00162555
        1000          -1    -0.98584  0.00162399
