2.86526
2.79255
2.716
2.83179
3.26021
2.76147
2.95101
2.51896
2.90293
3.09727
3.31761
4.09695
4.28747
4.31585
4.59405
3.62421
4.27408
4.46348
3.87871
3.83867
4.74186
5.34644
4.55718
4.47346
5.13497
4.50375
4.22642
4.81768
4.005
4.48758
5.72675
5.37159
5.59999
4.96635
5.19675
5.16776
5.28234
5.64501
5.45991
5.36143
6.23644
5.98737
5.66607
5.66999
6.12173
6.19357
5.97911
6.28268
6.04246
6.20869
6.75442
6.26153
6.71242
6.666
6.38808
6.83069
6.47148
7.17474
6.7069
6.15363
7.68205
6.75198
7.00141
6.88511
7.0176
7.11186
6.92252
7.58584
6.66909
6.73661
7.80053
8.37981
8.26012
7.78251
7.80785
7.2901
7.64644
8.37419
7.86865
7.80774
8.77492
8.54462
8.50157
8.32149
8.28741
9.17725
8.35013
8.33158
8.53127
8.02735
9.29047
8.67305
9.6811
9.41465
9.30606
10.2267
9.54547
9.97553
8.74872
9.1321
