2.88916
3.04073
3.37659
3.08469
2.32809
2.58576
2.51608
2.82838
3.00656
2.88226
3.89055
3.46691
3.82653
3.21742
4.02125
4.12466
3.39568
3.63481
4.31134
4.13048
4.25785
5.21762
3.92789
4.67774
4.58935
4.5231
4.57222
4.49936
4.94677
4.06883
5.56597
5.41977
5.62587
5.91413
5.68835
5.94811
5.25658
5.0495
5.58138
5.86293
6.44664
6.42609
5.86137
6.43326
6.36889
5.85535
5.95849
6.09502
6.58553
6.38703
6.99243
6.87728
6.80991
7.77579
6.93609
6.89599
7.83718
6.99096
6.783
6.69377
8.59017
8.25515
7.41408
7.93643
7.28614
7.90296
7.95384
7.82053
8.54136
7.91804
7.96307
9.54778
9.87242
9.90063
8.86566
8.95886
8.65161
9.70596
8.61146
8.79343
10.2146
9.91228
9.99807
10.8916
10.8963
10.8117
10.9889
9.84611
10.8388
10.6075
10.993
11.9095
12.3549
11.7723
12.7426
11.5951
12.6652
11.9911
12.7529
10.8787
