99.7934
99.7934
99.8532
99.8532
99.8532
99.8532
99.9031
98.6311
98.7412
99.0234
98.1231
98.1231
98.1231
97.1754
97.1754
95.1959
94.4285
94.4285
94.4285
95.178
94.3786
94.3786
93.9134
92.6282
92.3739
92.3739
91.1224
91.1224
90.7766
89.8986
89.8986
89.8986
88.55
89.4973
88.4688
88.4688
88.2457
88.2457
87.4984
87.2466
85.9929
85.9929
85.9706
85.8566
86.3516
86.2577
87.1166
85.9564
85.9564
85.9564
86.0237
86.0237
85.6279
85.2038
84.6621
83.7661
83.7661
83.5437
83.5437
83.5437
83.5437
83.5437
83.5437
83.5437
83.727
83.8051
82.4121
83.2101
82.6077
83.1611
83.1283
83.1283
83.4378
83.4378
83.5775
83.5775
82.3892
82.3892
82.4376
82.7022
82.532
82.6813
82.4315
82.843
82.2859
82.2859
81.807
81.807
82.2276
81.2475
81.2475
81.3759
79.7785
79.7785
79.7785
79.7785
79.2213
79.2097
77.4077
77.4077
77.2841
76.2968
75.5051
75.5051
76.0865
76.137
76.8214
76.8214
76.7368
76.8031
76.7494
75.6608
75.6608
75.6608
75.6608
75.6845
76.0234
75.5696
74.2704
72.9192
73.1635
73.6577
73.8908
73.8908
74.2034
74.3539
72.52
72.52
72.4521
71.5467
71.5467
70.9556
70.9556
70.9556
70.9556
70.7534
69.8557
70.1704
69.6784
69.6784
69.6784
69.8931
68.5238
68.5238
68.5238
68.4366
68.669
68.669
68.669
68.669
68.1541
67.8182
66.1092
66.0679
67.5965
66.7237
66.7237
67.0011
66.8561
66.8561
66.8561
66.8561
66.8561
66.4782
66.4084
64.3144
63.3404
63.3404
63.3404
63.3404
63.1403
62.6232
61.8678
61.2317
60.2389
61.0165
61.0165
60.799
60.799
60.5411
60.8877
60.5517
59.4165
59.7685
60.5373
60.5373
58.4647
58.4432
58.4432
58.4432
58.4432
58.4432
58.4432
57.672
56.4175
56.3037
56.3037
56.3632
54.9814
52.6504
51.5501
51.0288
50.8686
50.6859
50.4288
48.79
48.1711
47.9855
47.9855
47.556
47.375
47.375
47.8264
47.6418
47.6418
47.1322
47.1322
46.9292
46.7928
46.6166
46.2766
46.3102
45.3202
45.3202
45.2605
45.2605
45.6384
45.2534
45.736
44.0446
43.1627
42.8439
42.51
42.51
43.5114
41.9881
40.8641
40.8641
41.5573
41.0829
39.5566
39.2086
38.7005
38.4851
38.4851
37.6833
37.1832
37.1832
36.8573
36.4078
36.6011
35.6855
35.6855
35.873
36.5355
35.8968
36.1544
36.0875
36.0875
35.6086
35.6086
34.9692
34.1653
34.1653
34.1653
33.6521
33.7944
33.7944
33.7944
33.0354
32.4799
32.4199
32.3584
32.2313
32.2313
31.4772
29.9335
29.2324
29.9866
30.0455
30.4234
30.4234
30.4234
30.4234
29.4704
29.9217
29.9217
29.1336
28.1301
28.0206
27.3579
27.3579
26.6128
26.119
24.8133
24.8133
24.8133
24.8133
24.8133
24.7169
24.7242
23.6538
23.5837
23.5837
23.5558
23.4372
23.4372
22.5908
21.3791
21.3791
21.4088
20.9938
20.7309
19.0909
19.9786
20.0095
20.0095
19.2797
18.0616
18.3255
18.2525
18.178
18.1496
18.2901
17.7511
17.7511
17.0186
17.0186
16.6283
16.4462
15.9893
15.9893
16.1279
15.9973
14.9198
14.6549
14.3067
14.3067
13.7581
13.7581
13.5891
13.5891
13.942
13.942
13.4783
12.2622
12.2622
12.5931
11.934
11.934
12.3839
12.5391
12.5391
12.8527
12.4869
12.3669
12.5941
11.8879
11.8879
12.0461
12.0461
12.3397
11.9524
11.7425
12.5773
12.562
12.4423
12.372
12.0626
12.1135
12.1135
11.2108
11.2108
11.3302
10.4616
9.58262
9.85297
9.85297
9.08667
8.28609
8.28609
7.18047
7.18047
7.16117
7.16117
7.16117
7.33692
6.8427
6.65739
6.65739
6.65739
6.65739
6.65739
6.65739
6.65739
6.84396
6.84409
6.84409
6.63223
7.17331
7.35583
6.66109
5.90692
5.90692
5.36556
5.36556
5.36556
5.85285
5.5615
6.35584
6.35584
6.35584
6.21609
6.21609
5.89242
5.52063
5.0255
6.01099
6.01099
5.62072
4.51139
4.51139
3.54694
4.02722
4.02722
4.02722
4.02722
3.60561
3.37426
3.37426
3.37426
3.37426
3.37426
3.37426
2.46458
2.71404
3.04915
2.98166
1.90337
2.03084
1.58328
1.58328
1.0662
1.0662
0.607301
1.19637
1.19637
1.19637
0.77027
2.31124
2.30885
2.67922
2.67922
2.83124
2.29422
2.29422
1.93823
1.63241
1.63241
1.73927
1.37706
2.01118
2.01118
2.31023
2.31023
2.31023
2.48704
2.48704
2.45719
2.45719
2.5203
2.5203
2.14401
2.14401
1.26631
1.57539
1.97638
1.35373
1.35373
0.991757
0.584432
0.584432
0.584432
0.584432
0.584432
1.29258
1.29258
1.29258
1.75775
1.75775
1.79526
1.25416
1.25416
1.02999
0.812575
1.02978
1.02978
1.02978
1.02978
1.02978
1.02978
1.02978
1.02978
1.10316
1.10316
1.0102
1.0102
1.0102
1.22162
1.22162
1.22162
1.22162
1.62026
1.62026
0.637783
0.637783
0.637783
0.637783
0.637783
0.637783
0.637783
0.637783
0.637783
0.637783
0.637783
0.637783
0.637783
0.637783
0.918766
0.918766
0.918766
0.867346
0.867346
0.867346
0.867346
1.61892
1.21273
1.21273
1.21273
1.21273
1.21273
1.3442
1.61118
1.61118
1.14759
1.14759
2.54133
2.30221
1.71123
1.7176
1.7176
1.7176
1.59584
0.9436
0.9436
0.9436
1.36357
1.71483
1.71483
1.71483
1.71483
1.71483
1.18743
1.38747
1.38747
1.38747
1.25033
1.25033
1.6479
1.6479
0.890067
1.34894
0.912348
1.2986
1.2986
1.01923
2.0157
2.20045
2.20045
1.7051
2.06005
2.56202
2.56202
1.82649
1.82649
1.82649
1.69943
1.69943
1.69943
1.93276
1.78389
1.32785
1.48895
0.940182
0.940182
0.940182
0.795139
0.947132
0.947132
0.947132
1.1049
1.32472
0.940031
0.940031
0.940031
0.940031
0.947456
0.947456
0.770224
0.770224
0.770224
0.770224
0.770224
1.43239
1.00465
1.4167
1.4167
1.4167
1.4167
1.4167
1.4167
1.4167
1.39902
1.39902
1.39902
0.462932
1.20466
1.85083
1.27453
1.27453
1.73997
2.22942
1.69356
1.69356
1.69356
1.69356
1.69356
1.69356
1.69356
1.69356
1.80104
1.59909
1.59909
1.43815
1.43815
1.04594
0.941505
0.941505
0.244163
0.244163
0.244163
0.244163
0.244163
0.244163
0.244163
0.244163
0.244163
0.60605
0.60605
0.60605
0.60605
0.60605
0.60605
0.60605
0.60605
0.60605
0.60605
0.60605
1.52911
1.52911
1.29399
1.05409
1.05409
1.30728
1.96067
1.96067
1.76146
1.37246
1.76358
0.99273
0.746685
0.746685
0.892895
0.892895
0.892895
0.892895
0.892895
0.892895
0.892895
0.892895
0.892895
0.892895
0.892895
0.892895
0.902024
0.902024
0.902024
1.34326
1.34326
2.0783
2.0783
2.0783
1.72585
1.72585
1.72585
1.40774
1.04719
1.04719
1.04719
1.04719
1.36365
1.36365
1.03935
1.1102
1.1102
1.1102
1.1102
1.1102
1.1102
1.1102
1.02531
0.67849
0.67849
0.67849
0.67849
0.67849
0.67849
0.67849
0.44728
0.713306
0.713306
0.713306
0.713306
1.51103
1.51103
1.30855
1.31081
1.46569
0.947001
0.947001
0.947001
0.933361
0.933361
0.933361
1.12873
1.12873
1.12873
0.706485
0.706485
0.706485
0.706485
0.706485
0.706485
0.706485
1.11253
1.11253
0.960801
1.29885
1.29885
1.29885
1.1061
1.1061
1.1061
1.1061
1.1061
1.1061
1.37433
1.42914
1.42914
0.724342
0.711753
0.711753
0.996644
1.42362
1.18546
1.18546
1.0757
1.46907
1.46907
1.20265
1.20265
1.20265
1.30721
1.30721
1.30721
1.30721
1.30721
1.30721
1.45343
1.45343
1.45343
0.837837
1.61326
1.61326
1.0481
1.1238
1.29491
0.557254
1.11738
1.0286
1.95005
0.553822
0.553822
0.613621
0.539935
0.539935
0.539935
0.539935
0.539935
0.616469
0.616469
0.785856
0.785856
0.68782
1.88479
1.88479
1.40675
2.31687
2.31687
2.31687
2.35308
1.32113
1.5918
1.56796
1.24417
0.805023
1.09323
1.09323
1.09323
1.27721
1.27721
1.27721
1.27721
1.47563
1.47563
1.47563
1.5452
1.5452
1.5452
1.24884
1.24884
1.06184
1.06184
1.31883
1.74546
1.74546
1.7829
1.7829
1.7829
0.934721
0.5595
0.5595
0.5595
0.478749
0.476729
0.476729
0.769561
0.769561
0.769561
0.955511
0.955511
0.919045
2.37151
2.23824
2.23824
2.20568
2.20568
2.29782
2.29782
2.29782
2.07146
1.49791
1.49791
1.3532
1.3532
1.3532
1.3532
1.3532
1.82368
1.82368
1.33174
1.88346
1.45736
1.45736
1.45736
1.81436
2.23178
2.23178
1.37044
1.42709
1.42709
1.24003
1.24003
1.24003
1.24003
1.24003
1.24003
1.24003
1.24003
1.03663
1.43023
1.3987
1.3987
1.3987
1.91105
1.60346
1.60346
1.60346
1.24958
1.24958
0.902907
0.902907
0.902907
0.902907
0.902907
0.902907
0.902907
1.3224
1.3224
1.40658
0.817113
0.817113
0.817113
0.971681
1.64939
1.64939
1.64939
1.64939
1.64939
1.64939
1.64939
0.695845
0.695845
0.777743
0.873585
0.873585
0.873585
0.873585
0.523603
0.523603
0.523603
0.523603
0.523603
0.955198
0.955198
0.955198
1.03093
0.886122
0.687623
0.531201
0.531201
1.1311
1.1311
0.955412
0.955412
1.20108
1.25143
1.25143
0.954227
0.954227
0.614865
0.614865
0.739825
0.883662
0.883662
0.883662
0.835503
0.835503
0.835503
0.835503
1.56243
1.28991
1.28991
1.28991
1.73914
1.569
0.717973
1.68499
1.68499
0.860861
0.860861
0.860861
1.03249
1.03249
0.762778
0.762778
0.762778
0.449357
0.446925
0.446925
0.446925
0.446925
0.748339
0.748339
0.283818
0.283818
0.283818
0.283818
0.283818
0.283818
0.283818
2.29493
2.18264
2.45252
2.25906
2.25906
1.72962
1.72962
1.72962
1.72962
1.72962
1.83525
1.83525
1.24562
1.24562
1.24562
1.15525
1.15525
0.889219
0.889219
0.889219
1.39537
1.39537
1.27576
1.27576
1.27576
1.27576
1.12948
1.82933
1.87139
1.75586
0.68515
0.68515
0.68515
0.68515
1.38631
1.38631
1.19926
1.19926
1.19926
1.19926
1.19926
1.19926
1.19926
1.19926
1.15475
1.5304
1.5304
1.71675
2.62013
2.64808
2.06122
2.06122
2.06122
2.06122
2.06122
2.06122
2.06122
2.06122
2.06122
2.06122
2.06122
2.80223
3.1725
3.1725
3.1725
3.1725
2.56076
2.56076
2.56076
3.25734
2.66862
1.50951
1.50951
1.50523
1.50523
2.03802
2.05202
1.42424
1.31534
3.05196
3.05196
1.92993
1.08591
1.08591
0.977004
0.977004
0.876344
0.876344
0.876344
0.876344
0.876344
0.876344
1.99244
2.17927
1.68952
1.63241
1.63241
1.63241
1.63241
1.63241
1.44307
1.44307
1.44307
1.44307
1.44307
0.935139
0.935139
1.24572
1.24572
1.11301
0.645167
0.645167
1.48311
1.48311
1.36077
1.36077
1.36077
1.36077
1.36077
1.0901
1.0901
1.38878
1.38878
1.38878
0.70013
1.98806
2.04846
1.43933
1.43933
0.804387
1.53968
1.15894
1.15894
1.6551
1.10508
1.10508
1.4051
1.4051
1.92506
2.08605
1.15977
1.43677
1.36223
1.42481
1.42481
1.42481
1.42481
0.823726
0.823726
1.57731
1.57731
1.37847
0.760955
0.760955
0.760955
0.760955
0.760955
0.760955
0.478514
1.28517
2.36039
2.30368
2.30368
1.26114
1.26114
1.6506
1.64298
1.84712
2.64032
2.64032
2.23245
2.67251
2.67251
2.96908
1.94378
1.94378
1.09471
1.09471
1.38214
1.38214
1.38214
1.15252
1.25193
1.47026
1.15993
1.15993
1.38119
1.02138
1.07365
0.913056
2.23801
2.23801
2.23801
2.35777
2.35777
2.31998
2.38801
2.38801
2.38801
2.14732
2.14732
2.14732
1.76973
0.498994
0.498994
0.498994
0.498994
0.62482
1.02228
1.02228
1.02228
1.02228
1.02228
1.02228
1.02228
1.02228
1.30568
1.30568
1.69134
2.15448
1.61433
1.56091
2.66153
1.64271
1.05031
1.05031
1.05031
1.3194
1.3194
1.3194
0.654874
1.32867
1.12887
0.755868
0.755868
0.755868
0.368882
0.368882
0.368882
0.368882
0.540461
0.540461
0.540461
0.540461
0.540461
0.540461
0.729684
0.729684
1.10472
1.02687
1.58022
2.68369
2.68369
2.68369
2.59667
2.02494
2.02494
1.68347
1.41554
1.41554
2.02584
2.28159
2.28159
1.8279
1.2841
1.2841
1.2841
1.2841
0.83003
0.83003
0.431579
0.431579
1.11539
1.11539
1.21352
1.21352
0.965523
0.833845
0.793181
0.976203
0.976203
0.761877
0.653597
0.653597
1.48097
1.45023
1.5122
1.5122
2.16892
2.16892
2.16892
2.53065
2.53065
2.53065
2.97381
2.97381
2.18969
2.2995
2.37643
2.37643
2.37643
2.66283
2.66283
2.17814
2.17814
1.65411
1.66202
1.66202
1.66202
1.66202
1.66202
1.66202
1.66202
1.66202
1.48402
1.98539
1.61906
1.86407
1.89118
1.67118
1.67118
1.91716
1.2293
1.2293
1.2293
1.75541
2.62045
2.3486
2.3486
2.3486
0.879436
1.20124
1.20124
1.20124
1.44717
1.18964
1.18964
1.01861
1.01861
1.43354
1.59657
1.59657
2.19524
1.45463
1.50032
0.769434
0.638137
1.18512
1.18512
0.972441
0.972441
0.801077
0.801077
0.358163
0.358163
0.358163
0.358163
1.03721
1.03721
1.03721
0.614987
0.614987
0.614987
0.614987
0.614987
0.614987
0.614987
0.947573
0.947573
0.947573
0.947573
0.947573
0.947573
0.947573
0.799061
0.799061
1.44012
1.44012
2.28531
2.28531
2.22287
1.96114
2.74405
2.74405
2.74405
2.74405
2.70107
2.34835
2.34835
2.34835
1.84696
1.84696
1.84696
1.71976
1.71976
1.71976
1.71976
0.894762
0.894762
1.77225
2.11483
1.51095
2.34332
2.34332
2.04647
2.04647
1.53798
1.38075
1.38075
1.1876
1.27268
1.11322
1.60831
1.60831
1.61652
1.26118
1.26118
1.26118
1.26118
2.57489
2.57489
3.57564
3.57564
3.40504
3.2914
2.54835
2.03539
1.70246
0.512248
0.919195
0.919195
0.919195
0.919195
0.919195
0.919195
1.75457
1.05656
1.05656
1.05656
1.13091
1.18797
1.18797
1.18797
1.18797
1.18797
1.18797
1.17127
1.17127
1.17127
1.17127
1.17127
1.17127
1.17127
1.17127
1.17127
1.17127
1.20138
1.20138
1.20138
1.20138
1.20138
1.20138
1.11872
1.11872
1.11872
1.11872
0.827384
0.827384
0.781237
0.665549
0.665549
1.12653
0.930174
0.719467
1.10476
1.10691
0.91661
0.91661
0.91661
0.91661
1.2914
1.2914
1.80032
1.80032
0.575933
0.575933
0.575933
0.621179
0.621179
0.897147
0.897147
0.897147
0.897147
1.77028
2.99984
2.99984
2.99984
2.99984
2.69948
2.07177
2.07177
2.07177
1.80795
1.80795
1.35549
2.36968
2.45856
2.42694
2.42694
1.66298
1.97921
1.82581
0.907468
0.907468
0.907468
0.77746
0.77746
0.77746
0.77746
0.681007
0.605156
0.605156
1.07004
1.09505
1.57957
1.16305
0.842242
0.842242
0.842242
0.842242
1.10745
1.10745
1.10745
1.10745
0.710293
1.42548
1.69241
1.69241
2.16596
1.90235
1.90235
1.91969
1.91969
2.09771
2.28996
2.28996
2.19801
1.79737
1.92701
1.92701
1.92701
1.7441
2.50936
2.18034
1.70062
1.70062
1.70062
0.564712
1.47723
1.47723
1.12256
1.12256
1.58408
1.16776
1.16776
1.15922
0.966605
1.66793
1.7518
1.9734
2.5953
2.00306
1.40655
1.40655
1.17592
1.17592
1.3827
1.3827
1.4681
1.4681
1.97628
1.97628
2.25395
2.25395
3.20298
2.29752
2.29752
2.29752
2.64415
1.96084
1.44877
1.32503
1.32503
1.58186
1.58186
1.43122
1.60294
1.07917
1.07917
1.07917
1.07917
1.31835
1.31835
1.31835
1.31835
1.31835
0.770881
0.770881
0.770881
1.11564
1.11667
1.11667
1.11667
1.11667
1.05082
1.19509
1.19509
1.19509
1.19509
1.19509
1.34484
1.34484
1.64651
1.64651
1.64467
2.06809
2.06809
1.14537
0.277269
0.277269
0.277269
0.277269
0.277269
0.277269
0.277269
0.277269
0.277269
0.527301
0.527301
0.527301
0.527301
1.35679
1.35679
1.35679
1.30863
1.30863
1.25012
1.1611
0.910488
0.907817
0.771421
0.565688
0.565688
1.8552
1.78772
1.78772
1.47896
1.89703
1.08663
1.10851
1.10851
1.10851
1.10851
1.27656
0.568082
0.568082
0.568082
0.568082
0.568082
0.568082
0.568082
0.568082
0.568082
1.92524
1.96327
0.940098
1.48909
1.48909
0.847162
1.26492
0.429456
1.05871
1.05871
1.05871
1.51237
1.68113
1.68113
1.68113
1.26403
0.432217
0.432217
0.763354
0.763354
1.24684
1.2877
1.11912
0.904639
1.27833
1.61946
2.32672
2.96545
2.96545
2.44009
2.44009
2.44009
2.43554
2.55769
2.51098
2.62965
2.62965
1.08937
0.398014
0.398014
1.14857
1.74619
1.11435
1.11435
1.39524
1.39524
1.39524
2.76401
2.50868
2.85796
2.94524
3.10839
3.30003
3.30003
2.732
1.87955
1.06124
1.06124
1.5476
1.5476
1.54585
1.54585
1.49903
1.04535
1.04535
1.04535
1.04535
0.363133
1.48574
1.82393
1.45855
1.45855
1.32907
1.61157
1.61157
1.61157
1.52742
1.52742
1.52742
1.30977
1.24187
1.29811
1.0602
0.994212
0.994212
0.994212
0.994212
0.927295
0.927295
0.927295
0.927295
0.520518
1.22122
1.00627
0.569807
0.569807
1.48005
1.48005
1.48005
1.36439
2.16963
1.97806
1.70785
1.70785
0.917687
0.917687
0.917687
1.10132
0.661904
0.661904
0.661904
0.661904
0.661904
0.661904
0.449848
0.449848
0.449848
0.449848
0.348214
0.348214
0.348214
0.348214
0.670585
0.670585
0.670585
1.47595
0.886837
0.886837
0.886837
1.62588
1.62588
2.16074
2.16074
2.01462
2.01462
1.34602
1.33421
1.33421
1.33421
1.33421
1.33421
1.10892
1.28347
1.8145
2.70943
2.70943
2.70943
1.07068
1.07068
1.07068
1.07068
1.07068
1.07068
0.508208
0.508208
0.508208
0.508208
0.508208
0.508208
1.19348
1.03111
1.33708
1.50499
1.50499
1.50499
2.20007
2.20007
2.20007
1.9047
1.9047
1.9047
1.25288
0.182324
0.182324
0.182324
0.182324
0.182324
0.182324
0.182324
0.182324
0.182324
1.791
2.47164
2.24192
2.24192
2.24192
2.23557
1.88829
1.88829
1.88829
1.85275
2.16921
2.43128
2.43128
2.43128
2.43128
1.47501
1.47501
0.435453
1.12565
1.72139
1.72139
1.72139
1.72139
1.72139
2.49079
2.48192
2.63591
2.99116
3.24839
2.734
2.734
3.3142
3.3142
3.3142
3.3142
3.34383
3.34383
3.34383
2.4048
2.52031
2.52031
1.55745
1.62609
1.92721
1.46244
1.28208
1.28208
0.812598
0.812598
0.812598
0.812598
0.953199
0.949891
0.949891
0.949891
0.197341
0.197341
0.197341
0.197341
0.955419
0.955419
0.955419
1.02748
1.55763
1.55763
0.531908
0.531908
0.531908
0.531908
0.531908
0.531908
0.531908
0.531908
0.531908
1.04429
0.928223
0.928223
1.51999
1.2543
1.60199
1.65949
2.61502
2.61502
2.61502
2.61502
2.2798
2.2798
2.04553
2.04553
2.04553
2.04553
2.04553
2.04553
1.60651
1.49343
1.20236
1.20236
1.12191
1.49178
1.64664
2.64742
4.06394
2.22353
2.81649
2.81649
2.81649
1.60481
1.36138
1.36138
1.36138
1.0624
1.0624
1.0624
0.948278
0.948278
1.37427
1.37427
1.37427
1.37427
1.37427
1.37427
1.45955
1.84002
1.82342
1.82342
1.71243
1.71243
1.2617
1.12164
1.03649
1.03649
1.00297
1.00297
1.00297
0.779222
0.779222
1.48502
1.48502
1.48502
2.74695
2.47654
2.32557
2.32557
2.52337
2.68639
2.68639
2.36746
2.86248
2.85177
3.66564
3.66564
3.66564
3.66564
3.66564
3.86461
2.42062
2.37032
2.63523
2.92743
2.92743
1.75571
0.842026
0.842026
2.23921
2.68806
2.68806
2.39253
2.23331
2.18011
2.98441
3.47373
3.34367
3.51711
0.544341
0.544341
1.60537
0.778687
1.37161
1.67344
1.67344
2.02833
2.51532
2.23426
2.23426
1.22317
1.22317
1.33345
1.33345
1.32836
1.32836
1.09331
0.680821
1.1976
0.609708
0.609708
1.03175
1.03175
1.03175
1.45998
1.45998
1.08866
0.401301
0.401301
0.401301
0.401301
0.401301
0.401301
1.14714
0.98801
0.98801
1.49149
1.49149
1.49149
1.49149
1.54431
0.732058
0.732058
0.732058
0.732058
0.732058
0.732058
0.732058
0.732058
0.756232
0.980279
1.04131
1.04466
0.920153
2.01103
2.01103
1.96642
2.32871
2.32871
2.32871
2.32871
2.32871
2.32871
2.32871
2.79785
2.37156
2.37156
2.37156
2.45049
2.20417
2.20417
2.20417
2.20417
1.87671
1.9951
2.51406
2.45829
2.45306
2.45306
2.45306
2.45306
2.45306
2.71152
2.14148
1.90661
1.80393
1.67817
1.75133
1.79408
1.79408
2.65545
2.94087
2.94087
2.36979
2.59649
2.68131
3.32323
3.61472
4.39584
4.09449
4.09449
4.31439
5.07575
5.07575
5.07575
5.1231
5.1231
5.1231
5.41466
4.0763
4.11209
4.11209
3.23887
2.52861
2.23272
0.851324
0.851324
0.94464
0.94464
0.94464
0.94464
0.94464
0.94464
0.94464
0.319913
0.319913
0.319913
0.319913
0.319913
0.319913
0.319913
0.319913
0.319913
0.319913
0.319913
0.319913
0.319913
0.319913
0.319913
0.319913
0.319913
0.847939
0.847939
0.847939
1.16588
1.16588
1.16588
0.661264
0.732599
0.732599
0.732599
0.732599
0.732599
0.732599
0.732599
0.662309
0.893451
0.893451
1.60113
1.60113
2.05067
2.05067
2.37855
2.02416
2.14192
2.37342
2.74744
2.74744
2.74744
2.74744
0.787619
0.345022
0.345022
0.253092
0.253092
1.62394
1.35111
1.79535
1.79535
1.79535
2.78178
2.78178
2.78178
2.81619
2.64564
2.64564
2.64564
2.09113
2.09113
2.70676
2.25979
2.5245
2.5245
1.13615
1.01005
1.01005
0.788658
0.788658
0.788658
0.788658
0.474762
0.474762
0.474762
0.474762
0.474762
0.474762
0.474762
1.30566
1.30566
1.6981
1.6981
1.6981
1.6981
1.6981
1.6981
1.91584
2.68191
2.68191
2.36725
1.77603
1.77603
1.78508
1.89295
1.89295
1.73669
1.56589
1.1024
1.1024
1.1024
0.305554
1.47113
1.47113
1.07033
0.59971
0.748391
1.32287
2.53366
2.61636
2.61636
3.39067
3.39067
2.88658
2.88658
2.55278
2.55278
1.58888
1.42578
0.895908
1.69333
1.69333
1.69333
1.69333
1.69333
2.10722
3.10867
3.10867
1.99433
1.99433
1.99433
1.99433
1.99433
1.20135
0.525353
0.979119
0.979119
1.37387
1.37387
1.37387
1.37387
0.571376
0.571376
1.18625
1.42091
1.09608
2.13
1.85914
1.85914
1.00269
1.00269
0.354171
0.354171
0.354171
0.354171
0.455735
1.38056
1.44374
0.392307
1.01557
1.01557
1.11701
0.687899
0.778126
0.778126
0.808172
0.913294
0.913294
0.913294
1.47395
1.47395
1.47395
1.47395
2.06409
2.06409
2.14415
1.82479
1.527
1.07608
1.07608
1.77784
1.23146
1.67713
1.67713
1.66146
1.55577
1.55577
1.33485
1.33485
1.33485
2.07862
2.07862
2.07862
2.90076
3.3909
3.3909
3.5637
3.18168
3.18168
3.18168
3.07278
3.07278
3.07278
2.73279
3.5751
2.86633
2.86633
2.23008
1.93243
2.86847
2.5482
2.5482
2.5482
2.50565
1.53449
1.53449
1.53449
1.53449
1.64453
1.64453
1.64453
1.01771
0.752987
1.19575
1.19575
1.19575
0.918637
0.918637
1.01716
0.952691
0.952691
0.979761
1.54081
1.54081
1.54081
1.54081
1.83425
1.83425
1.58231
1.58231
1.7525
1.39289
1.1878
1.1878
1.1878
0.757409
0.757409
0.757409
0.757409
0.757409
1.59364
1.59364
1.59364
1.59364
1.59364
1.73567
1.68778
1.64052
1.91275
1.9144
2.60214
2.53085
3.12731
3.0982
3.0982
2.89992
2.3393
2.3393
1.79556
2.17019
1.58523
2.21241
2.21241
2.21241
2.59289
2.59289
2.05718
2.05718
2.05718
2.00219
2.00219
2.3882
2.3882
2.3882
2.29648
2.29648
2.58489
2.76118
2.76118
2.56582
2.79073
2.79073
2.79073
3.89879
3.89879
3.89879
3.89879
4.68389
4.7662
4.50163
4.50163
4.12818
4.12818
3.98584
3.10466
3.10466
3.10466
2.95161
2.95161
2.95161
3.08364
2.24688
2.62588
2.62588
1.55679
1.22477
0.740639
0.166451
0.620279
0.620279
0.620279
0.620279
0.620279
0.620279
0.620279
1.35342
1.35342
1.35342
1.35342
1.35342
0.735075
0.735075
0.985982
0.63287
0.957524
0.957524
1.40637
1.68864
1.68864
1.37229
1.76153
1.76153
1.76153
1.76153
1.76153
1.76153
1.55158
1.55158
1.91099
1.91099
1.91099
1.91099
1.91099
1.91099
2.0444
1.87539
0.656436
0.656436
1.59193
1.59193
1.59193
1.54392
1.40875
0.6179
1.2353
1.11303
1.11303
1.47627
2.48985
2.33522
2.46028
2.46028
2.46028
2.94093
2.74466
2.74466
2.98173
3.39685
3.39685
4.19464
4.11692
4.11692
4.11692
3.3403
3.10951
3.49691
1.84712
1.66087
1.93068
1.87976
1.87976
1.87976
1.87976
1.87976
1.87976
1.725
1.725
1.725
2.12162
2.12162
2.12162
1.606
2.21301
1.81048
1.53143
1.53143
1.53143
1.53143
1.00204
1.08622
0.865369
0.344884
0.344884
0.344884
0.344884
0.344884
0.344884
0.344884
0.344884
0.452691
1.89685
2.57546
1.56437
1.43529
1.43529
1.43529
1.43529
1.43529
1.43529
1.43529
1.84228
2.26868
2.2422
2.2422
2.32886
1.47921
1.47921
1.355
1.355
1.81469
1.81469
1.17651
1.76873
1.76873
1.07139
1.51883
1.23413
1.63959
1.63959
1.63959
1.0155
1.0155
1.0155
1.0155
0.984078
0.984078
0.492678
0.492678
0.492678
0.492678
1.20578
1.01835
1.04773
1.04773
1.04773
1.04773
0.331267
0.750619
0.750619
0.750619
0.971606
0.792885
1.75407
1.41739
1.41739
1.21632
1.84699
1.55781
1.37946
1.76048
1.76048
1.76048
1.26747
0.945155
0.945155
0.765332
1.05749
1.05749
1.05749
1.25511
1.25511
1.25511
1.25228
1.25228
1.25228
1.25228
1.25228
1.83161
1.83161
1.83161
0.727299
0.727299
0.727299
0.727299
0.727299
0.727299
0.727299
0.671815
0.671815
0.203426
0.203426
0.203426
0.203426
0.203426
0.264631
0.264631
0.264631
0.264631
0.559859
0.559859
0.560101
0.560101
0.560101
0.560101
0.560101
0.560101
0.560101
0.560101
0.852116
0.852116
1.02672
1.02672
0.699718
0.699718
0.699718
1.07136
1.60232
1.60232
1.67319
1.2016
0.937115
0.937115
0.797385
1.05063
1.05063
0.592006
0.535788
0.535788
0.698892
0.698892
1.06815
0.850697
0.749292
1.13176
0.400532
0.400532
0.813708
0.660833
0.660833
0.660833
0.660833
0.660833
0.660833
0.660833
0.660833
0.660833
0.841805
0.841805
0.841805
0.841805
0.836175
0.31202
0.31202
0.31202
0.31202
0.31202
0.31202
0.913046
0.913046
0.913046
0.913046
0.99425
1.22144
1.22144
1.22144
0.786531
1.06457
1.06457
1.06457
1.06457
1.06457
0.471314
0.676334
0.676334
0.676334
1.05936
1.4402
1.4402
1.4402
1.27649
1.20166
1.20166
0.944296
0.944296
1.72582
1.72582
1.37097
2.08996
1.63159
1.63159
1.63159
1.63159
1.60402
1.60402
1.60402
1.60402
1.96577
1.96577
1.51986
1.51986
1.51986
0.92592
0.92592
0.92592
0.514592
0.514592
0.514592
0.514592
0.514592
0.514592
0.514592
0.514592
0.487867
0.465095
0.465095
0.465095
0.465095
0.573834
0.985404
0.985404
0.985404
1.73186
1.73186
1.73186
1.73186
2.07882
2.07882
2.28881
2.28881
2.70278
3.06751
3.64358
3.64358
3.20447
3.45255
2.76875
3.80429
3.59121
3.22951
3.11093
3.11093
3.11093
2.69773
2.69773
2.69773
3.25617
3.84519
3.26594
3.42977
3.84192
3.84192
3.84192
3.81962
2.78991
3.72394
3.72394
3.72394
2.50904
2.5799
2.56544
2.69396
2.69396
2.69396
2.49571
2.49571
2.72886
2.85788
2.7754
2.64045
2.64045
2.64045
2.64045
2.27218
3.0663
3.0663
3.8702
3.84816
2.77129
2.77129
2.77129
2.77129
2.32626
2.32626
2.32626
2.3569
2.57276
2.35239
1.23471
0.635589
0.635589
0.635589
1.07534
1.27633
1.27633
1.31818
0.859876
0.859876
1.49198
1.72407
1.36898
0.794066
2.17018
2.31733
2.60479
1.9939
1.46872
0.997251
0.997251
0.997251
0.997251
0.997251
1.13058
1.13058
1.27859
1.27859
1.16054
1.16054
1.16054
1.16054
0.618568
0.618568
1.07193
1.09752
1.09752
0.63955
0.63955
0.63955
0.277565
0.277565
0.593365
1.12545
1.34245
0.949623
0.640539
0.640539
0.640539
0.970523
1.45037
1.51977
1.51977
1.61013
1.69049
1.8991
1.8991
1.6349
1.20635
1.20635
0.665126
1.43434
1.43434
1.61521
1.61521
1.61521
1.38712
1.77208
1.77208
1.77208
1.91639
2.44699
2.91859
3.2393
3.02939
2.64181
2.89803
1.64406
1.62189
0.98029
0.98029
1.70725
1.70725
1.38891
1.59326
1.59326
1.59326
1.23233
1.24873
1.24873
1.24873
1.00238
1.00238
1.00238
1.00238
1.00238
1.69418
1.69418
1.69418
1.25963
1.15417
0.426715
0.426715
0.426715
0.426715
0.64663
1.47108
1.47108
1.47108
1.47108
2.22548
2.21878
2.07116
2.48829
1.21359
1.21359
1.21359
1.21359
1.21359
1.21359
1.21359
0.830528
0.723068
0.723068
0.754545
0.754545
0.754545
0.728728
0.728728
0.728728
1.92986
2.13826
3.30569
2.59373
2.59373
2.0771
2.0771
1.90338
1.90338
1.90338
1.90338
1.90338
1.62586
1.62586
1.62586
1.62586
1.48316
1.25398
2.15404
2.55336
2.62528
2.32544
2.99012
3.29499
3.29499
3.53053
3.53053
3.36304
3.20697
3.07498
3.07498
2.91078
2.5486
2.5486
2.5486
2.55695
1.77769
1.39164
1.39164
0.70563
0.70563
0.70563
0.328272
0.328272
0.328272
0.328272
0.328272
0.526072
0.526072
0.526072
0.526072
0.526072
0.798626
0.740149
0.740149
0.740149
0.740149
0.740149
0.740149
0.317961
0.317961
1.43532
1.43532
1.43532
1.03226
1.03226
1.57363
1.57363
1.57363
1.33236
1.33236
1.33236
1.33236
1.33236
1.33236
1.33236
1.33236
1.33236
1.33236
1.16715
1.16715
1.16715
1.16715
1.39865
1.61106
1.61106
1.37887
0.813249
0.629097
1.2092
0.861356
0.703659
0.703659
0.703659
1.32169
1.32169
0.902898
0.902898
0.993114
1.19053
2.16438
2.10161
2.50182
2.50473
2.92716
3.34765
3.34765
3.34765
3.44503
3.677
3.65167
3.65167
2.81018
2.81018
3.04531
3.04531
3.45076
3.36864
2.30268
2.30268
1.71538
1.71538
1.10116
1.15481
1.00494
1.21538
1.21538
1.21538
0.481148
0.481148
0.763421
0.763421
0.763421
1.14396
1.14396
1.14396
0.849054
1.14109
1.14109
0.0511379
0.0511379
0.0511379
0.0511379
0.0511379
0.0511379
0.0511379
0.0511379
0.0511379
0.48449
0.734875
0.331903
0.331903
0.331903
0.331903
0.331903
0.331903
0.331903
0.331903
0.331903
0.331903
0.331903
0.331903
0.331903
0.331903
0.331903
0.331903
0.331903
0.331903
0.763612
1.80529
2.04345
2.04345
2.04345
2.21005
3.48438
3.48438
3.41073
2.62321
2.95872
1.72733
1.72733
1.72733
1.88449
2.05948
1.92634
1.71741
1.12106
1.12106
1.12106
1.12106
1.05619
0.907311
0.907311
1.38451
1.31792
1.31792
1.31792
1.11909
1.13143
1.13143
1.60648
2.56439
2.56439
2.56439
2.56439
2.63263
2.63263
2.77898
3.21676
2.50219
2.57473
2.84839
2.84839
4.00453
4.20108
2.80224
2.73088
2.92948
2.92948
1.91229
1.91229
2.01945
3.34227
3.34227
3.34227
3.34227
3.7543
3.32357
3.56389
2.4057
2.4057
2.14194
2.14194
1.42154
1.42154
1.48838
1.48838
0.648889
0.829395
0.829395
0.516496
0.516496
0.516496
0.516496
0.516496
0.516496
0.516496
0.516496
0.516496
1.07387
1.07387
0.93138
0.86915
1.6276
1.366
0.174581
0.174581
0.174581
0.174581
0.174581
0.174581
0.174581
0.174581
0.174581
0.174581
0.174581
0.174581
0.174581
0.174581
1.17478
1.17478
1.42939
1.42939
1.42939
1.91072
2.28788
2.28788
2.43708
1.94081
0.995413
0.483625
0.483625
0.483625
0.483625
1.72442
2.40264
2.25635
2.25635
2.25635
1.78872
1.18478
1.18478
1.18478
1.36298
1.36298
0.865816
1.77685
2.24405
2.24405
2.24405
2.24405
2.46784
3.15568
3.15568
2.88091
1.9986
2.18789
2.18789
1.84959
2.05143
2.05143
2.05143
2.05143
2.44279
1.82675
1.82675
1.82675
1.82675
2.19111
2.19111
0.802222
0.802222
0.802222
0.802222
0.802222
0.802222
0.802222
0.821617
0.821617
0.451843
0.451843
0.451843
0.451843
0.451843
0.451843
0.445038
0.445038
0.445038
0.445038
0.445038
1.53666
1.76927
1.76927
1.21514
0.644451
0.644451
0.631272
1.20492
1.53066
0.531646
1.30451
1.30451
1.30451
1.30451
1.30451
1.30451
1.43661
1.43661
1.43661
0.927535
0.927535
0.927535
1.11351
1.11351
0.634716
1.93252
1.93252
1.93252
1.93252
1.38369
1.98079
1.72075
1.03503
0.804511
0.804511
0.754102
0.572569
0.572569
0.572569
0.572569
0.13072
0.13072
0.13072
0.13072
0.13072
0.13072
0.13072
0.13072
0.13072
0.13072
0.13072
0.13072
0.13072
0.13072
1.04917
1.04917
1.04917
1.0535
1.39748
1.39748
2.22844
2.04452
2.04452
2.04093
2.04093
1.23648
1.60297
1.60297
1.83038
1.62244
1.62244
1.43988
1.222
1.5709
1.5709
1.5709
1.5709
1.52109
1.52109
1.52109
1.07392
1.56618
2.21608
2.21608
3.06557
3.22649
3.22649
3.94269
3.94269
3.94269
3.94269
3.91012
3.91012
4.04106
4.12054
4.02646
4.02646
4.02646
3.0023
2.90413
3.20466
3.20466
3.47613
3.06177
1.39341
1.39341
0.429688
0.429688
0.429688
0.429688
0.727117
0.86467
0.627456
1.12769
1.12769
1.12769
1.12769
2.13717
1.42963
2.08012
1.07484
1.07484
1.49198
1.33825
2.15359
2.15359
1.46599
1.00231
1.00231
1.30226
1.30226
1.01048
1.01048
1.01048
1.92102
1.92102
1.92102
1.0386
1.0386
0.985366
1.10581
1.73712
1.11601
1.11601
0.191467
0.191467
0.191467
0.191467
0.191467
0.191467
0.191467
0.191467
0.191467
0.304106
0.623685
0.623685
0.709435
0.709435
0.709435
0.709435
0.709435
0.997112
0.288546
0.288546
0.288546
0.288546
0.288546
0.920942
0.920942
0.920942
0.920942
0.659409
0.722823
0.722823
0.906523
0.906523
0.906523
0.350228
0.350228
0.350228
0.350228
0.350228
0.350228
0.737783
0.737783
0.737783
0.737783
0.737783
0.737783
1.02473
1.02473
1.02473
0.793303
0.793303
0.793303
1.04088
1.04088
1.83699
3.49851
3.49562
1.586
1.586
1.586
2.01356
1.49747
2.19779
1.8021
2.05567
1.65469
0.789797
1.69065
1.69065
1.69065
1.69065
2.13646
1.39665
0.985238
0.965236
0.913906
0.913906
0.913906
0.913906
0.791188
0.791188
0.791188
1.77893
1.77893
1.04638
1.04638
0.57367
0.57367
0.57367
0.57367
0.57367
0.57367
0.57367
0.57367
0.57367
0.57367
0.57367
0.952835
0.952835
0.952835
0.952835
0.952835
0.952835
1.12106
1.12106
1.12106
1.12106
1.03802
1.25938
1.60291
1.13176
1.13176
1.13176
0.908793
0.908793
0.908793
0.908793
0.908793
0.908793
1.53288
1.53288
1.53288
1.53288
1.59485
1.59485
1.59485
1.59485
1.27782
1.27782
1.27782
1.27782
1.58037
1.58037
1.51525
2.05248
2.05248
1.72888
1.55394
1.6639
1.87107
1.87107
2.37665
2.37665
2.37665
2.37665
2.30054
2.30054
2.60498
2.89787
2.77493
2.77493
1.6595
2.52603
3.15024
3.15024
3.08895
2.91366
3.03094
2.10531
2.10531
2.10531
2.43518
2.43518
2.28855
3.07431
3.25335
2.64409
2.00203
2.00203
1.40561
1.53827
1.53827
1.53827
1.53827
1.53827
1.58044
1.58044
1.51302
1.51302
0.802762
1.18266
1.18266
1.18266
0.580736
0.580736
0.580736
1.01156
1.01156
0.889702
1.39182
1.87672
1.87672
1.83049
1.15303
1.15303
1.15303
1.15303
0.925561
0.925561
0.84397
0.84397
1.19866
1.19866
0.757321
0.757321
0.757321
0.757321
0.757321
0.757321
0.722435
0.722435
0.742911
1.96041
1.96041
1.96041
1.96041
2.57721
2.4909
2.4909
1.90512
1.90512
1.90512
1.94665
2.22794
2.27937
2.27937
2.52682
2.52682
2.5957
2.85024
2.85024
1.96331
1.63744
1.63744
1.50824
1.50824
1.69024
1.69024
0.449679
0.449679
0.449679
1.10568
0.645476
0.645476
0.645476
0.645476
0.645476
1.00854
1.00854
1.33987
1.33987
1.54197
1.54197
1.54197
1.13362
1.13362
1.13362
3.08703
3.08703
2.75188
2.66031
1.67037
1.32581
1.32581
1.32581
1.32581
1.50202
1.50202
1.50202
1.50202
1.94224
2.63306
3.08449
3.08449
3.08449
2.13781
2.13781
1.64383
1.64383
2.95624
2.60865
2.60865
2.9062
2.9062
2.18062
2.99678
2.99678
4.07213
3.98073
3.62085
4.88829
4.88829
4.998
5.02835
3.90751
3.90751
4.48726
3.48533
3.27812
2.39598
2.39598
2.65421
2.95125
3.00969
3.31473
3.31473
2.8672
2.8672
2.8672
3.38674
2.71029
2.71029
2.71029
2.71029
1.74312
2.04291
1.68706
1.81943
2.09623
2.09623
2.09623
2.70097
3.89205
3.89205
3.89205
3.89205
3.89205
4.17036
3.9179
4.52565
4.52565
4.15666
4.15666
4.15666
2.83972
3.4819
4.04224
5.00238
5.00238
3.83281
3.63121
3.63121
3.63121
3.63121
2.53718
2.22788
2.07688
2.07688
2.07688
2.07688
2.36295
2.36295
2.36295
2.36295
4.30929
4.30929
4.30929
4.1345
4.24534
4.09948
4.09948
4.09948
4.09948
4.09948
4.00233
4.00233
3.93266
4.18871
4.15443
4.16889
5.8535
6.00211
5.24184
6.2264
6.04336
6.04336
6.04336
6.04336
6.04336
6.23094
5.36081
5.36081
5.13913
4.45353
4.9086
4.9086
4.9086
4.9086
3.80127
3.80127
3.80127
3.80127
4.47646
5.77392
5.75813
6.29856
6.29856
4.60817
4.60817
4.5538
4.5538
4.5538
4.39097
4.44293
4.54836
4.75808
5.06848
5.06848
5.06848
5.07918
4.92013
4.98444
4.24557
3.41831
3.41831
2.93484
2.93484
3.07066
3.01819
2.73632
3.29676
3.59957
3.59957
3.59957
3.6513
3.5318
3.5318
3.5318
3.5318
2.9206
2.524
2.47788
2.75999
2.07514
2.07514
2.03661
2.03661
1.62681
1.62681
2.56743
2.56743
2.56743
2.60621
2.60621
1.58843
1.18813
1.16445
1.16445
1.16445
1.16445
1.16445
1.16445
1.74301
1.59506
1.59506
1.40247
1.40247
1.07158
1.15748
1.01259
1.01259
1.37327
0.890493
0.890493
0.691127
0.691127
0.691127
0.691127
0.691127
1.06373
1.06373
1.06373
1.87556
1.65309
1.65309
1.65309
1.65309
1.65309
1.65309
1.65309
1.65309
1.39888
1.39888
1.25536
1.63631
2.41174
2.13751
2.13751
2.13751
2.13751
2.29782
2.27188
1.93209
1.93209
1.93209
1.93209
1.93209
1.30934
1.30934
1.52598
1.44645
1.46244
1.3039
0.750992
0.41967
0.41967
0.965488
1.43367
0.311011
0.311011
0.311011
0.311011
0.881603
0.881603
0.175334
0.175334
0.175334
0.175334
0.175334
0.548428
0.548428
0.548428
0.849155
0.849155
0.850463
0.850463
0.850463
0.850463
0.850463
0.850463
0.850463
2.18259
1.37781
1.01478
1.55754
1.82867
1.82867
1.03084
1.03084
1.03084
1.03084
1.27156
1.27156
1.27156
0.807052
0.885798
0.885798
0.810184
0.910788
0.910788
0.910788
0.910788
0.910788
0.771584
0.601677
0.601677
1.56709
1.5486
1.57174
1.55795
1.82458
1.82458
1.33762
1.1646
1.00148
1.39854
2.53626
1.81743
2.38141
2.38141
2.53201
2.53201
2.53201
2.40887
2.42676
2.54921
2.54921
2.54921
2.54921
2.62045
2.80037
2.63736
2.00526
1.77526
1.65144
1.64466
0.639846
0.728334
0.728334
0.792524
1.47503
1.3275
1.3275
1.34622
1.36747
1.54528
2.73753
2.73753
2.23512
2.23752
1.24916
1.24916
1.24916
1.94777
1.95182
1.95182
2.39498
2.6285
2.11588
1.96401
1.96401
1.96401
1.96401
0.614707
0.614707
0.614707
0.614707
0.614707
0.614707
0.614707
1.02907
1.02907
1.04599
0.698618
0.698618
0.921263
0.921263
0.921263
1.399
1.27651
1.27651
1.8213
1.8213
1.8213
1.8213
2.07313
2.38793
2.38793
1.82499
1.90803
1.90803
1.7577
1.7577
0.715555
1.26182
2.30052
1.16697
1.16697
1.16697
1.16697
1.16697
1.23544
1.23544
1.0023
1.0023
1.0023
1.05414
1.0262
1.0262
0.778364
0.778364
0.778364
0.778364
1.22037
1.31823
1.31823
1.87963
1.87963
1.62034
2.36549
1.73918
1.73918
1.73918
1.73918
1.95743
1.95743
1.7908
2.443
3.08277
3.2573
2.90245
1.01799
1.01799
0.743589
0.743589
0.814241
0.814241
0.814241
0.814241
0.814241
0.814241
1.34601
1.42189
1.42189
1.41632
1.40943
1.49519
1.49519
1.49519
1.49519
1.49519
1.49519
1.60374
1.83043
2.01506
2.01506
2.8857
1.86131
1.19766
1.19766
1.19766
1.41545
1.41545
1.41545
1.9941
1.9941
1.9941
2.06205
1.55074
1.55074
2.1064
1.42054
1.43561
1.04919
1.04919
1.04919
1.04919
1.04919
1.04919
1.04919
1.04919
1.13364
0.877522
1.45653
0.750855
0.538687
0.538687
0.538687
0.538687
0.538687
0.538687
0.538687
0.538687
0.538687
0.538687
0.538687
0.538687
0.538687
0.538687
0.538687
0.538687
0.538687
1.18907
1.18907
1.1238
1.1238
0.93788
0.93788
0.93788
0.93788
0.93788
0.864352
0.37266
1.78515
2.33052
2.72109
3.26486
3.26486
2.83514
2.94993
2.94993
2.89175
2.89175
2.40401
2.40401
1.96481
2.99497
2.52001
2.52001
2.52001
2.20168
1.4948
1.4948
0.988792
0.827205
1.06553
1.06553
1.62236
1.62236
1.62236
1.62236
1.60215
1.60215
1.13249
1.13249
0.88332
0.380351
0.380351
0.380351
1.21282
0.528118
0.528118
0.528118
0.528118
1.11847
1.04281
1.04281
1.16717
1.16717
1.16717
0.677972
0.677972
0.455398
0.455398
0.455398
0.455398
0.837946
0.513947
0.513947
1.85951
1.41021
1.41021
1.95519
1.95519
2.25332
2.25332
2.25332
2.2609
2.2609
2.2609
2.2609
2.2609
2.98825
2.98825
2.98825
2.77644
2.41164
2.60265
2.04648
2.04648
2.04648
2.04648
2.4236
2.46445
2.13934
2.04395
2.58883
2.58883
2.46856
2.00907
2.59982
2.3076
2.3076
2.3076
1.84685
1.85726
1.85726
2.1978
2.1978
1.98537
2.05894
1.41219
2.0148
2.46224
1.861
1.70578
1.59994
0.203696
0.203696
0.471729
0.653799
1.00453
1.00453
1.00453
0.851902
0.851902
0.851902
0.851902
1.3072
1.38116
0.972141
0.972141
0.972141
1.68941
1.68941
1.05293
1.05293
1.25794
1.67669
1.67669
1.82915
1.82915
2.51272
2.51272
1.9261
1.36634
1.36634
1.41338
1.90515
1.90515
1.97935
2.6329
2.7775
2.18894
1.26131
1.46972
1.46972
1.29966
1.99621
1.99621
0.934668
0.934668
0.934668
0.843649
0.31067
0.31067
0.31067
0.31067
0.31067
0.31067
0.627157
0.627157
0.627157
0.94826
1.6847
1.66225
1.66225
1.66225
1.66225
1.66225
0.642833
0.642833
0.642833
0.456714
0.456714
0.456714
0.456714
1.23764
2.34711
2.72881
2.5962
2.98365
2.71454
2.78021
2.82441
2.82441
3.04367
2.86549
2.86549
2.62776
2.20003
2.39656
1.96423
1.20635
1.20635
1.45704
2.01236
1.69097
2.4647
2.4647
2.59369
2.89436
2.67827
2.77393
2.77393
3.40877
3.12656
3.86708
3.49934
3.49934
3.49934
2.76656
2.34169
2.34169
2.34169
1.57636
1.99707
1.38148
1.06995
1.06995
0.693547
0.725132
0.802718
0.802718
0.802718
0.802718
0.802718
0.802718
0.802718
0.802718
0.802718
0.802718
1.03283
1.39111
0.636493
0.913722
0.812251
0.257928
0.257928
0.257928
0.257928
0.257928
0.257928
0.881263
0.881263
1.44089
1.07503
0.923862
0.964836
0.964836
0.885006
0.409954
0.409954
0.409954
0.409954
0.439796
1.27596
1.27596
1.27596
1.41481
1.41481
1.41481
1.41481
1.41481
1.41481
1.41481
1.41481
1.41481
1.41481
2.11037
2.11037
0.221417
0.900573
0.822238
0.786959
0.786959
0.786959
0.786959
0.553998
1.87204
1.87204
1.85943
1.85943
1.17537
1.13352
0.462759
0.462759
0.462759
0.462759
0.462759
0.462759
0.388395
0.388395
0.388395
0.388395
0.388395
0.711728
0.711728
0.711728
0.711728
1.51106
1.51106
1.51106
2.48574
2.13343
2.69037
1.92868
1.92868
1.92868
1.65253
2.13173
2.13173
2.57704
2.57704
2.31514
2.08684
2.98771
2.54568
3.25084
3.25084
2.17348
2.17348
1.69963
1.82948
1.96732
1.49225
1.31989
1.48082
1.34207
1.34207
1.34207
1.34207
0.968434
1.77514
1.77514
1.77514
1.11061
1.11061
2.06773
2.01871
2.01871
2.01871
2.81697
3.31399
3.31399
3.70222
3.70222
3.97972
4.44776
4.24327
4.24327
4.24327
4.24327
4.24327
4.04754
3.78703
4.00969
4.00969
4.00969
3.52211
3.52211
2.4016
2.4016
2.4016
2.68087
2.17469
2.13746
2.13746
2.13746
1.88289
2.45
2.708
1.54485
2.22916
1.25529
1.25529
1.25529
1.10011
0.669583
0.669583
0.978736
0.978736
1.57245
1.44438
1.44438
0.992565
0.992565
0.998443
1.55333
1.55333
1.55333
1.55333
1.55333
0.761807
0.761807
0.908728
1.29389
1.03819
1.03819
1.03819
0.994193
0.84426
0.84426
0.84426
0.84426
0.84426
0.84426
0.84426
0.84426
1.46879
1.46879
1.5118
1.22926
2.11917
2.11917
2.33136
2.33136
2.33136
1.77211
1.77211
1.74911
2.13716
2.16547
2.16547
3.13164
3.06256
2.38971
2.3071
2.3071
2.3071
1.79537
2.36767
2.23777
1.75988
1.62263
1.29738
1.75567
1.75567
3.07334
3.05765
2.01309
1.44359
1.44359
1.36438
1.10726
1.10726
1.10726
1.10726
2.09511
2.09511
2.09511
2.00886
1.69937
1.69937
2.48477
2.05982
2.05982
1.10321
1.10321
1.06227
0.691211
0.691211
0.926221
1.60694
1.22684
1.37436
1.43668
1.50757
1.3783
1.14682
1.14682
1.14682
1.14682
1.56117
1.56117
1.30277
1.65312
1.48862
1.19081
1.19081
1.00381
0.349075
0.349075
0.349075
0.349075
0.349075
0.349075
0.349075
0.349075
0.349075
0.349075
0.349075
0.349075
0.349075
0.349075
0.349075
0.349075
0.311491
0.311491
0.311491
0.217264
0.217264
0.217264
0.217264
0.217264
0.217264
0.7371
0.7371
0.362318
0.362318
0.327696
0.327696
0.327696
0.327696
0.327696
0.816485
0.816485
0.816485
0.816485
0.816485
0.816485
0.961587
1.65534
1.2003
1.2003
1.40837
1.40837
0.312486
0.830906
0.830906
0.815641
0.815641
0.815641
0.815641
0.815641
0.815641
0.815641
0.65642
0.65642
0.491597
0.491597
0.259505
1.0897
1.0897
1.0897
1.85284
1.85284
1.85284
1.90424
1.90424
1.90049
1.98358
1.12726
1.12726
1.12726
1.12726
1.10821
2.00076
2.00076
1.77532
1.7294
2.26462
2.26462
2.26462
1.82092
1.82092
1.82092
1.82092
0.85901
0.85901
0.85901
1.35486
2.35562
2.48763
2.48763
2.21657
1.75854
1.75854
1.87761
1.61742
1.61742
1.18169
1.18169
1.18169
1.64624
1.64624
1.40023
1.40023
1.40023
1.40023
1.40023
2.0784
2.0784
1.68573
1.68573
1.85544
2.08672
2.08672
2.0361
2.68738
2.68738
2.99348
3.13592
3.41885
3.003
3.003
3.003
3.003
3.003
3.003
3.46268
3.46268
3.46268
3.61758
3.6917
3.6917
3.53054
2.28015
2.28015
2.14014
2.32448
1.63802
1.63802
1.55418
1.18845
1.18845
1.09859
0.905109
0.905109
0.374999
0.374999
0.374999
0.374999
0.374999
0.374999
0.374999
0.374999
0.374999
0.374999
0.374999
0.374999
0.374999
1.38549
1.38549
1.54719
1.54719
1.54719
1.54719
1.54719
1.69021
1.87982
1.87982
1.87982
1.98077
1.98077
1.01931
1.2565
1.2565
1.36721
1.56486
1.56486
1.18348
1.18348
1.18348
1.47128
1.47128
1.47128
1.26853
0.76732
0.858251
0.858251
0.858251
0.858251
0.858251
0.296561
1.19493
1.19493
1.19493
0.809037
1.97375
1.97375
1.97375
1.83202
2.3685
2.19873
2.13943
2.27345
2.27345
2.27345
2.27345
1.79163
1.79163
1.30863
0.921311
0.921311
1.63637
1.63637
1.05836
1.05836
1.05836
0.856627
0.856627
0.856627
0.935537
0.935537
1.48525
1.37107
1.17193
1.17193
0.940574
0.550981
0.550981
0.684199
0.51967
0.790945
0.790945
0.790945
0.760417
0.548921
0.548921
0.548921
0.548921
0.548921
0.548921
0.548921
0.548921
1.08541
1.08541
1.08541
1.35293
1.35293
1.35293
1.35293
1.35293
1.35293
1.35293
1.63845
1.63845
1.08201
1.32111
1.32111
1.42896
1.29841
1.44835
1.44835
2.49456
2.49456
1.8188
1.93454
1.93454
2.36751
2.36751
3.63757
3.63757
3.63757
3.26309
3.59744
2.02557
2.02557
2.02557
2.02557
2.02557
2.02557
