100
100.616
100.342
100.934
100.831
100.14
100.151
99.7166
98.7303
98.7303
98.7303
98.2375
98.6609
99.2572
99.2572
99.7538
100.274
100.177
99.4131
99.4131
98.5157
98.0846
98.0846
98.0846
98.0846
98.0846
97.0195
96.0464
96.6013
96.5748
96.4583
96.5965
96.5965
97.0925
96.5738
96.9314
96.5176
96.5176
96.8682
96.8682
96.7645
96.4851
96.8154
96.8154
96.8154
96.3298
96.4719
96.4719
95.3297
94.5625
94.5625
94.3314
93.9552
94.2397
94.2522
94.8434
94.8434
94.8434
94.8434
94.8434
94.2107
93.2952
93.5328
93.5443
92.7377
92.5113
92.2989
92.2989
92.2989
92.3084
92.0186
91.4701
91.4701
91.4701
91.1507
90.2028
90.2028
89.0018
89.0018
89.027
89.027
88.1216
87.6103
88.0765
88.0455
86.9575
85.9463
85.6083
85.3227
85.3227
85.6208
85.3071
84.9505
84.1159
84.1159
84.1159
84.1159
83.6124
82.83
82.83
82.0761
82.0761
82.0761
82.1694
82.1694
82.1694
81.7459
80.9302
80.9969
79.8346
79.8346
79.8346
80.0145
80.2105
80.2105
80.2105
79.6446
79.2789
78.9919
79.225
78.9547
78.6829
78.6829
78.6829
78.528
78.3413
77.7182
76.856
76.212
75.1217
74.6541
74.206
74.2369
74.2369
73.5806
72.6583
72.6703
72.1196
72.1196
72.7901
72.7901
72.4632
72.4632
72.4632
72.4632
72.359
72.359
70.9737
70.2178
70.6776
70.0557
69.2277
68.5123
67.9322
66.8225
66.0308
65.2637
64.5045
63.7792
63.4486
63.3528
63.2018
63.6709
63.9405
63.7805
63.8616
63.6512
63.4886
63.4886
62.8651
62.8651
62.4365
61.6576
61.7629
61.7629
60.8234
60.8234
59.7953
58.9678
59.2833
58.1415
58.1415
57.8831
57.7401
58.3801
57.3247
57.3247
57.8313
57.5318
57.4412
57.4816
57.2245
56.3198
56.4302
56.9643
57.0796
56.7014
56.3987
57.0489
56.2398
55.5117
54.8881
54.8881
54.7414
54.7414
54.0068
54.1239
53.2839
52.6905
52.6913
52.6913
52.0712
50.8221
50.9687
50.0736
49.9382
49.2572
47.9496
47.3422
47.3244
46.3443
45.816
45.816
46.0648
46.0648
45.184
45.184
45.184
45.184
44.1062
43.836
42.8561
43.2055
43.3777
43.038
42.603
43.7433
43.5614
42.9194
41.9141
41.9141
41.2923
41.2923
41.606
41.606
41.6891
41.6891
42.3164
42.3164
41.2068
41.5455
40.8262
41.6334
40.6495
41.6634
41.2209
40.888
41.2571
41.2874
40.8979
39.6702
39.6702
39.6702
39.0026
39.1054
38.6946
38.6946
37.5684
37.5684
37.5684
37.5684
37.8273
37.8273
37.8273
36.9316
36.1242
36.8192
36.8192
36.8192
36.8192
36.9251
36.9251
35.7672
35.7672
35.7777
36.0884
35.1337
34.381
35.0831
34.8957
35.8479
35.8479
35.8821
35.8821
36.3431
36.3431
35.8229
35.53
34.6597
34.455
34.455
34.6992
33.9383
33.0267
33.1917
32.8545
32.6852
32.6852
31.5776
31.1819
31.1819
31.0931
30.2656
30.2432
30.8677
30.8677
30.4716
30.4716
29.4386
29.4386
29.4386
29.8398
29.3959
29.3507
28.8648
27.7695
27.4612
27.4612
27.2047
26.5891
26.1201
25.8538
25.8538
25.8535
25.2069
24.8349
24.8349
24.036
23.9543
24.8104
24.8104
24.8104
23.7643
23.7643
24.4943
23.5213
23.5847
22.9155
21.8693
21.8693
21.8693
21.1422
20.7171
20.7171
20.4451
19.9407
19.9407
19.9407
19.3402
19.3402
20.4264
19.7761
19.7761
19.7761
19.3555
20.5014
20.5014
20.223
20.223
19.2107
19.461
19.461
19.461
18.8839
18.3633
17.2278
16.527
16.527
16.3167
17.3601
16.9696
16.9696
16.4765
15.9815
15.9272
15.4092
15.348
15.0512
14.9042
15.0624
15.0624
13.7482
13.3194
12.6865
12.6865
12.6865
13.0725
12.4087
12.4087
11.5639
10.6129
10.6129
10.6129
10.6129
10.6129
10.6129
10.3987
10.3987
10.3987
10.9225
10.7522
11.2033
10.8459
9.99841
9.07908
9.07908
9.07908
8.90163
8.90163
8.59136
7.83277
7.83277
7.83277
7.07138
6.74031
6.74031
6.74031
6.74031
6.74031
6.58783
5.59479
5.00268
5.14622
4.70244
4.11556
3.68156
3.36971
3.80155
3.492
3.492
3.492
2.64027
2.20745
2.3602
1.20093
1.59626
1.59939
1.25448
0.367786
0.367786
0.698074
0.698074
0.698074
0.694891
0.918147
1.27457
2.18876
2.18876
2.18876
2.18876
1.34133
1.34133
0.487503
0.487503
0.895504
0.907542
0.907542
0.907542
0.20586
0.20586
0.20586
0.20586
1.5239
1.44747
2.08769
1.48047
1.48047
1.30876
1.30876
2.12574
0.786234
0.807123
0.807123
1.49451
2.74822
2.40598
2.40598
1.70714
1.70714
2.07188
0.657604
0.657604
0.657604
1.3141
1.3141
1.24149
1.58253
2.14387
2.14387
2.14387
2.14387
1.0033
1.0033
1.0033
0.841242
0.754795
0.754795
0.754795
0.754795
0.754795
0.720639
0.720639
0.751213
0.751213
0.751213
0.751213
0.751213
0.950838
0.950838
0.950838
0.950838
1.08103
1.08103
1.08103
1.08103
1.3523
1.77864
1.77864
1.77864
1.97504
1.73408
1.73408
2.59684
2.59684
2.90838
2.78596
2.78596
2.78596
2.99947
1.94677
1.94677
1.25857
1.25857
1.47209
0.568157
1.06074
1.06074
0.935465
0.839875
0.413594
0.413594
0.413594
0.413594
0.413594
0.413594
0.413594
0.413594
1.39458
1.39458
1.39458
1.66644
1.66644
0.724846
0.585561
0.585561
0.360878
0.360878
0.360878
0.360878
0.360878
0.360878
0.360878
0.360878
0.360878
0.360878
0.360878
0.360878
0.360878
1.16303
1.10254
1.24275
1.48305
1.40106
2.04819
1.89689
0.914264
0.914264
0.674225
1.78791
0.765705
0.765705
1.14336
1.14336
1.62461
1.4171
0.365452
0.365452
0.365452
0.365452
1.57089
1.57089
1.47458
1.47458
1.58558
0.667209
0.705379
0.705379
0.705379
0.727994
0.727994
0.727994
0.727994
1.17788
1.28846
1.28846
1.56243
1.56243
0.844514
0.351034
0.351034
0.351034
0.351034
0.351034
1.33179
1.68785
1.00811
1.00811
0.786139
0.713966
0.713966
0.713966
0.713966
1.02773
1.02773
1.76454
1.91895
1.91895
2.40523
1.84345
1.84345
2.08821
1.99742
1.99742
2.02874
2.0557
2.0557
1.65891
0.770509
0.770509
0.770509
0.770509
0.770509
0.770509
0.919221
0.337424
0.337424
0.337424
0.337424
0.337424
0.337424
0.337424
1.10474
1.10474
1.10474
1.22508
2.57123
2.57123
3.3525
2.54298
2.54298
2.30539
2.30539
2.30539
2.30539
2.30539
2.25231
1.64118
1.56313
1.56313
1.00297
1.00297
1.00297
1.72306
1.77398
2.19897
2.07734
1.78261
1.53875
1.53875
1.53875
0.778259
0.778259
0.778259
0.778259
0.778259
0.327424
0.327424
0.327424
0.327424
0.327424
0.327424
0.327424
0.327424
0.327424
0.327424
0.327424
0.327424
0.327424
0.327424
0.327424
0.327424
0.327424
0.327424
1.41554
0.743508
1.29816
1.29816
1.84995
1.84995
0.788499
0.788499
0.652419
0.652419
0.542542
1.00857
1.00857
0.812418
0.812418
0.374841
0.374841
0.374841
0.374841
0.374841
0.374841
1.0436
1.0436
1.0436
1.14608
1.14608
1.14608
1.14608
0.612074
0.612074
0.93368
0.93368
0.696529
0.64613
0.694872
0.291329
0.291329
0.291329
0.291329
0.291329
0.291329
0.291329
0.291329
0.291329
0.291329
0.291329
0.291329
0.291329
0.916717
0.916717
0.916717
1.19286
1.92299
1.92299
1.92299
2.39033
2.39033
2.63955
2.63955
2.63955
2.80281
2.14667
1.50531
1.50531
1.76197
1.51597
1.51597
1.51597
1.51597
1.36957
1.36957
1.36957
1.97008
3.00203
2.8617
2.8617
2.93304
3.57149
3.15129
2.65006
2.56103
2.13118
2.13118
2.13118
2.13118
1.83615
1.63476
1.48375
1.54278
1.54278
1.39632
1.39632
1.39632
1.39632
2.10223
1.09683
1.09683
1.09683
0.695799
0.695799
0.695799
0.695799
0.695799
1.11991
1.19643
1.2251
1.2251
1.21792
1.77078
1.81467
1.46244
1.46244
1.07966
1.49462
1.67653
1.59761
1.59761
1.65447
1.80129
2.08822
1.41085
1.41085
0.83741
0.83741
0.83741
0.83741
0.83741
0.83741
0.83741
0.83741
0.83741
0.83741
0.695307
0.811783
0.790597
0.790597
0.790597
0.790597
0.386009
0.386009
0.386009
0.386009
0.386009
0.386009
1.30506
1.4788
1.4788
1.06203
1.06203
1.06203
1.06203
1.06203
1.06203
0.260411
0.5717
0.308487
0.308487
0.308487
0.308487
0.308487
0.308487
0.308487
0.308487
0.308487
0.308487
0.308487
0.308487
0.905651
0.905651
0.905651
0.905651
1.54441
1.95248
1.95248
1.37141
2.41539
2.41539
2.41539
2.41539
1.14157
1.14157
0.855988
0.835683
0.835683
1.83263
0.745078
1.49702
1.39032
1.4242
1.4242
1.4242
1.10896
1.10896
1.7358
1.86302
1.18999
1.18999
1.18999
1.24965
2.41693
2.41693
2.81839
1.94788
1.94788
1.94788
1.94788
1.94788
2.18703
1.32403
1.6895
1.6895
1.36336
1.36336
1.74602
1.60264
1.81637
1.72789
1.72789
1.72789
1.72789
1.72789
1.3113
1.3113
1.3113
1.82293
1.97963
1.54099
1.54099
0.880494
0.880494
1.39272
1.0004
1.0004
1.0004
1.0004
1.50659
1.69202
1.91844
1.63665
0.953944
0.953944
0.896149
0.610908
0.610908
0.785839
0.785839
1.20683
0.66277
0.608148
0.608148
0.608148
0.608148
1.39543
1.76935
1.48743
1.37738
1.37738
1.37738
1.54569
1.54569
0.632481
0.632481
1.09379
1.19244
1.17686
1.07131
1.07131
0.416356
0.416356
1.71622
1.19354
0.475638
0.475638
0.475638
0.475638
1.28053
1.0371
0.438899
1.00378
1.00378
1.00378
0.912326
0.912326
0.912326
1.65872
0.869709
0.869709
1.60225
1.68322
1.52894
1.52894
1.16608
1.61797
0.62424
0.62424
0.62424
0.62424
0.57994
0.57994
0.57994
0.423448
0.423448
0.84152
0.84152
0.84152
0.789061
0.789061
1.11619
0.629906
0.629906
0.629906
0.629906
0.369823
1.23242
1.28532
1.72614
1.47885
1.15359
2.03541
2.03541
2.03541
2.03541
2.03541
2.93759
1.63114
1.63114
1.51561
1.51561
1.51561
1.51561
0.778055
0.778055
0.778055
0.778055
0.778055
0.856683
0.856683
0.856683
0.856683
0.856683
0.975151
0.579368
0.579368
0.579368
0.579368
0.579368
0.579368
0.579368
0.649714
1.00279
1.00279
1.08938
1.49684
1.713
1.713
1.99607
1.99607
2.66025
2.66025
2.66025
1.7934
1.3309
1.49427
1.49427
1.49427
1.49427
1.07967
1.07967
1.07967
1.07967
1.07967
1.07967
1.96501
1.96501
2.27061
2.27061
2.24664
2.24664
1.46934
0.748547
0.748547
0.748547
0.748547
0.965523
0.965523
0.965523
0.876677
0.542961
0.542961
0.697482
0.697482
0.697482
0.697482
0.697482
0.697482
0.697482
0.602667
0.602667
0.602667
0.602667
0.602667
0.602667
0.463484
0.463484
0.463484
0.463484
0.560869
0.560869
0.560869
0.560869
0.560869
0.560869
0.553635
0.553635
0.553635
0.821902
0.821902
0.821902
1.41156
1.55531
1.53767
1.53767
1.80755
2.17441
2.17441
2.36384
2.50673
1.78347
1.63595
1.66146
1.53863
1.53863
2.03339
2.05407
2.05407
2.05407
2.05407
2.05407
1.93382
1.24615
1.24615
1.36543
1.36543
1.36543
1.58586
1.79963
1.73359
1.73359
1.73359
1.73359
1.73359
2.01587
2.01587
2.33611
2.0826
2.0826
2.20364
2.34257
2.34257
2.25168
1.89377
1.89377
1.87218
1.69279
1.69279
2.45612
2.45612
2.32759
2.32759
2.32759
1.50763
1.5229
1.78683
1.78683
1.78683
1.78683
1.78683
1.98662
1.92202
1.92202
1.92202
1.25922
1.46459
1.19289
2.0358
2.0358
2.0358
1.56964
1.56964
1.56964
1.09769
1.09769
1.09769
1.09769
1.21408
1.21408
0.564532
1.64549
1.64549
1.64549
1.47002
1.47002
1.95337
2.29581
2.24606
2.24606
2.00738
1.96998
2.65761
2.76163
2.34008
1.23839
1.23839
1.09279
1.09279
1.18557
1.18557
1.89402
2.00133
2.73434
2.59852
1.04465
1.04465
1.04465
1.04465
0.526
0.526
0.526
0.526
0.533903
1.24705
1.24705
1.48123
1.48123
1.48123
2.78926
2.78926
1.90831
1.90831
1.90831
1.90831
1.90831
1.58119
2.28308
2.28308
2.28308
3.22606
3.22606
2.39275
2.66118
2.66118
2.44525
2.12332
2.12332
2.12332
2.12332
2.12332
2.12332
1.30452
0.909038
0.909038
0.909038
1.0979
1.0979
1.0979
1.0979
1.0979
1.40925
1.01149
1.01149
1.01149
1.01149
1.01149
1.01149
1.64387
1.64387
0.884637
0.884637
0.884637
0.884637
0.423669
0.423669
0.423669
0.461682
0.461682
1.57474
1.57474
1.57474
1.57474
1.57474
1.57474
1.57474
1.57474
1.57474
1.57474
1.57474
1.43935
0.856912
0.856912
0.856912
0.856912
0.856912
1.57407
1.57407
1.65262
1.56631
1.56631
1.42455
1.42455
0.996222
1.36392
1.36392
1.36392
1.41194
1.41194
1.41194
1.28775
1.40099
1.78333
1.78333
1.74141
0.936063
0.936063
0.936063
0.936063
0.936063
1.72474
1.33061
0.63153
1.58858
1.58858
1.23926
0.851069
0.851069
0.851069
0.851069
0.653836
0.749417
0.542174
0.542174
1.90913
1.90913
2.04822
2.04822
2.04822
1.59243
1.59243
2.264
1.4755
1.43744
2.25537
1.39186
1.35155
2.22322
1.79078
0.853113
0.853113
0.941394
0.941394
0.941394
1.10369
1.10369
1.10369
1.17535
0.647914
0.647914
0.647914
0.647914
0.647914
0.647914
1.44705
1.44705
1.44705
1.44705
2.62355
2.63636
2.63636
2.63636
2.97173
2.97173
3.04582
2.49513
1.68434
1.68434
1.68434
1.30737
1.30737
1.30737
1.19248
1.6923
1.6923
1.02377
1.02377
1.02377
0.849648
0.849648
0.682475
0.682475
0.641037
0.641037
0.757877
0.757877
1.01727
1.01727
1.01727
1.01727
1.3811
1.3811
1.41695
1.84372
2.03348
1.96579
1.96579
1.96579
1.96579
1.96579
1.29637
1.28285
1.28285
1.03989
1.03989
1.54384
1.41996
1.16586
1.5855
1.90127
1.32079
1.32079
1.84424
1.55295
1.41305
1.41305
1.41305
1.41305
1.41305
1.13715
1.13715
1.13715
1.13715
1.38431
1.38431
1.17716
1.31932
1.53586
1.23731
1.23731
1.26875
1.26875
1.4719
1.4719
1.68224
1.68224
1.03834
1.03834
0.701535
1.0143
0.809718
0.977296
0.977296
0.977296
0.977296
0.617539
0.617539
0.678633
0.678633
1.17312
1.01725
1.01725
0.333186
0.333186
0.333186
0.35878
0.35878
0.35878
0.35878
0.35878
0.777929
0.777929
0.777929
0.777929
0.777929
1.05292
1.05292
1.05292
1.05292
1.05292
1.05292
1.61737
1.61737
0.786847
1.2703
1.36627
1.36627
1.621
1.621
1.63477
1.25257
1.25257
0.947733
0.947733
1.48358
1.48358
1.55153
1.55153
1.39925
1.39925
1.39925
1.39925
0.90354
1.0594
0.79753
0.86482
1.43905
1.512
1.35645
0.486322
0.486322
0.486322
0.486322
0.486322
0.486322
0.486322
0.486322
0.486322
0.488082
0.959763
1.43639
1.48839
0.820645
0.520368
0.520368
1.43444
1.43444
1.43444
1.50394
2.00754
2.00754
2.00754
2.00754
1.80345
2.77323
2.47005
2.61102
1.71292
1.71292
1.71292
1.99231
2.91103
1.91591
1.91591
2.40576
2.40576
2.40576
2.34219
2.12651
1.78851
1.78851
1.78851
1.78851
1.78851
1.78851
2.87121
4.26569
3.6226
3.36873
3.47733
3.47733
3.47733
3.45837
3.45837
3.45837
2.83857
2.83857
3.38055
3.38055
4.58178
4.76569
4.24065
4.61226
4.61226
4.01667
3.36054
3.36054
3.36054
3.6748
3.97249
3.97249
3.97249
3.15767
2.06801
2.06801
2.06801
1.31043
1.27382
1.72747
2.03514
2.07242
2.07242
2.04103
2.04103
1.00117
1.00117
1.40069
1.40069
1.53581
1.53581
1.53581
1.53581
0.679868
0.44619
0.44619
0.44619
0.44619
0.44619
0.44619
0.44619
0.44619
1.55617
1.82659
1.6969
1.46567
0.941381
0.941381
1.34091
1.25561
1.43966
1.43966
1.94703
2.24207
2.24207
2.24207
1.84924
1.81965
2.26666
2.23382
2.94048
2.64456
2.20611
2.68655
1.5871
1.5871
1.5871
1.34633
1.34633
1.34633
0.466205
0.466205
0.466205
0.466205
0.466205
0.466205
0.466205
1.78491
1.78491
1.78491
1.78491
1.80493
1.80493
1.80493
0.932054
1.20045
0.14582
0.14582
0.14582
0.14582
0.14582
0.14582
0.14582
1.44131
1.43051
1.43051
0.433153
0.433153
1.18868
1.18868
1.16751
1.16751
1.16751
2.1316
2.6173
2.51973
2.51973
2.51973
2.66047
2.66047
2.33236
2.33236
2.2776
3.16041
2.59695
2.98578
1.57427
1.22598
1.22598
0.195898
0.195898
0.195898
0.195898
0.195898
0.575214
0.575214
0.575214
0.575214
0.575214
0.575214
0.575214
1.04571
1.27678
1.27678
1.62911
1.62911
1.27589
1.30816
1.12566
1.77116
1.77116
2.73583
2.72084
1.95262
1.00388
1.00388
1.00388
1.00388
1.00388
1.00388
2.2786
2.24048
2.24048
1.95063
1.99532
2.17381
2.17381
2.17381
2.00699
2.32311
1.41805
1.28356
1.70865
1.70865
0.502311
0.502311
0.502311
0.502311
0.502311
0.502311
0.502311
0.227979
0.227979
0.227979
0.934037
1.17035
1.03427
0.464955
0.464955
0.464955
0.464955
0.983638
0.669366
0.669366
0.669366
0.669366
0.669366
0.686858
1.29081
1.29081
1.66762
1.32988
1.32988
1.32988
0.474128
1.27201
0.916414
1.41827
0.792842
1.2385
0.853508
1.3173
0.719129
0.449075
0.71901
0.522684
0.522684
0.522684
0.522684
1.57679
1.42217
1.17543
1.17543
1.64088
1.12427
1.12427
0.921006
1.1472
1.00884
1.62145
1.8147
1.57567
0.545264
0.545264
0.164992
0.164992
0.164992
0.164992
0.164992
0.164992
0.164992
0.164992
0.164992
0.164992
0.164992
0.164992
0.903775
1.72936
1.81719
1.6715
1.32227
1.73041
1.016
0.930219
1.08002
1.08002
1.08002
1.08002
1.08002
1.32169
0.884106
0.884106
0.884106
0.811541
0.811541
0.821627
0.821627
0.821627
0.821627
0.781912
0.781912
0.801443
0.801443
0.801443
0.801443
1.57581
1.9414
1.9414
1.96705
1.96705
1.96705
1.05803
1.89631
1.89631
1.89631
1.89631
1.89631
1.88969
1.88969
1.88969
1.49972
1.07365
1.00867
1.00867
0.991782
0.803903
1.23098
1.13369
2.42072
1.64671
1.64671
1.46544
1.46544
1.35869
1.35869
0.982971
0.982971
0.982971
0.755561
0.316115
0.316115
0.316115
0.316115
0.316115
0.316115
1.20668
1.20668
1.9074
2.70054
2.70054
2.34981
2.34981
2.34981
2.36418
2.36418
2.01435
2.01435
3.08294
2.9198
2.9198
2.66331
2.99474
2.99474
2.86376
2.86376
2.08428
2.08428
2.08428
2.16532
1.10281
1.28411
1.00616
1.00616
1.00616
0.865636
0.865636
0.938392
0.987472
0.987472
0.987472
0.987472
0.987472
0.987472
1.63649
1.63649
1.22821
0.798827
0.798827
1.09215
1.09215
1.60371
2.84101
3.00288
3.17401
3.16908
2.62449
2.62449
1.58854
2.03932
1.41654
1.41654
1.41654
1.41654
1.0813
1.0813
1.0813
1.0813
1.81874
1.81874
2.04185
2.04185
2.04185
1.50513
1.50513
1.50513
1.45301
1.60682
1.60682
1.60682
1.60682
1.60682
1.60682
1.1524
1.14762
1.14762
0.399167
0.539065
0.539065
0.539065
0.539065
0.539065
1.11459
1.13391
1.13391
1.13391
0.814444
1.75495
1.75495
1.75495
1.75495
1.92246
1.92246
1.95781
1.95781
1.95781
3.31448
3.35549
3.35549
4.01192
4.01192
3.70586
4.4632
4.4632
4.4632
4.54726
4.01092
4.58387
4.58387
4.55002
4.16284
4.16284
4.01058
3.28778
2.82574
2.82574
3.15235
3.15235
3.02225
3.02225
3.02225
3.02225
2.94433
3.15937
2.66475
2.66475
2.94543
2.89335
3.00302
3.20155
3.54282
3.54282
3.76596
4.03467
5.38113
4.62282
4.16002
3.62688
3.66843
2.86466
2.41607
2.41607
2.20011
2.34889
2.34889
1.37654
2.11335
2.11335
2.11335
2.11335
1.56988
1.20566
1.20566
1.00974
1.00974
1.00974
1.00974
1.00974
1.13699
1.13699
1.13699
1.32556
1.31902
1.31902
1.31902
1.31902
1.31902
1.31902
1.31902
1.31902
0.922222
0.922222
0.922222
2.04468
2.04468
1.59528
0.43305
0.635939
0.635939
0.635939
0.635939
0.635939
0.942061
0.942061
1.12134
1.24339
1.21461
1.35997
0.531015
0.531015
0.531015
0.531015
0.531015
0.531015
0.818884
2.06752
2.07105
2.07105
2.07105
2.24713
2.24713
2.24713
1.41351
1.41351
1.46051
1.46051
1.22904
1.22904
1.22904
0.87364
1.25192
1.25192
1.25192
1.25192
1.25192
0.95594
0.95594
0.78728
0.78728
0.78728
0.78728
1.40423
1.90262
1.90262
1.61201
1.66734
1.66734
1.66734
1.66734
1.66734
1.79044
1.80753
1.80753
1.80753
1.87106
2.42711
2.99452
1.89273
1.89273
1.65435
1.87362
1.87362
1.87362
1.35626
1.35626
1.35626
2.57457
1.73547
1.50105
1.50105
2.43142
1.21907
1.21907
1.65662
1.85683
2.312
1.88957
2.00126
2.15126
2.15126
2.85373
2.85373
2.85373
2.85373
2.85373
2.24739
2.24739
2.48738
2.3722
2.3722
2.28086
1.59812
1.17191
1.17191
1.16005
1.16005
1.16005
1.16005
1.16005
1.16005
0.379804
0.379804
0.961339
0.961339
0.961339
0.961339
0.961339
0.961339
1.32253
0.929226
0.929226
0.929226
0.929226
0.90877
0.90877
0.90877
0.90877
0.77209
0.77209
0.66693
2.10029
2.04871
2.52071
2.14042
2.14042
2.14042
1.95865
2.05049
0.920054
0.920054
0.920054
0.920054
1.36079
1.94576
1.94576
1.94576
1.88391
1.91313
2.34805
2.34805
2.34805
2.02041
2.02041
2.59971
2.67746
2.80672
2.84223
2.88237
2.36193
2.36193
1.24827
1.18993
0.602021
0.602021
0.823835
0.571161
0.857425
0.884404
0.884404
0.626428
0.626428
0.626428
0.505656
0.505656
0.505656
0.505656
0.505656
1.22686
1.22686
1.74414
1.46546
1.46546
1.8103
2.38
2.38
2.38
2.38
2.24615
2.24615
2.24615
2.24615
2.24615
3.18392
3.23517
3.63672
4.16236
4.42695
5.3129
5.3129
5.69267
6.04739
6.12097
6.19976
6.20348
4.8787
4.8787
4.69435
4.69435
4.69435
3.98904
3.98904
3.98904
3.98904
4.33106
4.33106
4.33106
3.28104
3.91837
3.94587
4.02206
4.02206
4.4026
3.64522
3.64522
3.64522
3.10567
3.10567
3.35947
3.56815
3.4687
3.4687
3.13783
3.13783
2.83277
2.83277
2.60903
2.60903
3.30225
3.04256
2.62448
2.62448
2.36129
2.0131
2.0131
2.0131
2.0131
2.0131
3.45527
2.95428
2.94626
2.94626
2.94626
2.94626
3.21168
3.21168
3.21168
3.21168
2.5311
1.83627
2.04893
2.04893
2.04893
2.36566
2.01043
2.01043
2.08633
2.08633
2.08633
1.92842
2.08546
1.78356
1.78356
1.78356
1.25868
1.25868
0.338384
0.338384
0.338384
0.338384
0.338384
0.338384
0.338384
1.57454
2.01264
0.738794
0.738794
0.738794
0.738794
0.538201
0.538201
0.538201
0.873446
0.873446
0.873446
0.873446
0.873446
1.56663
1.57251
1.57251
1.57251
1.23221
1.23221
1.23221
1.23221
1.34806
1.34806
1.74671
1.79582
1.34771
0.524639
0.524639
1.26037
0.669742
0.669742
0.669742
0.669742
0.669742
0.995295
0.995295
0.991571
0.991571
0.991571
0.991571
0.991571
1.32928
1.26985
2.45019
1.15438
1.15438
1.43837
1.04845
0.800523
0.800523
0.800523
1.50982
1.50982
1.50982
1.50982
2.2502
1.82706
0.662192
0.761707
0.761707
1.31958
1.31958
1.31958
1.31958
1.31958
1.34723
1.48966
1.39477
1.39477
1.13692
1.13692
1.13692
1.02185
1.02185
1.02185
0.985725
0.985725
0.985725
0.985725
1.07338
0.688974
0.688974
0.688974
0.688974
0.606058
0.606058
0.600619
0.600619
0.600619
0.600619
0.600619
0.600619
0.600619
0.600619
0.600619
0.800826
1.16754
0.606135
0.606135
1.54453
0.725634
1.01979
0.721206
0.721206
0.447051
0.447051
0.447051
0.447051
0.447051
0.447051
0.447051
0.447051
0.447051
0.413728
0.413728
0.413728
1.08994
1.08994
1.08994
1.08994
1.08994
0.829298
0.829298
0.829298
0.829298
0.829298
0.829298
0.421856
0.421856
1.32891
1.32891
1.34067
2.09302
2.09302
2.22982
2.38704
1.61484
1.66403
1.66403
1.66403
1.66403
0.923479
0.923479
0.9185
1.25499
1.09314
0.983792
0.983792
1.1537
1.1537
1.4909
1.51519
1.62749
1.62749
1.24228
1.09904
0.538994
1.31014
1.31014
1.31014
2.13948
2.13948
2.55981
2.4709
2.4709
1.25199
0.238011
0.238011
1.18404
1.38654
1.38654
1.16764
1.16764
1.1397
1.1397
0.982318
1.65538
1.65538
1.95121
2.33201
1.84803
1.99826
2.66912
2.66912
2.66912
2.66912
2.66912
2.33793
2.33793
2.33793
2.49775
2.49775
3.4092
3.51795
3.86174
3.86174
4.53906
4.53906
4.53906
4.0425
4.16572
4.33524
4.17799
4.14035
4.14035
4.14035
3.36479
3.36479
3.36479
3.36479
3.36479
2.18787
3.00342
3.00342
3.00342
3.00342
2.705
2.99162
2.99162
2.99162
2.41669
2.41669
1.76715
0.472823
0.472823
1.60267
1.59042
1.35756
1.35756
1.35756
0.937963
1.17932
0.90488
0.90488
0.369711
0.369711
0.369711
0.535956
0.535956
0.535956
1.0063
0.829908
0.661566
0.661566
0.829138
1.15076
1.36138
1.99001
1.37386
2.18635
2.18635
2.07014
2.07014
2.15412
2.70627
1.29956
1.19092
1.45496
2.07028
2.07028
1.24479
1.24479
1.24479
1.24479
1.72597
1.90676
1.90676
1.90676
2.23452
2.05283
2.13719
2.43614
1.62309
1.62309
1.62309
1.62309
1.96731
1.39587
1.27046
1.27046
1.02737
1.02737
1.00501
1.00501
1.00501
1.00501
0.604986
0.92535
0.981243
0.697966
0.697966
0.697966
0.697966
0.697966
0.866254
0.866254
0.866254
0.866254
0.866254
0.640339
0.640339
0.640339
1.12928
1.33309
1.33309
1.33309
1.33309
1.33309
1.33309
1.33309
1.33309
1.33309
1.19388
1.19388
1.19388
0.810751
0.810751
0.810751
0.810751
0.404447
0.404447
0.404447
0.404447
0.404447
0.6642
0.457814
0.603036
0.603036
0.76856
0.76856
0.598759
0.43798
0.43798
0.43798
0.43798
0.43798
1.11789
2.16594
2.49305
2.49305
2.49305
2.49305
2.58655
2.46453
2.46453
3.055
3.055
1.46148
0.409264
0.409264
0.409264
0.779164
0.779164
0.779164
0.877781
0.884026
0.884026
0.884026
0.884026
1.84853
1.48382
1.3302
2.33549
1.92024
1.92024
1.25022
1.57453
1.57453
1.28155
1.28155
0.550844
0.964424
0.964424
0.778065
0.778065
0.778065
0.778065
0.901922
0.636852
0.636852
0.968941
0.968941
0.565151
0.565151
0.464708
0.723589
0.723589
0.723589
0.723589
0.723589
0.723589
0.723589
0.723589
0.723589
0.376284
0.376284
0.376284
0.376284
0.376284
0.376284
0.838906
0.838906
0.838906
0.838906
0.812828
0.812828
0.828942
0.828942
0.633154
0.787872
0.787872
0.800958
0.800958
0.435926
0.773629
0.773629
0.773629
0.773629
0.773629
0.900241
0.900241
1.75766
0.291986
0.291986
0.291986
0.291986
0.291986
0.291986
0.291986
1.07974
1.07974
1.07974
0.741614
0.741614
0.793767
1.94426
2.15449
2.15449
2.15449
2.64161
2.64161
2.64161
1.20177
0.72823
0.538407
0.538407
0.538407
0.538407
0.786848
0.786848
0.786848
0.786848
0.676862
0.502111
0.502111
0.502111
1.30526
1.30526
1.30526
1.30526
1.62439
1.22353
1.22353
1.59482
1.59482
1.78171
1.78171
1.792
1.792
1.792
1.792
1.66136
2.1022
2.1022
1.15146
1.56316
1.65024
1.65024
1.65024
1.65024
1.65024
1.99123
1.33299
1.33299
1.33299
1.33299
1.33299
1.33299
1.17373
0.402655
0.402655
0.402655
0.719373
0.861125
1.34114
1.34114
0.99198
0.99198
0.72604
0.72604
1.62597
1.62597
1.62597
2.24905
1.76126
1.50154
1.41343
0.881208
0.624358
1.01047
1.01047
0.751522
0.751522
0.751522
1.64584
1.10584
1.10584
1.10584
1.10584
1.10584
1.26198
1.26198
1.26198
1.31305
1.31305
1.87632
1.87632
2.24664
2.24664
2.24664
1.6765
1.51578
1.58545
1.47635
1.71236
1.71236
1.78714
1.78714
1.30521
1.30521
2.53578
2.53578
2.53578
2.14011
2.14011
2.61142
2.32726
1.44938
0.434161
0.93837
0.93837
0.474337
0.474337
0.474337
0.474337
0.474337
0.474337
0.474337
0.35378
1.20387
0.752063
0.752063
0.752063
0.70607
0.70607
0.70607
0.457234
0.457234
1.22514
1.52037
1.95197
1.95197
2.44499
2.34791
2.34791
2.41253
2.20418
1.95623
1.95623
0.928651
0.928651
1.34862
1.34862
0.687038
0.687038
0.687038
1.64635
1.56728
1.82097
1.82097
1.49984
1.49984
2.13094
2.13094
2.13094
1.97175
1.97175
1.97175
2.87895
2.87895
3.03768
2.50079
2.40951
2.33607
2.33607
1.4849
1.88472
1.00351
1.00351
0.794854
2.1949
2.1949
2.65941
2.7665
2.7665
2.46574
2.46574
2.90462
2.90462
2.90462
2.32578
2.38567
2.38567
1.4584
1.4584
1.04068
1.04068
1.04068
0.887547
0.710006
0.710006
0.710006
0.988335
0.953066
0.953066
0.953066
0.953066
1.92876
1.92876
1.44591
1.44591
0.835122
1.2725
0.850155
0.850155
0.850155
0.850155
0.850155
0.466596
0.466596
0.466596
1.05617
1.02904
1.02904
1.02904
1.27276
1.27276
1.34235
2.46505
2.37226
1.65387
2.37487
1.68074
1.2914
1.78856
2.3264
2.81005
2.9825
2.74101
2.62486
3.35349
3.93921
3.45464
3.24926
2.60699
2.75414
2.97739
2.21009
3.52056
3.79559
3.08475
3.08475
2.88235
4.07118
3.65352
3.13946
2.84903
2.33745
2.00927
1.51257
1.51257
1.29498
1.29498
1.29498
1.29498
1.49432
0.950665
1.41185
2.01666
0.978342
0.978342
0.219182
0.219182
0.219182
0.627513
0.627513
0.627513
0.627513
0.627513
1.0494
1.0494
1.0494
1.0494
0.311266
0.696491
0.696491
0.676161
0.908844
0.908844
1.1165
1.1165
1.51666
1.51666
1.77633
1.21669
1.21669
1.29499
1.97528
1.97528
1.97528
1.67622
2.17051
2.17051
2.17051
2.58929
2.58929
2.93234
2.12628
2.93945
2.9099
2.9099
2.88285
2.88285
3.64194
3.33533
3.33533
3.54315
3.54315
3.54315
3.54315
3.54315
3.03493
3.03493
3.70323
3.70323
3.70323
3.70323
3.70323
3.46547
2.92728
3.04046
3.04046
2.85699
3.05997
3.3614
2.46496
2.46496
2.46496
2.46496
2.78625
3.96742
3.96742
2.99535
2.60633
2.60633
1.67875
1.67875
1.5388
2.27793
2.27793
2.29972
1.12133
0.652871
0.652871
1.30563
0.612815
0.612815
0.689545
0.689545
0.689545
0.747373
1.34533
1.34533
1.34533
1.34533
1.25334
1.25153
1.25153
2.2355
2.17332
2.17332
2.17332
2.17332
1.56841
2.04922
2.04922
1.51892
0.18453
0.18453
0.18453
0.18453
0.18453
0.18453
0.18453
0.18453
0.604198
0.604198
0.604198
0.604198
0.604198
0.604198
0.604198
0.604198
0.591941
0.591941
0.591941
0.975737
1.6095
1.7358
1.6596
1.6596
1.6596
2.00237
2.00237
2.00237
3.01222
2.96128
3.52137
3.91534
3.72717
3.61756
2.96869
2.61571
2.61571
2.61571
2.6024
2.6024
2.6024
3.24209
2.30754
2.30754
2.30754
1.81022
1.80035
1.80035
1.33988
1.33988
2.04952
2.04952
1.53313
1.71338
1.71338
2.81172
3.07825
3.07825
1.93884
1.93884
2.66801
2.73251
2.73251
2.02809
1.50437
1.50437
1.60348
1.60348
1.9019
1.53706
1.4495
2.71669
2.57943
2.34549
2.34549
2.34549
1.36531
1.36531
1.36531
1.36531
1.3613
1.48376
1.48376
0.837326
0.560002
0.560002
0.835125
0.835125
0.829793
0.822606
0.284059
0.284059
0.284059
0.284059
0.593467
0.593467
0.987788
0.987788
0.987788
0.987788
0.987788
0.882065
1.59583
0.703504
0.703504
0.703504
0.703504
0.703504
0.703504
0.703504
1.29053
1.29053
1.29053
1.18694
1.18694
1.41043
1.57216
1.57216
1.57216
1.57216
2.18915
1.56122
1.32663
1.21395
1.21395
1.21395
1.21395
1.21395
1.21395
2.21762
2.21762
1.48485
1.47559
1.55293
1.20111
1.3554
1.84854
2.30548
2.30548
2.47742
1.6701
1.64307
1.64307
2.56926
2.75938
2.95661
2.32338
2.4968
2.4968
2.31933
1.36631
1.36631
1.48076
1.72414
1.72414
1.89398
1.89398
1.89398
1.33997
1.33997
1.33997
1.33997
2.35332
2.35332
3.06601
3.06601
3.33774
3.33774
3.46986
3.46986
3.43374
3.43374
3.43374
3.47149
3.11304
2.89328
1.54789
1.83004
1.46197
1.46197
1.15136
2.01754
2.01754
2.89833
2.60723
2.60723
3.21283
1.93094
1.93094
1.73376
1.10608
1.63331
1.63331
1.36252
1.36252
1.0589
1.0589
1.0589
1.0589
1.41241
1.59835
1.38976
2.19072
2.19072
2.53038
2.39907
2.14384
1.21823
1.21823
1.21823
1.43047
1.43047
0.860077
0.860077
0.860077
0.860077
0.860077
1.39705
1.39705
1.53717
1.62211
0.955859
0.955859
0.955859
0.781578
0.34431
0.34431
0.34431
0.34431
0.908024
0.908024
0.908024
0.908024
0.594872
0.986736
0.986736
1.23674
2.10028
2.10028
1.99478
1.89513
1.70986
1.8528
2.65543
2.53064
2.53064
2.3175
2.43047
2.43047
2.43047
2.43047
2.43047
2.43047
2.43047
2.43047
2.43047
2.43047
2.36853
1.97989
2.01229
2.27334
2.27334
1.80692
1.75692
1.75692
1.75692
1.63815
1.15787
1.01523
1.42318
1.42318
1.22892
1.22892
0.848741
0.848741
1.58528
1.40994
1.16564
1.21273
1.21273
0.819031
0.820309
0.820309
0.820309
0.820309
0.820309
0.820309
1.26427
1.26427
0.80847
1.74582
1.81998
1.81998
2.69382
2.69382
1.97521
2.06719
2.75471
2.66606
1.86138
1.55472
1.95153
1.95153
1.95153
1.95153
1.95153
1.95153
1.95153
1.95153
2.21412
2.14573
2.14573
2.14573
2.77961
2.77961
2.77961
2.76718
2.76718
2.79814
2.79814
3.31806
3.57539
3.42203
2.53459
2.86361
2.86361
2.86361
2.62314
2.69211
2.69211
3.49579
3.1012
3.10847
3.10847
2.73349
2.73349
2.73349
2.0445
2.0445
2.2486
2.19212
1.5315
0.596031
0.596031
0.596031
0.806265
0.806265
1.15973
1.15973
0.77293
0.77293
0.77293
0.77293
0.77293
0.77293
0.77293
0.917549
0.917549
0.73106
0.992507
1.51451
1.51451
1.51451
1.51451
1.51451
1.80898
1.80898
1.63542
1.39243
1.39243
1.39243
1.35764
1.5237
1.40042
1.40042
1.55875
1.55875
1.55875
1.55875
1.55875
1.33973
0.850693
0.850693
1.13489
1.96009
1.51573
1.51573
1.37453
1.22726
1.22726
1.22726
0.550538
1.01962
1.01962
1.01962
1.43895
1.43895
0.715586
1.06409
1.95548
1.16629
1.55972
0.78063
0.78063
0.78063
0.78063
0.78063
0.78063
0.78063
0.78063
0.78063
0.78063
1.92822
1.97792
1.97792
2.20992
2.98023
2.90066
2.90066
2.09637
2.09637
0.988185
0.988185
0.988185
0.5617
0.5617
0.5617
0.899852
0.899852
0.899852
0.899852
1.09387
1.1877
0.932419
0.932419
0.932419
0.932419
0.932419
0.932419
0.652044
0.61051
0.61051
0.61051
0.61051
0.61051
0.636653
1.02168
0.945318
0.900964
0.900964
0.893089
0.893089
0.893089
0.893089
0.893089
1.38925
1.38925
1.38925
1.38925
1.38925
1.71697
1.71697
1.71697
1.25263
1.16747
1.16747
1.16747
1.812
1.69601
1.69601
2.18367
2.18367
2.18367
1.81023
1.79828
2.12161
2.00451
2.60045
2.46283
2.46283
2.0887
2.02182
2.57611
2.69913
1.32975
1.8216
1.08533
1.08533
1.08533
1.27562
1.27562
1.27562
1.27562
1.27562
1.00727
1.54815
1.54815
1.30716
1.30716
0.877581
0.932928
1.19454
0.34896
0.49025
1.38044
1.38044
1.38044
0.255828
0.255828
0.282532
0.282532
0.282532
0.708415
0.403893
0.738506
0.738506
0.738506
1.03668
0.679134
0.679134
0.679134
0.696384
0.696384
0.696384
0.696384
0.696384
0.696384
0.982853
0.982853
1.34651
1.34651
1.34651
1.19095
2.25771
2.25771
2.25771
2.25771
2.25771
1.66362
1.79008
1.47971
0.669891
0.669891
0.669891
0.669891
0.669891
0.466201
0.466201
0.466201
0.466201
0.674885
0.902892
0.902892
0.902892
0.902892
0.902892
1.43659
1.69444
1.69444
1.69444
1.69913
1.69913
2.50507
2.50507
2.50507
2.50507
2.50507
2.73881
3.12631
3.12631
2.07323
1.69517
1.30025
1.07059
1.07059
1.07059
1.51735
1.7934
0.43617
0.43617
0.30021
0.30021
0.30021
0.30021
0.30021
0.30021
0.30021
0.30021
0.30021
0.30021
0.30021
0.30021
0.30021
0.357153
0.357153
0.357153
0.357153
0.357153
0.357153
0.357153
1.58135
1.58135
1.68227
1.68227
1.68227
1.68227
1.68227
1.68227
1.68227
1.64994
1.64994
1.1561
1.1561
1.38615
1.38615
1.51884
1.51884
0.923623
1.85656
1.85656
1.85656
1.61901
1.61901
1.92004
1.92004
1.92004
1.92004
1.81974
2.18052
2.24453
2.24146
2.24146
2.24146
2.24146
2.24146
2.24146
2.24146
1.83289
1.83289
1.5099
1.5099
1.5099
1.5099
1.7836
1.7836
1.7836
2.10149
2.10149
0.973222
0.940182
0.940182
0.940182
1.72025
1.72025
0.850054
1.04096
1.86665
1.86665
1.38911
1.75867
1.75867
1.64613
1.64613
1.90299
1.90299
1.90299
1.90299
1.90299
1.90299
1.90299
1.14714
1.14714
1.14714
1.14714
1.13155
1.7354
1.77328
1.05143
0.919324
0.668532
0.668532
0.668532
0.668532
0.668532
0.668532
0.668532
0.668532
0.668532
0.668532
0.668532
1.34185
1.34185
1.34185
1.29087
1.29087
1.99419
1.99419
2.62129
2.34951
1.89799
2.14076
1.5766
1.10525
1.50797
1.50797
1.50797
1.50797
1.50797
0.721329
0.567889
0.567889
0.567889
0.567889
0.661119
0.661119
0.661119
0.661119
0.661119
0.661119
0.665909
0.586986
0.586986
0.586986
0.586986
0.966893
0.36763
0.36763
0.36763
0.859326
0.859326
0.859326
0.859326
0.811173
0.811173
0.811173
0.660786
0.867266
0.867266
0.867266
0.867266
0.867266
0.867266
0.867266
0.867266
0.867266
0.867266
1.5704
1.5704
1.5704
0.705158
0.838432
0.629844
1.06133
1.06133
1.88778
1.88778
2.43703
2.11233
2.02817
2.01707
2.01707
2.13048
2.24646
2.0219
1.5561
1.61494
1.07052
1.07052
1.0173
1.0173
1.0173
1.0173
1.36831
2.12096
1.92894
2.56383
1.61558
1.61558
1.3444
2.30278
2.30278
2.2803
2.2803
2.08403
2.08403
1.42291
2.2299
2.55373
2.55373
3.14776
3.34073
3.77431
3.77431
3.26136
3.26136
4.20606
4.31983
4.4797
4.4797
4.0813
3.79982
4.18587
4.15415
3.30568
3.30568
3.30568
3.40031
3.40031
3.40031
3.23538
3.23538
3.11238
3.00633
2.94388
3.29005
2.13083
2.32771
2.32771
2.24303
2.87448
2.87448
3.14509
2.65037
3.62544
3.34691
1.72721
0.645629
0.645629
1.06058
1.06058
1.97112
1.97112
1.97112
1.45099
1.45099
0.629033
0.629033
0.629033
1.53541
1.63637
1.63637
1.35653
1.82332
1.82332
1.70716
1.70716
1.33185
1.33185
1.33185
1.33185
1.68929
0.714242
0.714242
0.714242
0.714242
0.71518
1.05184
1.05184
1.05184
1.64948
0.870356
0.86685
0.86685
0.86685
0.937881
1.11361
1.11361
1.11361
1.46454
2.11294
1.98869
1.46796
1.46796
1.82962
1.44795
1.44795
1.36349
1.2056
1.21151
1.21151
1.21151
1.21151
1.23089
0.952467
0.952467
0.796024
0.796024
0.796024
0.796024
0.964223
0.964223
0.964223
1.79355
1.79355
1.79355
1.00692
0.584314
1.00308
1.05027
1.05027
1.05027
1.19768
1.19768
1.19768
1.19768
1.03802
1.03802
1.03802
1.03802
1.03802
1.05871
1.05871
1.05871
1.05871
1.00601
1.00601
1.00601
0.428895
0.428895
0.428895
1.06748
1.26654
1.26654
1.99925
1.99925
1.36439
1.36439
1.36439
1.36439
0.837327
1.12265
1.23632
1.23632
0.425388
0.697513
0.697513
0.697513
0.697513
0.959979
0.959979
0.959979
0.959979
1.05413
2.02868
3.20948
3.13011
3.2694
3.16542
3.85391
3.85391
3.77764
3.77764
3.25375
3.25375
3.08006
3.08006
2.26353
2.26353
2.26353
2.26353
1.85207
1.86638
1.86638
1.67582
1.67582
1.61138
0.708075
0.708075
0.579622
0.579622
0.579622
0.579622
0.579622
0.579622
0.579622
0.579622
0.579622
0.579622
0.579622
0.579622
0.579622
0.579622
0.579622
0.579622
0.579622
0.579622
0.579622
0.579622
1.00194
0.963262
0.764119
1.28659
0.748317
0.748317
0.748317
0.748317
0.748317
1.25214
1.25214
1.99725
1.93057
2.17803
2.22903
2.98486
2.98486
2.98486
2.98486
2.59247
2.59247
1.90531
2.61237
2.26678
2.15556
2.19869
2.96468
2.52174
1.12874
1.37159
1.38564
0.415646
0.334623
0.50337
0.50337
0.50337
0.50337
0.50337
0.741977
0.741977
0.942486
0.942486
0.942486
0.942486
0.942486
0.942486
0.888881
0.888881
0.945685
1.66992
0.733473
1.31367
1.18639
0.990462
0.990462
0.280072
0.280072
0.280072
0.280072
0.280072
0.280072
0.280072
0.280072
0.280072
1.13823
1.13823
1.222
1.222
1.10276
1.10276
1.10276
1.4335
2.62307
2.15956
2.15956
0.63832
0.63832
0.63832
0.746007
0.746007
0.746007
0.746007
0.788941
0.788941
1.6881
1.6881
1.11736
1.32398
1.52348
1.52348
1.52348
1.52348
0.433748
0.433748
0.433748
0.433748
0.433748
1.51413
0.995481
0.995481
1.46012
1.46012
1.03991
1.03991
1.37712
1.37712
1.05616
1.05616
0.985856
1.09642
1.09642
1.09642
1.09642
1.09642
1.09642
1.09642
1.89926
1.89926
1.89926
1.51313
0.747561
0.747561
0.747561
0.79343
0.79343
0.79343
0.79343
0.920377
0.897772
0.897772
0.897772
0.897772
0.897772
0.897772
0.897772
0.897772
1.11153
1.42412
1.24565
1.24565
1.24565
1.45718
1.33438
2.06317
2.06317
2.06317
2.06317
2.06317
2.72568
2.36008
2.36008
1.40739
1.32538
1.96605
2.46837
2.08897
2.08897
1.44509
1.49273
0.953052
0.953052
0.953052
0.953052
0.953052
0.953052
0.953052
0.953052
0.953052
0.943508
0.943508
1.02034
1.02034
1.20598
1.20598
1.20598
1.75053
1.75053
1.67051
1.67051
0.667728
0.667728
0.667728
0.667728
0.667728
0.667728
0.667728
0.667728
0.667728
0.667728
0.667728
0.667728
1.55519
0.701416
0.701416
0.701416
0.701416
0.704937
1.48294
1.48294
1.48294
1.48294
1.48294
2.60643
2.39737
2.60681
2.60681
2.60681
2.60681
1.36162
1.36162
1.36162
1.36162
1.13429
1.14579
1.14579
1.14579
0.657189
0.657189
0.754446
1.27124
0.873422
0.873422
0.455255
0.455255
0.455255
0.455255
0.666754
0.752137
1.57582
1.57582
0.806912
0.806912
0.935256
1.68468
1.31489
1.28775
1.28775
1.24304
1.26572
1.26572
1.26572
1.26572
0.707193
0.707193
0.707193
0.707193
0.983652
1.7139
1.7139
0.649149
1.42312
1.42312
1.08165
1.08165
1.08165
1.08165
1.08165
1.08165
1.08165
1.69351
1.69351
2.70019
2.70019
2.22242
2.22242
1.41877
1.26174
1.34697
1.34697
1.7981
1.40239
2.29134
2.29134
2.17158
2.25621
2.5352
2.48709
2.87375
2.87375
3.08948
1.85178
1.7399
0.917453
0.917453
1.32551
1.32551
1.77413
1.77413
2.39289
2.39289
2.07502
1.14021
1.15548
1.17437
1.02685
1.02685
1.02685
0.464118
1.47916
1.15746
1.15746
1.15746
1.02083
1.34213
1.34213
1.48677
1.84829
1.84829
1.84829
2.78903
2.15302
2.12295
1.66743
1.87069
1.87069
1.87069
1.87069
1.12948
1.3991
1.3991
1.3991
0.584936
1.06028
0.938973
0.938973
1.4919
0.584559
0.584559
0.584559
0.584559
0.584559
0.131559
0.131559
0.131559
0.81595
1.09798
1.50211
1.77681
1.66107
1.7154
1.87967
1.58261
2.00437
2.00437
2.00437
2.00437
2.00437
2.1262
1.7597
2.10578
1.45097
1.45097
1.75474
0.791795
0.791795
0.791795
0.791795
1.20611
0.610342
0.610342
0.610342
1.81043
1.8539
1.8539
1.62968
1.62968
1.47777
1.47777
1.47777
1.00043
1.00043
1.00043
0.547793
1.5094
1.57795
1.57795
1.57795
1.04659
1.42889
1.54371
0.377428
0.377428
0.377428
0.377428
0.377428
0.377428
0.377428
0.377428
0.377428
0.377428
0.377428
0.377428
0.377428
1.14304
1.14304
1.14304
1.14304
2.13701
2.19836
2.19836
2.19836
2.19836
2.31643
2.23145
1.19615
0.743251
0.362849
0.362849
0.362849
0.708964
0.708964
0.708964
1.00495
1.00495
0.475941
1.34215
1.34215
1.34215
2.0666
2.0666
1.27457
1.27457
1.27457
1.12836
1.0953
1.0953
1.32677
0.982943
0.75556
0.75556
0.75556
0.820385
0.820385
0.820385
0.681894
0.681894
0.681894
0.681894
0.681894
0.803967
0.803967
0.803967
0.803967
0.327741
0.327741
0.327741
0.327741
0.327741
0.327741
0.475843
0.475843
0.475843
0.475843
0.475843
0.475843
1.23821
1.92471
1.69524
1.5265
1.5265
1.5265
2.17809
2.17809
2.02134
2.02134
2.02134
2.07256
2.07256
1.7372
2.67602
2.67602
2.67602
2.9739
2.54275
2.27656
2.27656
1.68576
0.668062
0.668062
0.668062
0.963829
0.963829
0.963829
0.963829
2.20659
1.78524
1.78524
1.26325
1.26325
1.26325
1.26325
0.934823
0.934823
0.934823
0.934823
0.934823
0.938273
0.485244
0.485244
0.485244
0.485244
0.485244
0.485244
0.485244
1.20477
0.937508
0.937508
0.937508
0.937508
0.499492
0.499492
0.499492
0.499492
0.499492
0.499492
1.05211
1.66298
1.56616
1.91973
2.39109
2.03587
2.03587
2.03587
0.932234
0.932234
0.932234
1.47276
1.47276
1.47276
1.14794
1.33285
1.33285
1.28978
1.22636
1.72333
1.72333
1.72333
1.72333
1.3044
1.3044
1.3044
1.3044
1.35545
1.35545
0.452904
0.452904
0.452904
0.452904
0.452904
0.452904
0.452904
0.452904
1.21868
1.07725
1.04487
1.04487
1.04487
1.04487
1.04487
1.04487
0.223122
0.223122
0.223122
0.223122
1.06612
1.06612
0.838952
0.838952
0.838952
0.879773
1.26356
1.26356
0.711072
0.711072
0.503336
0.503336
0.854508
0.854508
1.84671
1.96053
1.81644
1.81644
1.87218
1.87218
2.38876
2.70392
2.70392
2.65135
2.65135
2.65135
2.65135
2.30136
2.88737
2.13887
1.87541
2.92993
2.92993
2.92993
2.92993
2.45127
2.56045
3.0499
3.03294
3.03294
3.11194
3.11194
3.11194
3.11194
3.11194
3.10594
3.10594
2.52059
1.5585
1.44143
1.69077
1.38822
1.61365
0.393034
0.393034
0.393034
0.999224
0.525052
0.972093
0.972093
0.972093
0.972093
1.33107
1.48983
1.63742
1.48365
1.48365
1.48365
1.48365
2.10275
2.28307
2.28307
3.3862
3.4321
3.4321
3.4321
3.65554
3.65554
4.01078
4.01078
4.09408
4.09408
3.15454
2.62204
2.62204
2.24613
2.24613
2.24613
2.38247
2.38247
1.69217
1.69217
1.71429
1.30794
1.13346
1.13346
1.13346
1.25463
1.89819
1.89819
1.25519
1.25519
1.76
1.76
1.24167
1.02186
1.02186
1.02186
2.23637
2.23637
1.53664
0.719066
0.719066
0.719066
0.719066
0.719066
1.42462
1.42462
0.982601
0.982601
0.909574
0.909574
0.909574
0.909574
1.56794
1.56794
1.56794
0.928713
1.13567
1.52325
1.72737
1.72737
1.47241
2.03278
2.49797
2.6713
2.6713
2.5285
2.66284
2.66284
2.66284
2.66284
2.76958
2.49685
2.75925
2.75925
3.39343
3.39343
3.66549
3.66549
3.92644
3.40419
3.00852
3.00852
3.00852
1.94084
2.02565
2.02565
2.02565
2.02565
2.02565
1.55002
1.55002
1.40014
2.15223
2.87539
2.87539
2.64878
2.64878
2.64878
2.64878
3.35491
2.17527
1.55742
1.55742
1.51861
1.24358
0.662441
0.662441
0.662441
0.662441
1.34002
1.50404
1.4692
1.98016
1.98016
1.98016
1.98016
1.51378
1.51378
1.51378
1.51378
1.51378
0.694787
0.749041
1.5422
1.01081
0.422587
0.422587
1.18062
1.18062
1.18062
1.18062
1.18062
1.09337
1.09337
1.31712
1.08356
1.46907
1.46907
1.55489
1.55489
1.55489
1.55489
1.55489
1.55489
1.52805
1.52805
1.52805
1.52805
1.11491
1.11491
1.13656
1.13656
1.24969
1.21091
1.21091
0.447789
0.447789
0.447789
0.447789
0.447789
0.447789
0.447789
0.447789
1.06113
1.09073
1.1484
1.1484
0.454373
0.454373
1.65689
1.65689
2.28001
3.42406
3.94938
4.094
3.98824
3.18991
2.81463
2.81463
3.11267
3.11267
3.75967
2.96147
3.54295
3.85731
3.90571
3.54439
3.54439
3.54439
3.22974
4.08041
4.18309
4.18309
4.4649
4.10202
4.10202
4.10202
4.37391
4.38488
4.38488
3.61302
3.61302
3.13851
1.80246
1.14508
2.19377
1.97054
1.97054
1.07128
1.28606
1.88897
1.88897
1.88897
2.41408
2.26687
2.26687
1.69179
0.955443
1.55109
