best fit of each generation		avarage value of the fits on best half of the poulation	errors
34.745	38.1646	0.120625
33.0331	36.9403	0.113659
32.1417	35.3548	0.0925701
30.7466	34.0333	0.100799
30.4705	33.6404	0.0996874
29.8629	32.4147	0.089274
28.5681	31.4376	0.0902946
28.4384	30.2258	0.085998
28.3901	29.6892	0.0709974
27.8033	29.4184	0.061148
26.8836	28.8851	0.0551742
26.8836	28.7357	0.0834388
26.8836	28.2409	0.0700354
26.2524	27.7056	0.0641479
26.2524	27.1558	0.0510559
25.4976	26.8125	0.0516132
25.4976	26.2779	0.0221355
23.8567	26.0381	0.0385288
23.855	25.3581	0.0685799
21.287	24.8432	0.0779861
21.287	23.9384	0.0952
19.8186	22.848	0.0930351
19.8186	22.0664	0.0874162
19.8169	21.4018	0.0762033
19.7598	20.8671	0.0605231
18.9673	20.38	0.0503195
18.9673	19.7631	0.0379633
18.7299	19.4954	0.0330066
17.8032	19.0488	0.0318623
16.6755	18.4207	0.0358942
16.6689	18.2322	0.0463744
15.4488	17.7234	0.0588769
15.4471	17.0739	0.0682357
15.4471	16.3174	0.0604969
15.4471	15.9402	0.0482129
14.9742	16.2672	0.0673162
14.9742	15.4947	0.0249778
14.9742	15.4961	0.0336794
14.8232	15.1343	0.0145722
14.8232	15.0256	0.00904965
14.8232	15.0004	0.00995499
14.8217	14.9549	0.00879907
14.8217	14.8973	0.00510056
13.9715	14.8588	0.0103526
13.9715	14.6304	0.0238597
13.5431	14.3531	0.0282686
13.2481	14.0315	0.0273304
13.2481	13.779	0.0201611
13.0996	13.5612	0.021347
12.8105	13.4705	0.0220261
12.8105	13.3272	0.0247177
12.8076	13.2781	0.0298234
12.6616	13.1538	0.0278681
12.3696	13.034	0.0252688
12.1025	12.7516	0.0147354
12.1025	12.8607	0.0344962
12.1025	12.6384	0.0308276
12.1025	12.603	0.0288668
12.1025	12.3477	0.0190261
12.1025	12.241	0.0140395
12.1025	12.1458	0.00656616
11.9122	12.1265	0.00648628
11.9122	12.0759	0.00534896
11.9122	12.0132	0.00654579
11.7364	11.9719	0.0066341
11.7364	11.8961	0.00690705
11.7364	11.8208	0.00620941
11.4189	11.7686	0.00616878
11.4189	11.7574	0.0102292
11.4185	11.7182	0.018032
11.4185	11.622	0.0171568
11.4185	11.7452	0.0359192
11.4185	12.1167	0.0730944
11.4127	11.9932	0.0652896
11.4127	12.1616	0.0759051
11.4127	11.628	0.0302737
11.4122	11.4197	0.00114344
11.4122	11.414	0.000175304
11.2963	11.4352	0.00527973
11.2963	11.4458	0.00831383
11.2963	11.4168	0.00640667
11.2963	11.3737	0.00474546
11.2963	11.339	0.004018
11.282	11.3222	0.00350132
11.282	11.3417	0.00780268
11.282	11.3117	0.00297587
10.741	11.5839	0.0438227
10.741	11.6908	0.0624447
10.741	11.6542	0.0730601
10.741	11.3342	0.0590721
10.6349	10.9923	0.0337668
10.6349	10.861	0.0201455
10.6349	10.7521	0.0104872
10.6349	10.8445	0.0241911
10.6349	10.793	0.021488
10.6349	10.9712	0.0328463
9.392	10.6544	0.0145774
9.26686	10.4889	0.0294019
9.26686	10.1653	0.0428869
9.26686	9.58122	0.0341208
9.18012	9.56228	0.0367935
8.88718	9.47665	0.0314546
8.88718	9.5079	0.0426143
8.80044	9.11194	0.0141665
8.80044	9.07946	0.0172213
8.80039	8.91661	0.00939635
8.80039	8.84717	0.00508355
8.80039	8.8326	0.0047812
8.80039	8.9764	0.0253712
8.67881	8.96197	0.0249069
8.67881	8.92727	0.0213391
8.67881	9.22142	0.0544974
8.67881	9.03824	0.0401752
8.67881	8.7914	0.0136894
8.67881	8.69602	0.00283797
8.67881	8.76177	0.0170276
8.67881	8.73946	0.0122218
8.67881	8.73392	0.0137176
8.67881	8.68874	0.00345646
8.67881	8.8068	0.0212005
8.67881	8.67881	0
8.67881	8.68533	0.00212499
8.67881	8.67887	2.81257e-05
8.67881	8.6976	0.00497483
8.67881	8.74061	0.0135791
8.43255	8.68072	0.0033995
8.43255	8.72017	0.0128415
8.43255	8.6234	0.00749532
8.43255	8.51816	0.00817212
8.43255	8.47915	0.00656482
8.43255	8.44995	0.00349085
8.43255	8.58461	0.0194782
8.43255	8.55633	0.0188879
8.43255	8.45858	0.00481299
8.43255	8.43255	1.25607e-16
8.43239	8.43255	1.53844e-06
8.43239	8.43252	4.22179e-06
8.43239	8.54972	0.0209391
8.43239	8.57596	0.0235451
8.43239	8.70487	0.043381
8.43239	8.65212	0.0312152
8.36793	8.58926	0.0239733
8.31429	8.63674	0.0283194
8.31429	8.67326	0.0372103
8.31429	8.38778	0.00377889
8.24982	8.36361	0.00434043
8.24982	8.39014	0.00869504
8.24982	8.39883	0.0159625
8.24982	8.31332	0.00367666
8.24982	8.29184	0.00389154
8.24982	8.2667	0.00220275
8.15658	8.25834	0.00195765
8.15658	8.277	0.008691
8.15658	8.24862	0.00668469
8.15658	8.21057	0.00392622
8.15658	8.18601	0.00295742
8.15658	8.17282	0.00266696
8.15658	8.19943	0.00658494
8.15658	8.16964	0.00315349
8.15658	8.15977	0.000768068
8.15658	8.16792	0.00263764
8.15658	8.15658	0
7.71709	8.14792	0.00435227
7.71709	8.139	0.00608974
7.71709	8.12351	0.0101517
7.71709	7.99837	0.0149168
7.71709	7.90686	0.0151524
7.71709	7.78388	0.0108527
7.71709	7.82505	0.0140738
7.71709	7.743	0.00592542
7.6426	7.7156	0.000737473
7.55586	7.71441	0.00227566
7.55586	7.6764	0.00425067
7.55586	7.64666	0.00560635
7.55586	7.64317	0.0108179
7.55586	7.64916	0.0142148
7.55586	7.61474	0.0119645
7.55586	7.56057	0.00105589
7.55586	7.6125	0.0115397
7.55586	7.584	0.00749155
7.55586	7.55586	6.28037e-17
7.55586	7.55586	6.28037e-17
7.55586	7.55586	6.28037e-17
7.55586	7.55586	6.28037e-17
7.55586	7.55586	6.28037e-17
7.55586	7.55586	6.28037e-17
7.55586	7.55586	6.28037e-17
7.55586	7.55586	6.28037e-17
7.55586	7.55933	0.000867341
7.55586	7.55979	0.00135004
7.55586	7.56507	0.00281654
7.55586	7.57813	0.00575507
7.55586	7.57257	0.0036505
7.55586	7.55586	6.28037e-17
7.55586	7.55588	1.21483e-05
7.55586	7.55586	6.28037e-17
7.55586	7.55586	6.28037e-17
7.55586	7.55586	6.28037e-17
7.55586	7.55586	6.28037e-17
7.55586	7.55586	6.28037e-17
7.55586	7.55586	6.28037e-17
7.51853	7.57284	0.003893
7.51853	7.74337	0.0266329
7.51853	7.78015	0.0390815
7.51853	8.09878	0.0683224
7.51853	8.67458	0.0956072
7.51853	8.40339	0.0865994
7.51853	9.0863	0.0998403
7.51853	9.12109	0.106342
7.51853	8.78436	0.0964909
7.51853	8.5462	0.0833369
7.31211	8.8706	0.0909271
7.31211	7.83152	0.0449584
7.31211	7.49315	0.015503
7.31211	7.62868	0.0328859
7.31211	7.65442	0.0409732
7.31211	7.41811	0.0142278
7.31211	7.51202	0.0226241
7.31211	7.49344	0.0206351
7.31211	7.47527	0.0194497
7.31211	7.31456	0.000854594
7.31211	7.31211	1.25607e-16
7.31211	7.31592	0.00107193
7.31211	7.31619	0.00149739
7.31211	7.31211	1.25607e-16
7.31211	7.36606	0.0101745
7.31211	7.32082	0.00325616
7.31211	7.36162	0.00970851
7.31211	7.36977	0.0113582
7.31211	7.34884	0.00920615
7.31211	7.417	0.021942
7.31211	7.32438	0.00368274
7.31211	7.31351	0.000669061
7.31211	7.35116	0.00919211
7.31211	7.38426	0.0131844
7.31211	7.31211	7.07699e-07
7.31211	7.31211	1.25607e-16
7.31211	7.39985	0.0151088
7.31211	7.3788	0.0146579
7.31211	7.35845	0.0150265
7.27751	7.36766	0.0124231
7.27751	7.40373	0.0249447
7.27751	7.29896	0.0011874
7.27751	7.31923	0.00806053
7.27751	7.31105	0.00743888
7.27751	7.27918	0.000485746
7.27751	7.29087	0.00368452
7.27751	7.27751	1.66211e-07
7.12897	7.27819	0.00195419
7.12897	7.27851	0.00385069
7.12897	7.62899	0.0449902
7.12897	7.40051	0.0316198
7.12897	7.18378	0.00636073
7.12897	7.15346	0.00366171
7.12897	7.16093	0.00465696
7.12897	7.21509	0.014307
7.12897	7.13658	0.00181018
7.12897	7.2262	0.0150198
7.12897	7.19612	0.0115097
7.12897	7.13534	0.00115189
7.12897	7.15645	0.00488684
7.12897	7.13544	0.00140333
7.12897	7.17184	0.00933765
7.12897	7.12912	7.21073e-05
7.12897	7.13956	0.00321461
7.12897	7.17721	0.0121308
7.12897	7.12897	1.25607e-16
7.12897	7.12897	1.25607e-16
7.12897	7.16358	0.00567136
7.12897	7.16586	0.00653699
7.12897	7.14276	0.00366898
7.12897	7.13094	0.000644108
7.12897	7.12897	1.25607e-16
7.12897	7.12897	1.25607e-16
7.12897	7.12897	1.25607e-16
7.12897	7.12897	1.25607e-16
7.12897	7.12897	1.25607e-16
7.0847	7.12808	0.000438244
7.0847	7.12794	0.00320775
7.0847	7.27729	0.0293707
7.0847	7.3752	0.0443677
7.0847	7.11016	0.00640362
7.0847	7.22411	0.029355
7.0847	7.13627	0.0118878
7.0847	7.16519	0.0173476
7.0847	7.0847	6.28037e-17
7.0847	7.08485	7.21073e-05
7.0847	7.0847	6.28037e-17
7.0847	7.10198	0.00314601
7.0847	7.22219	0.0214142
7.0847	7.19602	0.0218131
7.0847	7.34299	0.0308467
7.0847	7.16355	0.0158122
7.0847	7.08476	2.81315e-05
7.0847	7.0847	6.28037e-17
7.0847	7.08542	0.000286596
7.0847	7.08945	0.00134032
7.0847	7.0889	0.0011772
7.0847	7.11328	0.00779465
7.0847	7.30756	0.0426699
7.0847	7.13365	0.010731
7.0847	7.10088	0.00488334
7.01504	7.0828	0.000728769
7.01504	7.10344	0.00878628
7.01504	7.23076	0.0250708
7.01504	7.30333	0.0266234
7.01504	7.81323	0.0764384
7.01504	7.84536	0.0867108
7.01504	7.27512	0.0374549
7.01504	7.05363	0.00807876
7.01504	7.04699	0.00532334
7.01504	7.02612	0.00198827
7.01504	7.01518	7.21073e-05
7.01504	7.02972	0.00408478
7.01504	7.0159	0.000360939
7.01504	7.02387	0.00249622
7.01504	7.09357	0.0125011
7.01504	7.03678	0.00505075
7.01504	7.01504	0
7.01504	7.01733	0.000896845
7.01504	7.01504	0
7.01504	7.02706	0.00337548
7.01504	7.10696	0.0148308
7.01504	7.13874	0.0185246
7.01504	7.156	0.0223359
6.24605	7.02401	0.00940532
6.24605	7.2066	0.0556702
6.24605	6.69207	0.0268375
6.24605	6.60047	0.0265552
6.24605	6.50775	0.0251166
6.24605	6.29288	0.0101283
6.24605	6.24857	0.000772661
6.24605	6.26481	0.0055334
6.24605	6.26565	0.00603811
6.24605	6.34548	0.0154977
6.24605	6.34855	0.0177993
6.24605	6.25845	0.0031684
6.24605	6.262	0.00382428
6.24605	6.29525	0.00839883
6.24605	6.25939	0.0031289
6.24605	6.26139	0.00367947
6.24605	6.24605	1.25607e-16
6.24605	6.24849	0.0012082
6.24605	6.24605	1.25607e-16
6.24605	6.24605	1.25607e-16
6.24605	6.24605	1.25607e-16
6.24605	6.24605	1.25607e-16
6.24605	6.24779	0.000858681
6.24605	6.35328	0.0219472
6.24605	6.26204	0.00516179
6.24605	6.71488	0.0484288
6.24605	6.46005	0.0323279
6.24605	6.88031	0.0637919
6.24605	6.35656	0.0193939
6.24605	6.3289	0.0169361
6.24605	6.31665	0.0142211
6.24605	6.26836	0.00421046
6.24605	6.26511	0.00421864
6.24605	6.29743	0.0103161
6.24605	6.25136	0.00192416
6.24605	6.29114	0.00847259
6.24605	6.25742	0.00286419
6.24605	6.26407	0.00382212
6.24605	6.24605	1.25607e-16
6.24605	6.24755	0.000497064
6.24605	6.24605	1.25607e-16
6.24605	6.24605	1.25607e-16
6.24605	6.25489	0.00261338
6.24605	6.26562	0.0053649
6.24605	6.30935	0.017239
6.24605	6.25292	0.00221027
6.24605	6.26553	0.00539282
6.24605	6.24779	0.000858681
6.24605	6.24605	1.25607e-16
6.24605	6.25381	0.00240664
6.24605	6.26629	0.00403216
6.24605	6.30241	0.00980587
6.24605	6.25009	0.00199696
6.24605	6.26198	0.0040566
6.24605	6.45936	0.0286439
6.24605	6.50361	0.0335498
6.24605	6.3725	0.0209537
6.24605	6.27276	0.00419817
6.24605	6.25692	0.00228907
6.24605	6.25888	0.00295404
6.24605	6.24694	0.000439441
6.24605	6.24981	0.000905386
6.24605	6.26113	0.00353505
6.24605	6.26045	0.00332914
6.24605	6.31865	0.0124166
6.24605	6.38282	0.0255441
6.24605	6.31877	0.0106109
6.24605	6.38817	0.0193398
6.24605	6.26806	0.00456192
6.24605	6.24694	0.000439441
6.24605	6.24605	1.25607e-16
6.24605	6.24663	0.000285145
6.24605	6.24772	0.000606785
6.24605	6.24605	1.25607e-16
6.24605	6.25783	0.00271801
6.24605	6.34592	0.0148422
6.24605	6.32085	0.0115936
6.24605	6.43868	0.0265436
6.24605	6.30283	0.00808885
6.24605	6.28491	0.00700145
6.24605	6.24721	0.00039912
6.24605	6.24605	1.25607e-16
6.24605	6.26409	0.00436285
6.24605	6.28236	0.00782643
6.24605	6.25034	0.00148387
6.24605	6.25207	0.0016926
6.24605	6.25182	0.00215759
6.24605	6.24605	1.25607e-16
6.24605	6.24605	1.25607e-16
6.24605	6.26306	0.00342319
6.24605	6.24605	1.25607e-16
6.24605	6.24605	1.25607e-16
6.24605	6.24902	0.00147047
6.24605	6.25828	0.00361837
6.24605	6.25712	0.00310437
6.24605	6.24949	0.000997426
6.24605	6.24813	0.000754814
6.24605	6.24605	1.25607e-16
6.24605	6.25372	0.00199461
6.24605	6.35371	0.0166957
6.24605	6.51386	0.037508
6.24605	6.39758	0.0306546
6.24605	6.42841	0.0355171
6.24605	6.31929	0.0132777
6.24605	6.28457	0.0100841
6.24605	6.2523	0.00151122
6.24605	6.27623	0.00562486
6.24605	6.32195	0.0141149
6.24605	6.27383	0.00559159
6.24605	6.24605	1.25607e-16
6.24605	6.26013	0.00495829
6.24605	6.40947	0.0287633
6.24605	6.27665	0.00840036
6.24605	6.35785	0.0229231
6.24605	6.24605	1.25607e-16
6.24605	6.25494	0.00307914
6.24605	6.29199	0.00797365
6.24605	6.24872	0.000745438
6.24605	6.30899	0.0117242
6.24605	6.34969	0.0139443
6.24605	6.29117	0.00823558
6.24605	6.28391	0.00708962
6.24605	6.47155	0.038951
6.24605	6.25728	0.00389184
6.24605	6.38793	0.0256125
6.24605	6.70444	0.071593
6.24605	6.24902	0.00147047
6.24605	6.24605	1.25607e-16
6.24605	6.24605	1.25607e-16
6.24605	6.24605	1.25607e-16
6.24605	6.24927	0.00125194
6.24605	6.24605	1.25607e-16
6.24605	6.24605	1.25607e-16
6.24605	6.25786	0.00295852
6.24605	6.29612	0.00912375
6.24605	6.38103	0.0192511
6.24605	6.29279	0.0092802
6.24605	6.29106	0.007385
6.24605	6.28367	0.0100987
6.24605	6.26127	0.00345957
6.24605	6.2482	0.00106013
6.24605	6.24605	1.25607e-16
6.24605	6.31946	0.0123528
6.24605	6.25948	0.00317984
6.24605	6.25878	0.00241782
6.24605	6.24836	0.000796195
6.24605	6.26746	0.00439617
6.24605	6.38233	0.0274986
6.24605	6.33648	0.0189955
6.24605	6.35556	0.019533
6.24605	6.27394	0.00574073
6.24605	6.24694	0.000439441
6.24605	6.26724	0.00426651
6.24605	6.24605	1.25607e-16
6.24605	6.25101	0.00110113
6.24605	6.24605	1.25607e-16
6.24605	6.28001	0.00961562
6.24605	6.24605	1.25607e-16
6.24605	6.25158	0.00123437
6.24605	6.27131	0.00429656
6.24605	6.39514	0.0247548
6.24605	6.29841	0.00960466
6.24605	6.26551	0.00410268
6.24605	6.24611	2.81315e-05
6.24605	6.24605	1.25607e-16
6.24605	6.24605	1.25607e-16
6.24605	6.29004	0.0101463
6.24605	6.30408	0.0131137
6.24605	6.2976	0.0107359
6.24605	6.25152	0.00169933
6.24605	6.37124	0.0206042
6.24605	6.40265	0.0235775
6.24605	6.56282	0.0498433
6.24605	6.62755	0.0494828
6.24605	6.61089	0.0509871
