           1     1.71392     1.71392           0
           2     1.75701     1.73547   0.0215467
           3     1.66477      1.7119   0.0266465
           4     1.70629      1.7105    0.018894
           5     1.66816     1.70203   0.0169085
           6     1.60132     1.68525   0.0217329
           7     1.73592     1.69249   0.0197427
           8     1.69102      1.6923   0.0170987
           9      1.7416     1.69778   0.0160436
          10      1.7519     1.70319   0.0153365
          11     1.69064     1.70205   0.0139193
          12     1.66268     1.69877   0.0131231
          13      1.8151     1.70772   0.0150266
          14     1.66643     1.70477   0.0142212
          15     1.61764     1.69896   0.0144575
          16     1.71779     1.70014   0.0135749
          17     1.60752     1.69469   0.0138665
          18      1.7627     1.69847   0.0136085
          19     1.77911     1.70271   0.0135541
          20     1.63046      1.6991   0.0133563
