           1     11.0177     11.0177           0
           2     10.3673     10.6925    0.325236
           3     8.00576     9.79691     0.91505
           4     9.22788     9.65465    0.662492
           5     10.4336     9.81045    0.536293
           6     9.49468     9.75782    0.441033
           7     10.7662     9.90187    0.399608
           8     10.6412     9.99429    0.358198
           9     9.41776     9.93023    0.322331
          10     9.74958     9.91217    0.288867
          11     9.09733     9.83809    0.271587
          12     9.94908     9.84734    0.248097
          13      9.9824     9.85773    0.228452
          14     10.9057     9.93259    0.224362
          15     10.1568     9.94754    0.209404
          16     10.0711     9.95526    0.196032
          17      10.059     9.96136    0.184241
          18     10.1601     9.97241    0.174055
          19     10.9729     10.0251    0.172854
          20     11.5041      10.099    0.179887
