           1     2.90598     2.90598           0
           2     3.02256     2.96427   0.0582914
           3     2.97151     2.96668    0.033741
           4     3.14064     3.01017   0.0496041
           5     2.97048     3.00223   0.0392346
           6     2.86797     2.97986   0.0390769
           7     3.10472     2.99769   0.0375354
           8     3.05591     3.00497   0.0333112
           9     2.91637     2.99513   0.0309834
          10     2.83907     2.97952    0.031804
          11     2.87753     2.97025    0.030225
          12     2.95391     2.96889   0.0276251
          13     3.00651     2.97178   0.0255757
          14     2.98538     2.97275   0.0236984
          15     3.10773     2.98175   0.0238265
          16     2.76015      2.9679   0.0262405
          17     2.77794     2.95673   0.0270632
          18     2.82287     2.94929    0.026577
          19     2.88351     2.94583   0.0253766
          20     2.88087     2.94258   0.0242925
