           1      1.8436      1.8436           0
           2     1.95952     1.90156   0.0579576
           3     1.87527      1.8928   0.0345909
           4      1.8634     1.88545   0.0255399
           5     1.98655     1.90567   0.0282887
           6     1.91826     1.90777   0.0231927
           7     1.84762     1.89917   0.0214018
           8     1.75325     1.88093   0.0260045
           9     1.86984      1.8797   0.0229669
          10     1.91059     1.88279   0.0207731
          11     1.89483     1.88389   0.0188219
          12     1.84236     1.88043   0.0175269
          13     1.95821     1.88641    0.017197
          14     1.90827     1.88797   0.0159977
          15     1.85375     1.88569   0.0150668
          16     1.87888     1.88526   0.0141001
          17     1.83144      1.8821    0.013618
          18     1.85547     1.88062   0.0129241
          19     1.90377     1.88184   0.0122855
          20     1.93143     1.88432   0.0119159
