           1     3.54047     3.54047           0
           2     3.56846     3.55446   0.0139938
           3     3.32794     3.47895   0.0759387
           4     3.79684     3.55842   0.0959111
           5     3.44489     3.53572   0.0776853
           6     3.51984     3.53307    0.063485
           7     3.32997     3.50406   0.0609972
           8     3.62832     3.51959   0.0550615
           9     3.73126     3.54311   0.0539554
          10     3.58329     3.54713   0.0484262
          11     3.56729     3.54896   0.0438414
          12     3.41611     3.53789   0.0415245
          13     3.69494     3.54997    0.040062
          14     3.50235     3.54657   0.0372458
          15     3.72954     3.55877    0.036757
          16      3.5331     3.55716   0.0344204
          17     3.71786     3.56661   0.0336859
          18     3.49243     3.56249   0.0320256
          19     3.41932     3.55496   0.0312163
          20     3.43525     3.54897   0.0302132
