           1     8.20517     8.20517           0
           2     7.86478     8.03498    0.170192
           3      7.7579     7.94262    0.134852
           4     7.11702     7.73622    0.227361
           5     7.11437     7.61185    0.215601
           6     7.89056      7.6583    0.182063
           7     8.49173     7.77736    0.194556
           8     7.32221     7.72047    0.177837
           9     7.36317     7.68077    0.161784
          10     7.31373     7.64406    0.149286
          11     7.34389     7.61678    0.137764
          12      7.6877     7.62269      0.1259
          13     7.29051     7.59713    0.118596
          14     7.02984     7.55661    0.117037
          15     7.15867     7.53008    0.112139
          16     7.24093     7.51201    0.106442
          17     6.68606     7.46343    0.111164
          18     7.12211     7.44446    0.106508
          19     8.44819     7.49729    0.113757
          20     7.29618     7.48724    0.108387
