          20     79.8344     78.3224     1.53354
          20     49.6034     42.5399     1.31456
          20     20.3803     23.4338    0.750603
          20     16.0027     15.7602    0.313593
          20     11.5041      10.099    0.179887
          20     7.29618     7.48724    0.108387
          20     5.18351     5.54667   0.0712134
          20     4.04667     4.41205   0.0613457
          20     3.43525     3.54897   0.0302132
          20     2.88087     2.94258   0.0242925
          20     2.49677      2.5665   0.0251509
          20     2.22386     2.19021   0.0180939
          20     1.93143     1.88432   0.0119159
          20     1.63046      1.6991   0.0133563
          20     1.48411     1.49244   0.0106644
          20      1.4211     1.36773   0.0119013
