           1     1.28114     1.28114           0
           2     1.39726      1.3392     0.05806
           3     1.33303     1.33714   0.0335839
           4     1.39701     1.35211   0.0280703
           5     1.37133     1.35595   0.0220803
           6     1.33151     1.35188   0.0184829
           7     1.42566     1.36242    0.018844
           8     1.33918     1.35951   0.0165758
           9     1.34504     1.35791   0.0147067
          10      1.4243     1.36454   0.0147345
          11     1.36269     1.36438   0.0133289
          12     1.36511     1.36444   0.0121678
          13     1.38679     1.36616    0.011324
          14     1.37644     1.36689   0.0105097
          15     1.28982     1.36175    0.011051
          16     1.25672     1.35519   0.0122455
          17     1.47582     1.36228   0.0135152
          18     1.38397     1.36349   0.0127991
          19     1.39062     1.36492   0.0121906
          20      1.4211     1.36773   0.0119013
