           1     46.8382     46.8382           0
           2     37.9094     42.3738     4.46437
           3     43.3698     42.7058      2.5988
           4     49.8718     44.4973     2.56639
           5     32.9654     42.1909     3.04486
           6     39.8213      41.796     2.51729
           7     36.5246     41.0429     2.25684
           8     44.2158     41.4395     1.99432
           9     47.2989     42.0906     1.87545
          10     46.1185     42.4934     1.72514
          11     45.8431     42.7979     1.58988
          12      38.319     42.4247     1.49858
          13     45.2448     42.6416     1.39546
          14     51.0877     43.2449     1.42586
          15      45.783     43.4141     1.33815
          16     43.4453      43.416     1.25172
          17     35.4354     42.9466     1.26604
          18     41.4807     42.8652     1.19641
          19     29.6224     42.1682      1.3291
          20     49.6034     42.5399     1.31456
