           1     1.51656     1.51656           0
           2      1.4068     1.46168   0.0548758
           3      1.4083     1.44389   0.0363366
           4     1.46275      1.4486   0.0261232
           5     1.52287     1.46346   0.0251013
           6     1.59384     1.48519   0.0298702
           7     1.52959     1.49153   0.0260297
           8     1.47687      1.4897   0.0226168
           9     1.45808     1.48618   0.0202532
          10     1.51424     1.48899   0.0183309
          11     1.47725     1.48792   0.0166153
          12      1.4954     1.48855   0.0151804
          13     1.50073     1.48948   0.0139953
          14     1.51793     1.49152   0.0131155
          15     1.53813     1.49462   0.0125991
          16      1.5588     1.49863   0.0124492
          17     1.49615     1.49849   0.0116949
          18     1.46609     1.49669    0.011172
          19      1.4244     1.49288   0.0112318
          20     1.48411     1.49244   0.0106644
