           1     21.6773     21.6773           0
           2     25.5434     23.6104     1.93304
           3     18.3539     21.8582     2.07741
           4     26.7042     23.0697     1.90408
           5     27.5755     23.9709     1.72841
           6     27.5867     24.5735     1.53453
           7     17.1848      23.518     1.67216
           8     29.9394     24.3207     1.65571
           9     24.0852     24.2945     1.46043
          10     23.4161     24.2066      1.3092
          11     20.5932     23.8782     1.22893
          12     23.2579     23.8265     1.12305
          13     23.7563     23.8211     1.03307
          14     25.7759     23.9607    0.966572
          15     25.6482     24.0732    0.906835
          16     20.3862     23.8428    0.879009
          17     21.0391     23.6778    0.841995
          18     25.1583     23.7601     0.79809
          19     20.6146     23.5945    0.772857
          20     20.3803     23.4338    0.750603
