           1     14.0433     14.0433           0
           2     14.3823     14.2128     0.16949
           3     16.0972     14.8409    0.635713
           4      16.716     15.3097    0.649472
           5     13.9827     15.0443    0.568793
           6     14.9481     15.0283    0.464694
           7     15.6804     15.1214    0.403637
           8     18.5858     15.5545    0.556524
           9     15.1125     15.5054    0.493258
          10     14.7004     15.4249    0.448467
          11     14.8562     15.3732    0.408935
          12     17.6284     15.5611    0.417944
          13     14.8918     15.5096    0.387885
          14     16.1277     15.5538    0.361815
          15     17.1359     15.6593     0.35296
          16     17.4721     15.7726    0.349064
          17     13.6531     15.6479     0.35079
          18     15.5355     15.6416    0.330787
          19      17.651     15.7474    0.330283
          20     16.0027     15.7602    0.313593
