           1     4.88909     4.88909           0
           2     3.97101     4.43005     0.45904
           3     4.47276     4.44429    0.265409
           4     4.36757     4.42511     0.18865
           5     4.03387     4.34686    0.165759
           6     4.37891      4.3522    0.135447
           7     4.62033     4.39051    0.120712
           8     4.59637     4.41624    0.107661
           9     4.70428     4.44824    0.100197
          10     4.21405     4.42483    0.092628
          11     4.47325     4.42923   0.0839007
          12     4.48755     4.43409   0.0767446
          13     4.66379     4.45176   0.0727724
          14     4.40717     4.44857   0.0674493
          15       4.664     4.46293   0.0644134
          16     3.83684      4.4238   0.0718448
          17     4.60036     4.43419   0.0682809
          18     4.30651      4.4271   0.0647655
          19     4.50657     4.43128   0.0614047
          20     4.04667     4.41205   0.0613457
