           1     2.35866     2.35866           0
           2     2.78412     2.57139    0.212731
           3     2.56007     2.56762    0.122878
           4     2.67331     2.59404    0.090817
           5     2.55177     2.58559   0.0708528
           6     2.73673     2.61078   0.0630974
           7     2.41676     2.58306   0.0600999
           8     2.60999     2.58643   0.0521568
           9     2.48837     2.57553   0.0472706
          10      2.4576     2.56374    0.043894
          11     2.68666     2.57491   0.0412462
          12     2.40016     2.56035   0.0403705
          13     2.62962     2.56568   0.0375158
          14     2.60594     2.56855   0.0348517
          15     2.66388     2.57491   0.0330618
          16     2.50272      2.5704   0.0312538
          17     2.54826     2.56909   0.0293867
          18     2.56996     2.56914   0.0277061
          19     2.58871     2.57017   0.0262276
          20     2.49677      2.5665   0.0251509
