           1     5.87889     5.87889           0
           2     5.68301     5.78095   0.0979418
           3     5.57159     5.71117   0.0898204
           4     5.12772     5.56531    0.159089
           5     5.82832     5.61791    0.133987
           6     5.21057     5.55002    0.128753
           7     5.09068      5.4844    0.127071
           8     5.68641     5.50965    0.112907
           9     5.58212      5.5177   0.0998993
          10     5.43449     5.50938   0.0897393
          11     5.37203      5.4969    0.082127
          12     5.44369     5.49246   0.0751023
          13      5.4329     5.48788   0.0692359
          14     5.44813     5.48504   0.0641628
          15     5.64217     5.49552   0.0606439
          16     5.85686      5.5181   0.0610573
          17     6.46593     5.57385   0.0799877
          18     5.63405      5.5772   0.0754872
          19     5.36023     5.56578   0.0723111
          20     5.18351     5.54667   0.0712134
