           1     75.1367     75.1367           0
           2     77.7413      76.439     1.30229
           3      66.674      73.184     3.34071
           4     89.3079      77.215     4.67215
           5     74.2374     76.6194      3.6677
           6     77.2172     76.7191     2.99632
           7     85.5681     77.9832     2.83035
           8     77.3978       77.91     2.45225
           9     75.5421     77.6469     2.17863
          10     85.9404     78.4763     2.11777
          11      80.818     78.6892     1.92738
          12     72.3913     78.1643     1.83606
          13     77.1364     78.0853     1.69078
          14     83.0835     78.4423     1.60555
          15     74.6223     78.1876     1.51623
          16     89.5793     78.8996     1.58698
          17     73.2338     78.5663     1.52751
          18     64.5455     77.7874      1.6373
          19     86.4412     78.2428     1.61432
          20     79.8344     78.3224     1.53354
