           1     2.00508     2.00508           0
           2     2.13963     2.07235    0.067275
           3     2.14735     2.09735   0.0461905
           4     2.12467     2.10418   0.0333679
           5     2.25689     2.13472   0.0400104
           6     2.19901     2.14544   0.0343805
           7     2.07596     2.13551   0.0307053
           8     2.28422      2.1541   0.0324444
           9     2.29553     2.16982   0.0326444
          10     2.31919     2.18475   0.0327972
          11     2.15601     2.18214    0.029781
          12     2.17118     2.18123   0.0272016
          13     2.16746     2.18017   0.0250442
          14     2.31008     2.18945   0.0249743
          15     2.10394     2.18375   0.0239385
          16     2.20063      2.1848   0.0224173
          17     2.23525     2.18777   0.0212654
          18     2.20251     2.18859   0.0200659
          19     2.18579     2.18844   0.0189811
          20     2.22386     2.19021   0.0180939
