           1   -0.760256   -0.760256           0
           2   -0.764128   -0.762192    0.001936
           3    -0.76392   -0.762768  0.00125743
           4   -0.764544   -0.763212 0.000993834
           5    -0.76592   -0.763754 0.000941252
           6    -0.76608   -0.764141 0.000860798
           7   -0.766704   -0.764507 0.000814428
           8    -0.76328   -0.764354  0.00072181
           9   -0.762624   -0.764162 0.000664966
          10   -0.761712   -0.763917  0.00064324
          11   -0.760464   -0.763603 0.000661102
          12   -0.759696   -0.763277 0.000685721
          13    -0.76688   -0.763554 0.000688965
          14   -0.758608   -0.763201 0.000729175
          15   -0.765888    -0.76338  0.00070206
          16   -0.760304   -0.763188 0.000684284
          17     -0.7564   -0.762789 0.000756698
          18   -0.759904   -0.762628 0.000731201
          19   -0.763952   -0.762698 0.000695146
          20   -0.759072   -0.762517 0.000683942
