           1   -0.937968   -0.937968           0
           2   -0.928224   -0.933096    0.004872
           3   -0.933008   -0.933067    0.002813
           4   -0.942256   -0.935364  0.00303879
           5   -0.921728   -0.932637  0.00360252
           6     -0.9288   -0.931997  0.00301015
           7   -0.926672   -0.931237  0.00265536
           8   -0.935424    -0.93176  0.00235842
           9   -0.939056   -0.932571  0.00223233
          10   -0.938272   -0.933141  0.00207646
          11   -0.935504   -0.933356  0.00189048
          12   -0.925712   -0.932719  0.00183956
          13   -0.934448   -0.932852  0.00169737
          14   -0.943328     -0.9336  0.00174053
          15   -0.940256   -0.934044  0.00168001
          16   -0.933824    -0.93403  0.00157156
          17    -0.91928   -0.933162  0.00171232
          18   -0.928736   -0.932916  0.00163302
          19   -0.918064   -0.932135  0.00173121
          20   -0.942768   -0.932666  0.00172628
