           1   -0.805616   -0.805616           0
           2    -0.80336   -0.804488    0.001128
           3   -0.805168   -0.804715 0.000689569
           4   -0.806336    -0.80512 0.000634073
           5   -0.805456   -0.805187 0.000495726
           6   -0.801328   -0.804544 0.000759958
           7   -0.806416   -0.804811 0.000695733
           8   -0.807424   -0.805138 0.000685333
           9    -0.80568   -0.805198   0.0006074
          10   -0.799536   -0.804632 0.000784701
          11   -0.804784   -0.804646 0.000709923
          12   -0.803264   -0.804531 0.000658219
          13   -0.807872   -0.804788 0.000657769
          14   -0.803312   -0.804682 0.000618031
          15   -0.803968   -0.804635 0.000577323
          16   -0.800448   -0.804373  0.00060009
          17   -0.802992   -0.804292  0.00056951
          18   -0.803392   -0.804242 0.000539261
          19   -0.809888   -0.804539  0.00059034
          20   -0.807568    -0.80469 0.000580163
