           1   -0.508608   -0.508608           0
           2   -0.507232    -0.50792    0.000688
           3   -0.499264   -0.505035  0.00291255
           4   -0.504672   -0.504944  0.00206148
           5   -0.503952   -0.504746  0.00160909
           6   -0.505632   -0.504893   0.0013221
           7   -0.504448    -0.50483  0.00111919
           8   -0.503824   -0.504704 0.000977362
           9   -0.504096   -0.504636 0.000864596
          10   -0.502048   -0.504378 0.000815488
          11    -0.50248   -0.504205  0.00075754
          12    -0.50576   -0.504335 0.000703571
          13   -0.509472    -0.50473 0.000758303
          14   -0.504224   -0.504694 0.000702981
          15   -0.503824   -0.504636 0.000657004
          16   -0.510736   -0.505017  0.00072323
          17   -0.504304   -0.504975 0.000680649
          18    -0.50704    -0.50509 0.000651896
          19   -0.501296    -0.50489 0.000648154
          20   -0.504032   -0.504847 0.000616388
