           1   -0.548592   -0.548592           0
           2   -0.551984   -0.550288    0.001696
           3    -0.55776   -0.552779  0.00267623
           4   -0.554976   -0.553328   0.0019705
           5   -0.556208   -0.553904  0.00163141
           6   -0.560784   -0.555051  0.00175761
           7   -0.553456   -0.554823  0.00150282
           8   -0.556464   -0.555028  0.00131754
           9   -0.554976   -0.555022  0.00116198
          10   -0.557136   -0.555234  0.00106058
          11   -0.554464   -0.555164 0.000961882
          12      -0.558     -0.5554  0.00090933
          13   -0.556752   -0.555504 0.000842903
          14   -0.553856   -0.555386 0.000789205
          15   -0.554032   -0.555296 0.000740236
          16   -0.552624   -0.555129 0.000712282
          17   -0.553392   -0.555027 0.000676829
          18    -0.55152   -0.554832 0.000667199
          19   -0.552592   -0.554714 0.000642024
          20    -0.54984    -0.55447 0.000656024
