           1   -0.459072   -0.459072           0
           2   -0.463264   -0.461168    0.002096
           3   -0.459952   -0.460763  0.00127621
           4   -0.463408   -0.461424   0.0011188
           5   -0.464096   -0.461958  0.00101814
           6   -0.464848    -0.46244 0.000960735
           7   -0.459216   -0.461979 0.000933499
           8   -0.463824    -0.46221 0.000840672
           9   -0.464944   -0.462514 0.000801223
          10   -0.463984   -0.462661 0.000731562
          11   -0.460656   -0.462479 0.000686362
          12   -0.461456   -0.462393 0.000632328
          13   -0.466704   -0.462725 0.000669535
          14   -0.467328   -0.463054  0.00070167
          15   -0.457712   -0.462698 0.000743985
          16    -0.46216   -0.462664 0.000696744
          17   -0.463424   -0.462709 0.000656003
          18   -0.465472   -0.462862 0.000637253
          19   -0.463168   -0.462878 0.000602996
          20   -0.468272   -0.463148 0.000632434
