           1   -0.722944   -0.722944           0
           2   -0.721328   -0.722136    0.000808
           3    -0.72056   -0.721611 0.000702564
           4   -0.717536   -0.720592  0.00113335
           5    -0.71736   -0.719946  0.00109019
           6   -0.722144   -0.720312 0.000962599
           7   -0.719136   -0.720144  0.00083071
           8   -0.721424   -0.720304 0.000736993
           9     -0.7212   -0.720404 0.000657547
          10   -0.723344   -0.720698 0.000657538
          11    -0.71856   -0.720503 0.000625707
          12   -0.721392   -0.720577 0.000575971
          13   -0.720464   -0.720569 0.000529888
          14    -0.71752   -0.720351 0.000536739
          15    -0.71696   -0.720125 0.000548433
          16   -0.716944   -0.719926 0.000550184
          17   -0.719376   -0.719894  0.00051782
          18    -0.72224   -0.720024 0.000505308
          19   -0.721616   -0.720108 0.000485262
          20   -0.717328   -0.719969 0.000480884
