           1    -0.48216    -0.48216           0
           2    -0.48072    -0.48144     0.00072
           3   -0.480592   -0.481157 0.000502693
           4   -0.484176   -0.481912 0.000834189
           5   -0.479216   -0.481373 0.000841582
           6    -0.48936   -0.482704  0.00149809
           7   -0.484736   -0.482994  0.00129897
           8   -0.487488   -0.483556  0.00125738
           9   -0.483504    -0.48355  0.00110892
          10   -0.481648    -0.48336  0.00100993
          11   -0.481824    -0.48322 0.000924123
          12   -0.482656   -0.483173 0.000844915
          13    -0.48352     -0.4832 0.000777666
          14   -0.482912   -0.483179 0.000720272
          15     -0.4848   -0.483287 0.000679185
          16   -0.482416   -0.483233  0.00063765
          17   -0.477952   -0.482922 0.000674732
          18   -0.481888   -0.482865 0.000638734
          19   -0.479824   -0.482705 0.000625021
          20      -0.486    -0.48287 0.000615411
