           1    -0.84512    -0.84512           0
           2   -0.845696   -0.845408    0.000288
           3    -0.84864   -0.846485  0.00109009
           4   -0.856832   -0.849072  0.00269907
           5   -0.851552   -0.849568  0.00214872
           6   -0.847216   -0.849176  0.00179769
           7   -0.852768   -0.849689  0.00160364
           8   -0.857568   -0.850674  0.00170255
           9    -0.84568   -0.850119  0.00160076
          10   -0.848736   -0.849981  0.00143843
          11   -0.851808   -0.850147  0.00131167
          12   -0.853264   -0.850407  0.00122524
          13     -0.8476   -0.850191  0.00114754
          14   -0.853376   -0.850418  0.00108651
          15    -0.85472   -0.850705  0.00105135
          16   -0.856032   -0.851038  0.00103828
          17   -0.837392   -0.850235  0.00126314
          18    -0.85256   -0.850364  0.00119789
          19   -0.853248   -0.850516   0.0011432
          20   -0.847776   -0.850379  0.00109316
