           1   -0.525568   -0.525568           0
           2   -0.526208   -0.525888     0.00032
           3   -0.530176   -0.527317  0.00144122
           4   -0.527728    -0.52742  0.00102426
           5   -0.531728   -0.528282  0.00117125
           6   -0.531728   -0.528856  0.00111556
           7   -0.525856   -0.528427  0.00103566
           8    -0.52856   -0.528444 0.000897059
           9    -0.52984   -0.528599 0.000806194
          10    -0.52712   -0.528451 0.000736096
          11    -0.53128   -0.528708 0.000713761
          12   -0.529104   -0.528741 0.000652405
          13   -0.535088    -0.52923 0.000773624
          14   -0.530896   -0.529349 0.000726061
          15    -0.52592    -0.52912 0.000713527
          16   -0.522848   -0.528728 0.000774044
          17   -0.528608   -0.528721 0.000727122
          18   -0.522384   -0.528369 0.000770651
          19   -0.526288   -0.528259 0.000737144
          20   -0.522912   -0.527992 0.000748685
