           1   -0.578672   -0.578672           0
           2   -0.587008    -0.58284    0.004168
           3   -0.585792   -0.583824  0.00259981
           4   -0.583376   -0.583712  0.00184175
           5    -0.58448   -0.583866  0.00143486
           6    -0.58848   -0.584635  0.00140143
           7   -0.579056   -0.583838  0.00142758
           8   -0.587552   -0.584302  0.00132063
           9    -0.58272   -0.584126  0.00117787
          10   -0.582736   -0.583987  0.00106266
          11    -0.58336    -0.58393 0.000962898
          12   -0.576832   -0.583339   0.0010595
          13   -0.583328   -0.583338 0.000974596
          14   -0.581856   -0.583232 0.000908488
          15   -0.585472   -0.583381 0.000858838
          16   -0.581264   -0.583249 0.000814196
          17   -0.584432   -0.583319 0.000767963
          18   -0.585104   -0.583418 0.000730805
          19   -0.582528   -0.583371 0.000692857
          20   -0.578688   -0.583137 0.000697761
