           1   -0.610064   -0.610064           0
           2   -0.616256    -0.61316    0.003096
           3    -0.62112   -0.615813  0.00319926
           4    -0.61472    -0.61554  0.00227867
           5    -0.61504    -0.61544  0.00176788
           6    -0.61256    -0.61496  0.00152118
           7    -0.61048    -0.61432  0.00143613
           8     -0.6164    -0.61458  0.00127061
           9    -0.60824   -0.613876   0.0013236
          10   -0.615824    -0.61407  0.00119979
          11   -0.613424   -0.614012  0.00108684
          12   -0.613952   -0.614007 0.000992159
          13   -0.611504   -0.613814 0.000932737
          14    -0.61248   -0.613719 0.000868789
          15   -0.611936     -0.6136 0.000817485
          16   -0.613264   -0.613579 0.000764976
          17   -0.615264   -0.613678 0.000725373
          18   -0.611616   -0.613564 0.000693418
          19   -0.611536   -0.613457 0.000664532
          20   -0.609632   -0.613266 0.000658799
