           1   -0.647168   -0.647168           0
           2    -0.64688   -0.647024    0.000144
           3     -0.6524   -0.648816  0.00179393
           4   -0.649344   -0.648948  0.00127535
           5   -0.645504   -0.648259  0.00120431
           6   -0.640928   -0.647037  0.00156839
           7   -0.642304   -0.646361  0.00148804
           8     -0.6448   -0.646166  0.00130338
           9   -0.648496   -0.646425  0.00117826
          10   -0.647568   -0.646539  0.00106005
          11   -0.647584   -0.646634 0.000963546
          12    -0.64624   -0.646601 0.000880206
          13    -0.64576   -0.646537 0.000812254
          14    -0.64624   -0.646515   0.0007523
          15   -0.643616   -0.646322 0.000726538
          16   -0.646208   -0.646315 0.000679651
          17    -0.64688   -0.646348 0.000639286
          18   -0.648144   -0.646448 0.000610925
          19   -0.643232   -0.646279 0.000602156
          20    -0.64008   -0.645969 0.000649918
