           1   -0.889824   -0.889824           0
           2    -0.88976   -0.889792     3.2e-05
           3    -0.88704   -0.888875 0.000917519
           4   -0.890704   -0.889332 0.000793772
           5   -0.898624    -0.89119  0.00195747
           6   -0.895472   -0.891904  0.00175034
           7   -0.879744   -0.890167  0.00228167
           8   -0.899632    -0.89135  0.00230311
           9   -0.892512   -0.891479  0.00203526
          10   -0.894448   -0.891776  0.00184444
          11   -0.884576   -0.891121  0.00179216
          12   -0.892352   -0.891224  0.00163922
          13   -0.891552   -0.891249  0.00150808
          14    -0.89296   -0.891371  0.00140155
          15   -0.894304   -0.891567  0.00131933
          16   -0.885488   -0.891187  0.00129128
          17   -0.883952   -0.890761  0.00128545
          18   -0.894432   -0.890965  0.00122897
          19   -0.884192   -0.890609  0.00121592
          20   -0.889648   -0.890561  0.00115452
