           1   -0.687504   -0.687504           0
           2   -0.679488   -0.683496    0.004008
           3   -0.685744   -0.684245  0.00243232
           4   -0.680592   -0.683332  0.00194738
           5   -0.683968   -0.683459  0.00151378
           6    -0.68712   -0.684069  0.00137839
           7   -0.685744   -0.684309  0.00118926
           8    -0.68672    -0.68461  0.00107314
           9   -0.683472   -0.684484 0.000954826
          10   -0.681264   -0.684162 0.000912694
          11   -0.684144    -0.68416 0.000825564
          12    -0.68216   -0.683993 0.000771843
          13   -0.685952   -0.684144 0.000725802
          14   -0.682592   -0.684033 0.000681045
          15   -0.684656   -0.684075 0.000635377
          16   -0.681776   -0.683931 0.000611458
          17   -0.684736   -0.683978 0.000576314
          18   -0.678992   -0.683701 0.000609896
          19   -0.683344   -0.683683  0.00057721
          20   -0.678672   -0.683432 0.000602178
