           1   -0.969952   -0.969952           0
           2   -0.973984   -0.971968    0.002016
           3   -0.962416   -0.968784  0.00339007
           4   -0.985952   -0.973076  0.00491605
           5   -0.967152   -0.971891  0.00398802
           6   -0.970336   -0.971632   0.0032665
           7   -0.981184   -0.972997  0.00307953
           8   -0.972144    -0.97289  0.00266908
           9   -0.969712   -0.972537  0.00238025
          10   -0.980064    -0.97329   0.0022581
          11   -0.974656   -0.973414  0.00204631
          12   -0.969136   -0.973057  0.00190172
          13   -0.971664    -0.97295  0.00175261
          14   -0.978032   -0.973313  0.00166271
          15   -0.970352   -0.973116  0.00156044
          16    -0.98568   -0.973901  0.00165748
          17   -0.971232   -0.973744  0.00156483
          18   -0.958976   -0.972924  0.00168811
          19   -0.982384   -0.973421  0.00167263
          20   -0.975488   -0.973525  0.00159015
