          20   -0.975488   -0.973525  0.00159015
          20   -0.942768   -0.932666  0.00172628
          20   -0.889648   -0.890561  0.00115452
          20   -0.847776   -0.850379  0.00109316
          20   -0.807568    -0.80469 0.000580163
          20   -0.759072   -0.762517 0.000683942
          20   -0.717328   -0.719969 0.000480884
          20   -0.678672   -0.683432 0.000602178
          20    -0.64008   -0.645969 0.000649918
          20   -0.609632   -0.613266 0.000658799
          20   -0.578688   -0.583137 0.000697761
          20    -0.54984    -0.55447 0.000656024
          20   -0.522912   -0.527992 0.000748685
          20   -0.504032   -0.504847 0.000616388
          20      -0.486    -0.48287 0.000615411
          20   -0.468272   -0.463148 0.000632434
