           1    0.217004    0.217004           0
           2    0.213232    0.215118  0.00188596
           3    0.203802    0.211346  0.00392576
           4     0.21594    0.212494  0.00300418
           5    0.210926    0.212181  0.00234808
           6    0.211245    0.212025  0.00192353
           7    0.220232    0.213197  0.00200439
           8     0.21342    0.213225  0.00173608
           9    0.210906    0.212967  0.00155261
          10    0.214903    0.213161  0.00140212
          11    0.211597    0.213019  0.00127621
          12    0.208461    0.212639  0.00122537
          13    0.209344    0.212385  0.00115532
          14    0.212093    0.212365  0.00106982
          15    0.209126    0.212149  0.00101909
          16    0.213832    0.212254 0.000959055
          17    0.214209    0.212369 0.000908187
          18     0.21014    0.212245 0.000865153
          19    0.207813    0.212012 0.000850943
          20    0.219193    0.212371 0.000883533
