           1    0.357864    0.357864           0
           2     0.34935    0.353607  0.00425731
           3    0.344914    0.350709  0.00379989
           4    0.349909    0.350509  0.00269436
           5    0.341144    0.348636   0.0028043
           6    0.333002     0.34603  0.00346881
           7    0.336809    0.344713  0.00321408
           8    0.343025    0.344502  0.00279146
           9    0.345888    0.344656  0.00246665
          10    0.332166    0.343407  0.00253526
          11    0.358743    0.344801  0.00268379
          12    0.351568    0.345365    0.002514
          13    0.327274    0.343973  0.00269897
          14    0.336117    0.343412  0.00256101
          15    0.340593    0.343224  0.00239157
          16    0.342339    0.343169  0.00223779
          17    0.347002    0.343394   0.0021141
          18    0.335155    0.342937  0.00204508
          19    0.336505    0.342598  0.00196384
          20      0.3456    0.342748   0.0018691
