           1    0.269708    0.269708           0
           2    0.266595    0.268152  0.00155658
           3    0.264952    0.267085  0.00139468
           4    0.276857    0.269528  0.00263453
           5    0.280519    0.271726  0.00299944
           6    0.276388    0.272503  0.00256932
           7    0.264414    0.271348  0.00245985
           8    0.274256    0.271711  0.00216109
           9    0.256657    0.270038   0.0025358
          10     0.28349    0.271384  0.00263697
          11    0.281151    0.272272  0.00254516
          12    0.273222    0.272351  0.00232475
          13    0.273644     0.27245  0.00214078
          14    0.272663    0.272465  0.00198203
          15    0.266804    0.272088  0.00188337
          16    0.263187    0.271532  0.00184747
          17    0.269747    0.271427  0.00173857
          18    0.270495    0.271375  0.00163996
          19    0.265478    0.271065  0.00158199
          20    0.275034    0.271263  0.00151387
