           1    0.422952    0.422952           0
           2    0.399265    0.411109   0.0118434
           3    0.439968    0.420728   0.0118023
           4    0.424666    0.421713  0.00840337
           5    0.397774    0.416925  0.00808035
           6    0.452032    0.422776  0.00881839
           7    0.477064    0.430532    0.010756
           8    0.438888    0.431576  0.00937335
           9     0.41438    0.429665  0.00848447
          10    0.420638    0.428763  0.00764225
          11    0.408707    0.426939  0.00714908
          12    0.460555    0.429741    0.007102
          13    0.426387    0.429483  0.00653798
          14    0.423022    0.429021  0.00607056
          15    0.448672    0.430331  0.00580124
          16     0.44912    0.431506  0.00555216
          17    0.434769    0.431698  0.00521888
          18    0.405576    0.430246  0.00512996
          19    0.451288    0.431354  0.00497723
          20    0.471276     0.43335   0.0051264
