           1    0.313661    0.313661           0
           2    0.303855    0.308758  0.00490323
           3    0.327625    0.315047  0.00689685
           4    0.335697    0.320209  0.00710174
           5    0.330491    0.322266  0.00587273
           6    0.295959    0.317881  0.00649735
           7    0.309133    0.316632  0.00563169
           8    0.327473    0.317987  0.00506198
           9     0.31719    0.317898  0.00446512
          10    0.317825    0.317891  0.00399373
          11    0.310276    0.317199  0.00367819
          12    0.319932    0.317426  0.00336543
          13     0.30993     0.31685    0.003149
          14    0.303096    0.315867  0.00307648
          15    0.332039    0.316946  0.00306024
          16    0.319332    0.317095  0.00286648
          17    0.322546    0.317415  0.00271161
          18    0.316166    0.317346  0.00255748
          19    0.300311    0.316449  0.00257993
          20    0.333176    0.317286  0.00258648
