           1    0.384382    0.384382           0
           2     0.38837    0.386376  0.00199388
           3     0.41805    0.396934   0.0106204
           4    0.399511    0.397578  0.00753737
           5    0.411322    0.400327  0.00645311
           6    0.380108    0.396957  0.00625445
           7    0.396029    0.396825  0.00528763
           8    0.373549    0.393915  0.00542531
           9    0.387114    0.393159  0.00484398
          10    0.405753    0.394419   0.0045119
          11    0.410678    0.395897  0.00434059
          12    0.392383    0.395604   0.0039732
          13    0.386953    0.394939   0.0037149
          14    0.385967    0.394298  0.00349852
          15    0.401073    0.394749  0.00328811
          16     0.40731    0.395534  0.00317435
          17    0.410219    0.396398  0.00310437
          18    0.388236    0.395945  0.00296175
          19    0.389499    0.395605  0.00282201
          20    0.402112    0.395931  0.00269688
