           1    0.426397    0.426397           0
           2    0.464925    0.445661   0.0192639
           3    0.403759    0.431694   0.0178545
           4    0.470529    0.441402   0.0159265
           5    0.397456    0.432613   0.0151474
           6    0.452047    0.435852   0.0127849
           7    0.463144    0.439751   0.0114871
           8    0.459349    0.442201   0.0102454
           9    0.425756    0.440374  0.00921845
          10    0.416512    0.437987  0.00858357
          11     0.40041    0.434571  0.00848242
          12    0.403436    0.431977   0.0081665
          13    0.421844    0.431197  0.00755242
          14    0.449669    0.432517  0.00711558
          15    0.409881    0.431008  0.00679395
          16    0.416192    0.430082  0.00642226
          17    0.409312     0.42886  0.00615513
          18    0.433539     0.42912  0.00580893
          19    0.403105    0.427751  0.00566273
          20    0.401669    0.426447  0.00552815
