           1    0.421471    0.421471           0
           2    0.420117    0.420794 0.000676747
           3    0.457388    0.432992   0.0122041
           4    0.413515    0.428123  0.00990853
           5    0.364741    0.415446   0.0148189
           6    0.378578    0.409302   0.0135705
           7     0.39364    0.407064   0.0116853
           8    0.439492    0.411118   0.0109014
           9    0.413743    0.411409  0.00961857
          10    0.383852    0.408654  0.00903369
          11    0.452481    0.412638  0.00909092
          12    0.377513    0.409711  0.00879992
          13    0.453319    0.413065  0.00876226
          14    0.433928    0.414556  0.00824802
          15    0.411635    0.414361  0.00768096
          16    0.480125    0.418471  0.00827747
          17    0.469795     0.42149  0.00834088
          18    0.499978    0.425851  0.00899187
          19    0.376902    0.423274  0.00888706
          20    0.431647    0.423693   0.0084414
