           1    0.198173    0.198173           0
           2    0.194995    0.196584   0.0015892
           3    0.199232    0.197467  0.00127315
           4    0.199439     0.19796  0.00102642
           5     0.19255    0.196878  0.00134261
           6    0.196714    0.196851  0.00109658
           7    0.194312    0.196488 0.000995187
           8    0.197977    0.196674 0.000881732
           9    0.201934    0.197259 0.000972783
          10    0.203898    0.197922  0.00109444
          11    0.194555    0.197616  0.00103623
          12    0.197878    0.197638 0.000946191
          13    0.192894    0.197273 0.000943772
          14    0.192713    0.196947 0.000932508
          15    0.192991    0.196684 0.000907311
          16    0.194806    0.196566  0.00085679
          17    0.205237    0.197076 0.000952836
          18     0.19957    0.197215 0.000908959
          19    0.193547    0.197022   0.0008812
          20    0.199721    0.197157 0.000846801
