           1    0.329376    0.329376           0
           2     0.33977    0.334573    0.005197
           3    0.401777    0.356974   0.0226014
           4    0.195539    0.316615   0.0434079
           5     0.38145    0.329582   0.0360373
           6    0.365705    0.335603    0.030034
           7    0.254824    0.324063   0.0278834
           8    0.346825    0.326908   0.0243147
           9    0.349263    0.329392    0.021587
          10    0.289663    0.325419   0.0197125
          11    0.323632    0.325257   0.0178313
          12    0.328907    0.325561   0.0162806
          13     0.32863    0.325797   0.0149778
          14    0.294393    0.323554    0.014047
          15    0.383047     0.32752   0.0136653
          16    0.211148    0.320247   0.0147071
          17     0.34136    0.321489   0.0138706
          18    0.374574    0.324438   0.0134058
          19    0.257167    0.320897   0.0131656
          20    0.290968    0.319401   0.0125793
