           1    0.422191    0.422191           0
           2    0.439244    0.430718  0.00852623
           3    0.419961    0.427132  0.00608997
           4    0.430194    0.427897  0.00437374
           5    0.435733    0.429465  0.00373276
           6    0.417708    0.427505  0.00362327
           7    0.441824    0.429551  0.00368262
           8    0.450603    0.432182  0.00413473
           9    0.425781    0.431471   0.0037152
          10    0.451779    0.433502  0.00389441
          11     0.42873    0.433068  0.00354923
          12    0.473574    0.436444  0.00467886
          13    0.433271      0.4362  0.00431084
          14    0.455698    0.437592  0.00422709
          15    0.403887    0.435345  0.00453154
          16    0.470901    0.437568  0.00478606
          17    0.445867    0.438056  0.00452215
          18    0.450766    0.438762  0.00432161
          19    0.439278    0.438789  0.00408792
          20    0.457107    0.439705  0.00398482
