           1    0.255375    0.255375           0
           2      0.2424    0.248888  0.00648734
           3    0.247388    0.248388  0.00377869
           4    0.249453    0.248654  0.00268517
           5    0.250321    0.248987  0.00210647
           6    0.240178    0.247519  0.00226136
           7    0.250136    0.247893  0.00194742
           8    0.247757    0.247876   0.0016866
           9     0.24602     0.24767  0.00150166
          10     0.24735    0.247638  0.00134351
          11    0.244254     0.24733  0.00125358
          12    0.258264    0.248241  0.00146281
          13    0.251065    0.248459    0.001363
          14    0.249716    0.248548  0.00126509
          15     0.25216    0.248789   0.0012021
          16     0.25555    0.249212  0.00120123
          17    0.245107     0.24897   0.0011539
          18    0.248394    0.248938  0.00108838
          19    0.253744    0.249191  0.00106011
          20    0.252974     0.24938  0.00102335
