          20    0.290968    0.319401   0.0125793
          20    0.431647    0.423693   0.0084414
          20    0.401669    0.426447  0.00552815
          20    0.471276     0.43335   0.0051264
          20    0.457107    0.439705  0.00398482
          20    0.395605    0.422157  0.00353242
          20    0.402112    0.395931  0.00269688
          20     0.35705     0.36729   0.0021002
          20      0.3456    0.342748   0.0018691
          20    0.333176    0.317286  0.00258648
          20    0.300179    0.295437    0.001627
          20    0.275034    0.271263  0.00151387
          20    0.252974     0.24938  0.00102335
          20    0.230692    0.228536  0.00122845
          20    0.219193    0.212371 0.000883533
          20    0.199721    0.197157 0.000846801
