           1    0.223775    0.223775           0
           2    0.236457    0.230116  0.00634102
           3    0.221157     0.22713  0.00472451
           4    0.228908    0.227574  0.00337017
           5    0.217754     0.22561  0.00326684
           6    0.226701    0.225792  0.00267355
           7    0.230421    0.226453  0.00235433
           8     0.22816    0.226666  0.00205003
           9    0.233924    0.227473  0.00197964
          10    0.230483    0.227774  0.00179605
          11    0.231214    0.228087  0.00165441
          12    0.226204     0.22793  0.00151839
          13    0.222645    0.227523  0.00145467
          14    0.230707    0.227751  0.00136583
          15    0.232189    0.228047   0.0013055
          16    0.217836    0.227408  0.00137787
          17    0.235823    0.227903   0.0013857
          18     0.23401    0.228243  0.00134979
          19    0.231658    0.228422  0.00128936
          20    0.230692    0.228536  0.00122845
