           1    0.296608    0.296608           0
           2    0.296395    0.296501 0.000106539
           3    0.289573    0.294192  0.00231037
           4    0.301542    0.296029  0.00245881
           5    0.301335    0.297091  0.00218026
           6    0.302886    0.298056   0.0020253
           7    0.285193    0.296219  0.00251137
           8    0.296475    0.296251  0.00217514
           9    0.291405    0.295712  0.00199241
          10    0.301857    0.296327  0.00188502
          11    0.290693    0.295815  0.00178032
          12    0.290778    0.295395  0.00167853
          13    0.293286    0.295233  0.00155252
          14    0.291294    0.294951  0.00146463
          15    0.298357    0.295178  0.00138227
          16    0.300452    0.295508  0.00133433
          17    0.310148    0.296369  0.00152074
          18    0.277153    0.295302  0.00178758
          19    0.293134    0.295188  0.00169472
          20    0.300179    0.295437    0.001627
