           1      0.3628      0.3628           0
           2    0.365146    0.363973  0.00117305
           3    0.360766    0.362904  0.00126574
           4    0.374699    0.365853  0.00308155
           5    0.377942    0.368271   0.0033976
           6     0.35224    0.365599  0.00385155
           7    0.377032    0.367232  0.00364194
           8    0.359232    0.366232  0.00330876
           9    0.381581    0.367938  0.00337989
          10    0.363811    0.367525   0.0030511
          11    0.367804     0.36755  0.00275994
          12    0.383171    0.368852  0.00283589
          13    0.364192    0.368494  0.00263315
          14    0.372922     0.36881  0.00245826
          15    0.359825    0.368211  0.00236561
          16    0.352824    0.367249  0.00241277
          17    0.361532    0.366913  0.00229122
          18    0.374498    0.367334   0.0022009
          19    0.376723    0.367829  0.00213968
          20     0.35705     0.36729   0.0021002
