           1    0.442877    0.442877           0
           2    0.430892    0.436884  0.00599237
           3     0.41952    0.431096  0.00674337
           4    0.432504    0.431448  0.00478125
           5    0.400552    0.425269  0.00720413
           6    0.426696    0.425507  0.00588695
           7    0.434297    0.426762  0.00513141
           8     0.41271    0.425006  0.00477848
           9    0.396584    0.421848  0.00526619
          10    0.427437    0.422407  0.00474327
          11    0.437557    0.423784   0.0045061
          12    0.457531    0.426596  0.00498294
          13    0.413505    0.425589  0.00469295
          14    0.417887    0.425039  0.00437952
          15    0.408763    0.423954  0.00421904
          16    0.429115    0.424277  0.00395971
          17    0.430008    0.424614  0.00373475
          18    0.418048    0.424249     0.00354
          19    0.411059    0.423555  0.00341971
          20    0.395605    0.422157  0.00353242
