          20     0.88236     0.93596  0.00701427
          20     0.70852    0.660445   0.0300456
          20     0.30984    0.414058   0.0165673
          20    0.291496      0.2831    0.016475
          20    0.185216    0.199822  0.00847697
          20     0.08228    0.147916  0.00596883
          20     0.09944    0.107023  0.00374672
          20    0.055952    0.089994  0.00325378
          20    0.113472   0.0751356  0.00458976
          20    0.096136    0.058662  0.00276308
          20    0.046568    0.048242  0.00251296
          20    0.053856   0.0433856  0.00245574
          20    0.045384   0.0395272  0.00206571
          20    0.036512    0.035536  0.00242009
          20    0.040992   0.0258996   0.0018268
          20      0.0266   0.0259996  0.00186592
