           1    0.365776    0.365776           0
           2      0.4908    0.428288    0.062512
           3    0.530072    0.462216   0.0495348
           4    0.497776    0.471106   0.0361369
           5     0.46736    0.470357   0.0280016
           6    0.339512    0.448549   0.0315957
           7     0.32208    0.430482    0.032241
           8    0.498264    0.438955   0.0291787
           9    0.431384    0.438114    0.025747
          10     0.28472    0.422774   0.0276699
          11     0.42852    0.423297   0.0250338
          12     0.42396    0.423352   0.0228527
          13    0.449824    0.425388   0.0211198
          14     0.39684    0.423349   0.0196592
          15    0.408272    0.422344   0.0183293
          16    0.442296    0.423591   0.0171908
          17     0.29392    0.415963   0.0178588
          18    0.494952    0.420352   0.0173999
          19    0.404992    0.419543   0.0164785
          20     0.30984    0.414058   0.0165673
