           1    0.007816    0.007816           0
           2    0.029992    0.018904    0.011088
           3    0.028608   0.0221387  0.00717247
           4    0.036448    0.025716  0.00620641
           5    0.022168   0.0250064  0.00485955
           6    0.030048   0.0258467   0.0040558
           7    0.039928   0.0278583  0.00397445
           8    0.023072     0.02726  0.00349359
           9    0.031568   0.0277387  0.00311801
          10    0.020976   0.0270624  0.00286966
          11    0.022888   0.0266829   0.0026233
          12      0.0426   0.0280093  0.00273754
          13    0.026408   0.0278862  0.00252119
          14    0.028208   0.0279091  0.00233428
          15    0.028928   0.0279771  0.00217416
          16    0.020424    0.027505  0.00208781
          17    0.013464   0.0266791  0.00212798
          18     0.02208   0.0264236  0.00202248
          19    0.017768    0.025968  0.00196657
          20      0.0266   0.0259996  0.00186592
