           1    0.685464    0.685464           0
           2    0.591904    0.638684     0.04678
           3    0.719496    0.665621   0.0381455
           4     0.76548    0.690586   0.0367529
           5    0.581888    0.668846     0.03582
           6    0.643264    0.664583   0.0295561
           7     0.57356    0.651579   0.0281613
           8    0.699896    0.657619   0.0251251
           9    0.787312    0.672029   0.0264319
          10    0.596896    0.664516   0.0248066
          11     0.31284    0.632545   0.0390589
          12    0.795312    0.646109   0.0381485
          13    0.611656    0.643459   0.0351915
          14    0.769512    0.652463   0.0338022
          15     0.39164    0.635075   0.0359526
          16       0.597    0.632695   0.0337147
          17    0.835784    0.644641   0.0338478
          18    0.754432    0.650741   0.0324896
          19    0.787048    0.657915   0.0315584
          20     0.70852    0.660445   0.0300456
