           1      0.0432      0.0432           0
           2    0.048656    0.045928    0.002728
           3     0.03456   0.0421387  0.00410362
           4    0.039144     0.04139  0.00299672
           5    0.036232   0.0403584  0.00254016
           6    0.044288   0.0410133  0.00217498
           7    0.021208    0.038184  0.00337403
           8    0.021624    0.036114  0.00358092
           9    0.031848     0.03564  0.00319345
          10    0.038264   0.0359024  0.00286833
          11    0.031936   0.0355418  0.00261944
          12    0.040208   0.0359307  0.00242262
          13    0.046328   0.0367305  0.00236766
          14    0.031048   0.0363246  0.00222929
          15    0.026304   0.0356565  0.00218023
          16    0.047576   0.0364015  0.00217122
          17    0.038488   0.0365242  0.00204319
          18    0.005264   0.0347876  0.00259362
          19    0.048032   0.0354846  0.00255043
          20    0.036512    0.035536  0.00242009
