           1    0.337016    0.337016           0
           2    0.335992    0.336504    0.000512
           3    0.290536    0.321181   0.0153255
           4    0.269064    0.308152    0.016947
           5    0.298824    0.306286    0.013259
           6    0.373016    0.317408   0.0155206
           7     0.26412    0.309795   0.0151663
           8    0.257392    0.303245   0.0146772
           9    0.203952    0.292212   0.0170078
          10    0.221744    0.285166   0.0167652
          11    0.055384    0.264276   0.0258133
          12    0.253704    0.263395   0.0235807
          13    0.285728    0.265113    0.021759
          14    0.388504    0.273927   0.0219886
          15    0.280744    0.274381   0.0204753
          16     0.35988    0.279725   0.0198844
          17     0.23736    0.277233   0.0188436
          18    0.299336    0.278461   0.0178083
          19      0.3582    0.282658   0.0173599
          20    0.291496      0.2831    0.016475
