           1    0.062336    0.062336           0
           2    0.060952    0.061644    0.000692
           3    0.058816   0.0607013  0.00102384
           4    0.052672    0.058694   0.0021339
           5      0.0692   0.0607952  0.00267341
           6    0.055368   0.0598907  0.00236283
           7    0.051384   0.0586754  0.00233765
           8    0.048648    0.057422  0.00238108
           9    0.068456    0.058648  0.00243161
          10    0.043072   0.0570904  0.00267513
          11      0.0552   0.0569185  0.00242584
          12    0.073608   0.0583093  0.00261499
          13      0.0634   0.0587009  0.00243711
          14    0.058616   0.0586949  0.00225633
          15     0.04032   0.0574699  0.00243163
          16    0.055104    0.057322  0.00227939
          17    0.048136   0.0567816  0.00220824
          18    0.049008   0.0563498  0.00212627
          19    0.062808   0.0566897  0.00203977
          20    0.096136    0.058662  0.00276308
