           1    0.160888    0.160888           0
           2     0.13892    0.149904    0.010984
           3     0.16764    0.155816  0.00866994
           4     0.13788    0.151332   0.0075954
           5    0.154696    0.152005  0.00592172
           6    0.132592    0.148769  0.00581774
           7    0.146632    0.148464  0.00492636
           8    0.192408    0.153957   0.0069552
           9    0.138272    0.152214  0.00637669
          10    0.180792    0.155072  0.00637939
          11    0.136992    0.153428   0.0059999
          12    0.138912    0.152219  0.00560913
          13    0.127616    0.150326  0.00549578
          14    0.181792    0.152574   0.0055624
          15    0.162416     0.15323  0.00521972
          16    0.132168    0.151914  0.00505694
          17    0.130592    0.150659  0.00491295
          18    0.123096    0.149128  0.00487853
          19    0.191744    0.151371  0.00513085
          20     0.08228    0.147916  0.00596883
