           1    0.225368    0.225368           0
           2    0.193912     0.20964    0.015728
           3    0.253848    0.224376   0.0173091
           4    0.228232     0.22534   0.0122773
           5    0.224232    0.225118  0.00951255
           6    0.114824    0.206736   0.0199559
           7    0.210416    0.207262    0.016874
           8    0.261072    0.213988    0.016087
           9    0.205096       0.213   0.0142218
          10     0.23504    0.215204   0.0129099
          11    0.216296    0.215303   0.0116778
          12     0.17744    0.212148   0.0111175
          13    0.189048    0.210371   0.0103798
          14    0.183488    0.208451  0.00979984
          15    0.214176    0.208833  0.00913114
          16    0.212232    0.209045  0.00854404
          17    0.160984    0.206218  0.00850911
          18     0.11904    0.201375  0.00937105
          19    0.186488    0.200591  0.00889869
          20    0.185216    0.199822  0.00847697
