           1    0.046224    0.046224           0
           2    0.044352    0.045288    0.000936
           3     0.02316    0.037912  0.00739577
           4    0.041648    0.038846  0.00531235
           5    0.040392   0.0391552  0.00412653
           6    0.035008    0.038464  0.00343946
           7    0.046184   0.0395669  0.00310906
           8    0.038944    0.039489  0.00269365
           9    0.031456   0.0385964  0.00253772
          10    0.055552    0.040292  0.00283318
          11    0.031008    0.039448  0.00269811
          12    0.033192   0.0389267   0.0025176
          13    0.033672   0.0385225  0.00235086
          14      0.0264   0.0376566   0.0023424
          15    0.047752   0.0383296  0.00228215
          16    0.035656   0.0381625  0.00214129
          17     0.02912   0.0376306  0.00208053
          18    0.053264   0.0384991  0.00214522
          19    0.052176   0.0392189  0.00215307
          20    0.045384   0.0395272  0.00206571
