           1    0.055696    0.055696           0
           2    0.054152    0.054924    0.000772
           3    0.059992   0.0566133  0.00174714
           4    0.043088    0.053232  0.00359995
           5    0.041312    0.050848  0.00366869
           6    0.033216   0.0479093  0.00419626
           7     0.03896   0.0466309  0.00376989
           8    0.038184    0.045575  0.00343131
           9    0.028584   0.0436871  0.00356673
          10    0.051264   0.0444448  0.00327893
          11    0.046312   0.0446145  0.00297076
          12    0.062496   0.0461047  0.00309434
          13    0.052016   0.0465594  0.00288247
          14     0.06712    0.048028  0.00304607
          15    0.051848   0.0482827  0.00284715
          16      0.0288    0.047065  0.00292843
          17     0.04536   0.0469647  0.00275261
          18    0.055768   0.0474538  0.00264086
          19    0.064104   0.0483301  0.00264726
          20    0.046568    0.048242  0.00251296
