           1    0.026376    0.026376           0
           2    0.043648    0.035012    0.008636
           3    0.038568   0.0361973  0.00512496
           4    0.022784    0.032844  0.00493735
           5    0.053656   0.0370064  0.00565261
           6     0.04796    0.038832  0.00496328
           7     0.05748    0.041496  0.00496918
           8    0.032464    0.040367  0.00444907
           9    0.036432   0.0399298  0.00394799
          10    0.041752    0.040112  0.00353589
          11    0.060928   0.0420044  0.00371623
          12    0.043968    0.042168  0.00339638
          13    0.034632   0.0415883  0.00317754
          14    0.027656   0.0405931   0.0031056
          15    0.049608   0.0411941  0.00295296
          16    0.042232    0.041259    0.002763
          17    0.052384   0.0419134  0.00267662
          18    0.057392   0.0427733  0.00266603
          19    0.043936   0.0428345  0.00252256
          20    0.053856   0.0433856  0.00245574
