           1    0.023016    0.023016           0
           2    0.021696    0.022356     0.00066
           3    0.036192    0.026968  0.00462771
           4    0.013936     0.02371  0.00461762
           5    0.039152   0.0267984  0.00472564
           6    0.027432    0.026904  0.00385991
           7    0.020568   0.0259989  0.00338547
           8    0.017064    0.024882  0.00313742
           9    0.024832   0.0248764  0.00276695
          10    0.025736   0.0249624  0.00247633
          11       0.038   0.0261476  0.00253417
          12    0.016488   0.0253427  0.00244942
          13    0.014648     0.02452  0.00239863
          14    0.022536   0.0243783  0.00222522
          15    0.034944   0.0250827  0.00218804
          16    0.026224    0.025154  0.00204797
          17    0.021176     0.02492  0.00193791
          18    0.025864   0.0249724  0.00182783
          19    0.027496   0.0251053  0.00173405
          20    0.040992   0.0258996   0.0018268
