           1    0.067584    0.067584           0
           2     0.09568    0.081632    0.014048
           3     0.09544   0.0862347  0.00932559
           4    0.091264    0.087492  0.00671299
           5      0.0412   0.0782336   0.0106187
           6    0.079688    0.078476  0.00867351
           7    0.063728   0.0763691  0.00762721
           8    0.043808    0.072299  0.00775866
           9      0.0664   0.0716436  0.00687382
          10    0.077744   0.0722536  0.00617832
          11    0.069328   0.0719876  0.00559483
          12     0.09288   0.0737287  0.00539595
          13    0.055464   0.0723237  0.00515856
          14     0.06624   0.0718891  0.00479563
          15    0.038648   0.0696731  0.00498424
          16    0.077688    0.070174  0.00468916
          17    0.102776   0.0720918  0.00480409
          18     0.07956   0.0725067   0.0045483
          19     0.08412   0.0731179  0.00434546
          20    0.113472   0.0751356  0.00458976
