           1    0.096936    0.096936           0
           2    0.119856    0.108396     0.01146
           3    0.127816    0.114869  0.00925642
           4    0.096208    0.110204  0.00803778
           5    0.122432     0.11265  0.00668914
           6    0.116712    0.113327  0.00550346
           7    0.100448    0.111487  0.00500193
           8    0.120272    0.112585  0.00446882
           9    0.106768    0.111939  0.00399378
          10    0.118512    0.112596  0.00363212
          11     0.09728    0.111204  0.00356824
          12    0.114584    0.111485   0.0032695
          13    0.107888    0.111209  0.00302021
          14      0.0788    0.108894  0.00363006
          15    0.121048    0.109704  0.00347519
          16    0.072264    0.107364  0.00400536
          17    0.091472    0.106429  0.00387678
          18     0.13852    0.108212  0.00406669
          19    0.093208    0.107422  0.00392692
          20     0.09944    0.107023  0.00374672
