           1    0.922776    0.922776           0
           2    0.965712    0.944244    0.021468
           3    0.926736    0.938408   0.0136998
           4    0.924872    0.935024   0.0102613
           5    0.957296    0.939478  0.00911141
           6    0.918536    0.935988  0.00821754
           7    0.954792    0.938674  0.00744651
           8    0.968752    0.942434   0.0074648
           9    0.967688     0.94524  0.00715639
          10    0.886464    0.939362  0.00869007
          11     0.89844    0.935642  0.00869638
          12    0.907016    0.933257  0.00828934
          13    0.970256    0.936103  0.00813893
          14    0.956312    0.937546  0.00767221
          15    0.961992    0.939176  0.00732601
          16     0.88316    0.935675  0.00769536
          17    0.937536    0.935784  0.00722936
          18    0.965976    0.937462  0.00701926
          19    0.962528    0.938781  0.00676935
          20     0.88236     0.93596  0.00701427
