           1    0.093208    0.093208           0
           2    0.089512     0.09136    0.001848
           3    0.106232   0.0963173  0.00507085
           4    0.088152    0.094276  0.00412599
           5    0.090864   0.0935936  0.00326802
           6    0.073064    0.090172  0.00433905
           7    0.097552   0.0912263   0.0038157
           8    0.088432    0.090877  0.00332291
           9    0.106232   0.0925831  0.00339099
          10    0.092384   0.0925632  0.00303306
          11    0.061104   0.0897033  0.00396308
          12    0.100568   0.0906087  0.00372935
          13    0.072576   0.0892215  0.00370034
          14    0.104208    0.090292  0.00358919
          15     0.08684   0.0900619  0.00334927
          16    0.093392     0.09027  0.00313986
          17    0.089304   0.0902132  0.00294994
          18    0.109448   0.0912818  0.00297945
          19    0.100856   0.0917857  0.00286297
          20    0.055952    0.089994  0.00325378
