0.02
0.020202
0.0204061
0.0206122
0.0208204
0.0210307
0.0212431
0.0214577
0.0216745
0.0218934
0.0221145
0.0223379
0.0225636
0.0227915
0.0230217
0.0232542
0.0234891
0.0237264
0.0239661
0.0242081
0.0244527
0.0246997
0.0249491
0.0252012
0.0254557
0.0257128
0.0259726
0.0262349
0.0264999
0.0267676
0.027038
0.0273111
0.027587
0.0278656
0.0281471
0.0284314
0.0287186
0.0290087
0.0293017
0.0295977
0.0298966
0.0301986
0.0305037
0.0308118
0.031123
0.0314374
0.0317549
0.0320757
0.0323997
0.0327269
0.0330575
0.0333914
0.0337287
0.0340694
0.0344136
0.0347612
0.0351123
0.035467
0.0358252
0.0361871
0.0365526
0.0369218
0.0372948
0.0376715
0.038052
0.0384364
0.0388246
0.0392168
0.0396129
0.040013
0.0404172
0.0408255
0.0412378
0.0416544
0.0420751
0.0425001
0.0429294
0.0433631
0.0438011
0.0442435
0.0446904
0.0451418
0.0455978
0.0460584
0.0465236
0.0469936
0.0474683
0.0479477
0.0484321
0.0489213
0.0494154
0.0499146
0.0504188
0.050928
0.0514425
0.0519621
0.0524869
0.0530171
0.0535526
0.0540936
0.05464
0.0551919
0.0557494
0.0563125
0.0568813
0.0574559
0.0580363
0.0586225
0.0592146
0.0598128
0.0604169
0.0610272
0.0616436
0.0622663
0.0628952
0.0635306
0.0641723
0.0648205
0.0654752
0.0661366
0.0668046
0.0674794
0.068161
0.0688495
0.069545
0.0702475
0.070957
0.0716738
0.0723978
0.073129
0.0738677
0.0746139
0.0753675
0.0761288
0.0768978
0.0776745
0.0784591
0.0792517
0.0800522
0.0808608
0.0816776
0.0825026
0.0833359
0.0841777
0.085028
0.0858869
0.0867544
0.0876307
0.0885159
0.08941
0.0903131
0.0912254
0.0921468
0.0930776
0.0940178
0.0949675
0.0959267
0.0968957
0.0978744
0.0988631
0.0998617
0.10087
0.101889
0.102918
0.103958
0.105008
0.106069
0.10714
0.108222
0.109316
0.11042
0.111535
0.112662
0.1138
0.114949
0.11611
0.117283
0.118468
0.119665
0.120873
0.122094
0.123327
0.124573
0.125832
0.127103
0.128386
0.129683
0.130993
0.132316
0.133653
0.135003
0.136367
0.137744
0.139135
0.140541
0.14196
0.143394
0.144843
0.146306
0.147784
0.149276
0.150784
0.152307
0.153846
0.1554
0.156969
0.158555
0.160157
0.161774
0.163408
0.165059
0.166726
0.16841
0.170111
0.17183
0.173565
0.175319
0.177089
0.178878
0.180685
0.18251
0.184354
0.186216
0.188097
0.189997
0.191916
0.193855
0.195813
0.197791
0.199788
0.201807
0.203845
0.205904
0.207984
0.210085
0.212207
0.21435
0.216515
0.218702
0.220912
0.223143
0.225397
0.227674
0.229973
0.232296
0.234643
0.237013
0.239407
0.241825
0.244268
0.246735
0.249228
0.251745
0.254288
0.256857
0.259451
0.262072
0.264719
0.267393
0.270094
0.272822
0.275578
0.278361
0.281173
0.284013
0.286882
0.28978
0.292707
0.295664
0.29865
0.301667
0.304714
0.307792
0.310901
0.314041
0.317213
0.320418
0.323654
0.326923
0.330226
0.333561
0.33693
0.340334
0.343772
0.347244
0.350751
0.354294
0.357873
0.361488
0.365139
0.368828
0.372553
0.376316
0.380118
0.383957
0.387836
0.391753
0.39571
0.399707
0.403745
0.407823
0.411942
0.416103
0.420306
0.424552
0.42884
0.433172
0.437548
0.441967
0.446432
0.450941
0.455496
0.460097
0.464744
0.469439
0.474181
0.47897
0.483808
0.488695
0.493632
0.498618
0.503654
0.508742
0.513881
0.519071
0.524314
0.52961
0.53496
0.540364
0.545822
0.551335
0.556904
0.56253
0.568212
0.573951
0.579749
0.585605
0.59152
0.597495
0.60353
0.609626
0.615784
0.622004
0.628287
0.634634
0.641044
0.647519
0.65406
0.660666
0.66734
0.674081
0.68089
0.687767
0.694714
0.701732
0.70882
0.71598
0.723212
0.730517
0.737896
0.745349
0.752878
0.760483
0.768165
0.775924
0.783762
0.791678
0.799675
0.807753
0.815912
0.824153
0.832478
0.840887
0.849381
0.85796
0.866627
0.87538
0.884223
0.893154
0.902176
0.911289
0.920494
0.929792
0.939184
0.94867
0.958253
0.967932
0.977709
0.987585
0.997561
1.00764
1.01782
1.0281
1.03848
1.04897
1.05957
1.07027
1.08108
1.092
1.10303
1.11417
1.12543
1.13679
1.14828
1.15988
1.17159
1.18343
1.19538
1.20745
1.21965
1.23197
1.24441
1.25698
1.26968
1.28251
1.29546
1.30855
1.32176
1.33511
1.3486
1.36222
1.37598
1.38988
1.40392
1.4181
1.43243
1.4469
1.46151
1.47627
1.49118
1.50625
1.52146
1.53683
1.55235
1.56803
1.58387
1.59987
1.61603
1.63236
1.64884
1.6655
1.68232
1.69932
1.71648
1.73382
1.75133
1.76902
1.78689
1.80494
1.82317
1.84159
1.86019
1.87898
1.89796
1.91713
1.9365
1.95606
1.97581
1.99577
2.01593
2.03629
2.05686
2.07764
2.09863
2.11982
2.14124
2.16286
2.18471
2.20678
2.22907
2.25159
2.27433
2.2973
2.32051
2.34395
2.36762
2.39154
2.4157
2.4401
2.46474
2.48964
2.51479
2.54019
2.56585
2.59177
2.61795
2.64439
2.6711
2.69808
2.72533
2.75286
2.78067
2.80876
2.83713
2.86579
2.89473
2.92397
2.95351
2.98334
3.01348
3.04392
3.07466
3.10572
3.13709
3.16878
3.20079
3.23312
3.26578
3.29876
3.33208
3.36574
3.39974
3.43408
3.46877
3.50381
3.5392
3.57495
3.61106
3.64753
3.68438
3.72159
3.75918
3.79716
3.83551
3.87425
3.91339
3.95292
3.99284
4.03318
4.07392
4.11507
4.15663
4.19862
4.24103
4.28387
4.32714
4.37085
4.415
4.45959
4.50464
4.55014
4.5961
4.64253
4.68942
4.73679
4.78464
4.83297
4.88178
4.93109
4.9809
5.03122
5.08204
5.13337
5.18522
5.2376
5.2905
5.34394
5.39792
5.45245
5.50752
5.56315
5.61935
5.67611
5.73344
5.79136
5.84985
5.90894
5.96863
6.02892
6.08982
6.15133
6.21347
6.27623
6.33962
6.40366
6.46834
6.53368
6.59968
6.66634
6.73368
6.80169
6.8704
6.9398
7.0099
7.0807
7.15222
7.22447
7.29744
7.37116
7.44561
7.52082
7.59679
7.67352
7.75103
7.82933
7.90841
7.98829
8.06898
8.15049
8.23282
8.31598
8.39998
8.48482
8.57053
8.6571
8.74455
8.83287
8.9221
9.01222
9.10325
9.1952
9.28808
9.3819
9.47667
9.57239
9.66908
9.76675
9.86541
9.96506
10.0657
10.1674
10.2701
10.3738
10.4786
10.5845
10.6914
10.7994
10.9084
11.0186
11.1299
11.2424
11.3559
11.4706
11.5865
11.7035
11.8217
11.9412
12.0618
12.1836
12.3067
12.431
12.5565
12.6834
12.8115
12.9409
13.0716
13.2037
13.337
13.4717
13.6078
13.7453
13.8841
14.0244
14.166
14.3091
14.4537
14.5996
14.7471
14.8961
15.0465
15.1985
15.352
15.5071
15.6638
15.822
15.9818
16.1432
16.3063
16.471
16.6374
16.8054
16.9752
17.1466
17.3198
17.4948
17.6715
17.85
18.0303
18.2124
18.3964
18.5822
18.7699
18.9595
19.151
19.3445
19.5399
19.7372
19.9366
20.138
20.3414
20.5469
20.7544
20.9641
21.1758
21.3897
21.6058
21.824
22.0445
22.2671
22.492
22.7192
22.9487
23.1805
23.4147
23.6512
23.8901
24.1314
24.3752
24.6214
24.8701
25.1213
25.375
25.6313
25.8903
26.1518
26.4159
26.6828
26.9523
27.2245
27.4995
27.7773
28.0579
28.3413
28.6276
28.9167
29.2088
29.5039
29.8019
30.1029
30.407
30.7141
31.0244
31.3377
31.6543
31.974
32.297
32.6232
32.9527
33.2856
33.6218
33.9614
34.3045
34.651
35.001
35.3545
35.7117
36.0724
36.4367
36.8048
37.1766
37.5521
37.9314
38.3145
38.7016
39.0925
39.4874
39.8862
40.2891
40.6961
41.1071
41.5224
41.9418
42.3654
42.7934
43.2256
43.6623
44.1033
44.5488
44.9988
45.4533
45.9124
46.3762
46.8446
47.3178
47.7958
48.2785
48.7662
49.2588
49.7564
50.2589
50.7666
51.2794
51.7974
52.3206
52.8491
53.3829
53.9221
54.4668
55.017
55.5727
56.134
56.701
57.2738
57.8523
58.4367
59.0269
59.6232
60.2254
60.8338
61.4482
62.0689
62.6959
63.3292
63.9689
64.615
65.2677
65.927
66.5929
67.2656
67.945
68.6313
69.3246
70.0248
70.7321
71.4466
72.1683
72.8973
73.6336
74.3774
75.1287
75.8875
76.6541
77.4284
78.2105
79.0005
79.7984
80.6045
81.4187
82.2411
83.0718
83.9109
84.7585
85.6147
86.4794
87.353
88.2353
89.1266
90.0269
90.9362
91.8548
92.7826
93.7198
94.6665
95.6227
96.5886
97.5642
98.5497
99.5452
100.551
101.566
102.592
103.629
104.675
105.733
106.801
107.879
108.969
110.07
111.182
112.305
113.439
114.585
115.742
116.911
118.092
119.285
120.49
121.707
122.937
124.178
125.433
126.7
127.979
129.272
130.578
131.897
133.229
134.575
135.934
137.307
138.694
140.095
141.51
142.94
144.384
145.842
147.315
148.803
150.306
151.825
153.358
154.907
156.472
158.052
159.649
161.262
162.89
164.536
166.198
167.877
169.572
171.285
173.015
174.763
176.528
178.311
180.112
181.932
183.769
185.626
187.501
189.395
191.308
193.24
195.192
197.164
199.155
201.167
203.199
205.251
207.325
209.419
211.534
213.671
215.829
218.009
220.211
222.436
224.683
226.952
229.245
231.56
233.899
236.262
238.648
241.059
243.494
245.953
248.438
250.947
253.482
256.042
258.629
261.241
263.88
266.545
269.238
271.957
274.704
277.479
280.282
283.113
285.973
288.861
291.779
294.726
297.704
300.711
303.748
306.816
309.915
313.046
316.208
319.402
322.628
325.887
329.179
332.504
335.863
339.255
342.682
346.143
349.64
353.172
356.739
360.342
363.982
367.659
371.372
375.124
378.913
382.74
386.606
390.511
394.456
398.44
402.465
406.53
410.637
414.785
418.974
423.206
427.481
431.799
436.161
440.566
445.017
449.512
454.052
458.639
