           1      28.818      28.818           0
           2     21.8333     25.3257     3.49238
           3     26.9161     25.8558     2.08486
           4     30.7065     27.0685     1.90889
           5     19.6538     25.5855     2.09413
           6     24.6891     25.4361     1.71637
           7     21.2999     24.8452     1.56633
           8     27.0808     25.1247     1.38497
           9     23.3002      24.922     1.23813
          10     23.9908     24.8289     1.11133
          11     25.8532      24.922     1.00954
          12     21.9185     24.6717    0.954963
          13     22.4806     24.5031     0.89446
          14     27.2898     24.7022    0.851696
          15     31.4619     25.1528    0.912003
          16     31.1011     25.5246    0.930587
          17     21.5775     25.2924    0.904445
          18     15.1922     24.7313     1.02078
          19     25.2155     24.7568    0.965897
          20     33.3594     25.1869     1.01226
