           1     2.97558     2.97558           0
           2     3.34378     3.15968    0.184103
           3     2.84198     3.05378    0.150043
           4     3.01158     3.04323     0.10662
           5      2.7457     2.98372    0.101792
           6     3.15438     3.01217   0.0878445
           7     2.93675     3.00139   0.0750197
           8     2.99568     3.00068   0.0649729
           9     2.81381     2.97991   0.0609467
          10     3.09445     2.99137   0.0557025
          11     3.03993     2.99578   0.0505779
          12     2.92643        2.99   0.0465314
          13       2.876     2.98123   0.0436917
          14      2.7999     2.96828   0.0424739
          15     2.80429     2.95735   0.0410247
          16     3.06768     2.96424   0.0389897
          17     3.06986     2.97046   0.0371477
          18     2.76531     2.95906   0.0368308
          19     2.81736      2.9516   0.0356278
          20     3.05504     2.95677   0.0341929
