           1     4.44105     4.44105           0
           2     4.44341     4.44223     0.00118
           3     4.03649     4.30699    0.135248
           4     4.11569     4.25916    0.106926
           5     4.23775     4.25488   0.0829351
           6     4.49637     4.29513   0.0787747
           7     4.01451     4.25504   0.0777148
           8     4.93239     4.33971    0.108159
           9     3.86869     4.28737    0.108801
          10     4.59989     4.31863     0.10221
          11     4.92508     4.37376    0.107643
          12     4.37931     4.37422   0.0982652
          13     4.25773     4.36526   0.0908339
          14     4.40119     4.36783    0.084135
          15     4.18599      4.3557    0.079258
          16     4.22837     4.34775   0.0745649
          17     4.86908     4.37841   0.0764609
          18     4.44511     4.38212   0.0721832
          19     4.13331     4.36902   0.0695229
          20     4.67361     4.38425   0.0676907
