           1     18.6974     18.6974           0
           2     16.5824     17.6399     1.05747
           3     13.6519     16.3106     1.46285
           4      19.193     17.0312     1.26065
           5     14.0612     16.4372     1.14296
           6     17.2438     16.5716    0.942859
           7     15.2599     16.3842    0.818598
           8     15.2899     16.2474    0.722003
           9     14.0036     15.9981    0.683818
          10     13.4691     15.7452    0.661851
          11      13.474     15.5387    0.633272
          12     14.9182      15.487    0.580404
          13     14.3587     15.4002    0.540903
          14     14.2946     15.3213    0.506967
          15     16.1794     15.3785    0.475415
          16     16.5501     15.4517    0.450699
          17      12.759     15.2933    0.452019
          18      12.005     15.1106    0.463672
          19     13.3111     15.0159      0.4487
          20     16.7098     15.1006    0.434018
