           1     2.61707     2.61707           0
           2     2.69722     2.65714   0.0400747
           3     2.48922     2.60117   0.0605685
           4     2.55959     2.59077   0.0440713
           5     2.27158     2.52694   0.0723923
           6       2.565     2.53328   0.0594476
           7     2.44877     2.52121   0.0516726
           8     2.45129     2.51247   0.0455953
           9     2.44126     2.50455   0.0409823
          10     2.49951     2.50405   0.0366591
          11     2.60096     2.51286   0.0343098
          12     2.49036     2.51098   0.0313765
          13     2.51419     2.51123   0.0288633
          14     2.47129     2.50838   0.0268741
          15     2.38692     2.50028   0.0262961
          16     2.61989     2.50776   0.0257087
          17     2.56973      2.5114   0.0244227
          18     2.41302     2.50594   0.0236657
          19     2.40933     2.50085   0.0229556
          20     2.77204     2.51441   0.0256539
