           1     7.19499     7.19499           0
           2     7.59179     7.39339      0.1984
           3     6.46307     7.08329    0.330586
           4     6.85795     7.02695    0.240452
           5      6.8497      6.9915    0.189597
           6     7.49253     7.07501    0.175891
           7      6.8053     7.03648    0.153567
           8     8.24768     7.18788    0.201517
           9     7.28718     7.19891    0.178064
          10      8.2703     7.30605    0.191949
          11     7.30019     7.30552    0.173625
          12     7.14707     7.29231    0.159046
          13     7.12275     7.27927    0.146881
          14     6.73363      7.2403    0.141461
          15     7.02845     7.22617    0.132448
          16      7.0723     7.21656    0.124266
          17      7.2745     7.21996    0.116778
          18     8.01637     7.26421    0.118657
          19      7.3815     7.27038    0.112407
          20     7.49304     7.28152    0.107219
