           1     59.1686     59.1686           0
           2     41.0668     50.1177     9.05091
           3     37.4647     45.9001     6.71527
           4     31.6219     42.3305     5.94046
           5     44.5308     42.7706     4.62246
           6     51.7485     44.2669     4.06002
           7     39.8922     43.6419     3.48779
           8     52.6882     44.7727     3.22524
           9     48.2542     45.1596     2.87058
          10     33.9712     44.0407     2.80071
          11     43.2472     43.9686     2.53436
          12      43.198     43.9044     2.31444
          13     43.9997     43.9117     2.12899
          14     51.0894     44.4244     2.03665
          15     58.4472     45.3592     2.11396
          16     48.3615     45.5469     1.98631
          17      45.721     45.5571     1.86584
          18     48.2271     45.7055     1.76538
          19     44.2346      45.628     1.67167
          20     40.7257     45.3829     1.60472
