           1     1.46717     1.46717           0
           2     1.45276     1.45997  0.00720842
           3      1.4512     1.45704  0.00508519
           4     1.51173     1.47072   0.0141365
           5     1.45936     1.46844   0.0111832
           6     1.48688     1.47152  0.00963411
           7     1.43318     1.46604  0.00981293
           8     1.54161     1.47549   0.0127062
           9     1.50843     1.47915   0.0117885
          10     1.52592     1.48382   0.0115348
          11      1.4921     1.48458   0.0104607
          12      1.4836     1.48449  0.00954965
          13     1.46819     1.48324  0.00887345
          14     1.46425     1.48188  0.00832642
          15     1.53691     1.48555  0.00857567
          16     1.47682     1.48501  0.00804036
          17     1.48661      1.4851  0.00755319
          18     1.48813     1.48527  0.00712321
          19     1.52106     1.48715  0.00699626
          20     1.54535     1.49006  0.00724701
