           1     84.6284     84.6284           0
           2     76.7107     80.6696     3.95885
           3     88.1121     83.1504     3.37325
           4     80.0876     82.3847     2.50514
           5     65.7272     79.0532     3.85543
           6     91.9376     81.2006     3.81062
           7     72.6357     79.9771     3.44516
           8     68.6058     78.5556     3.30488
           9     67.1556      77.289     3.17798
          10     92.2568     78.7858     3.21247
          11     72.1903     78.1862     2.96701
          12     93.1658     79.4345     2.98231
          13     78.8361     79.3884     2.74372
          14     75.2496     79.0928     2.55733
          15     87.0266     79.6217     2.43879
          16     94.4905      80.551      2.4633
          17     70.1562     79.9396      2.3933
          18     77.1832     79.7864     2.26161
          19     82.0365     79.9049     2.14255
          20     85.4333     80.1813     2.05131
