           1      3.7505      3.7505           0
           2     3.87426     3.81238   0.0618831
           3     3.28292     3.63589    0.180068
           4     3.40031       3.577    0.140289
           5      3.3898     3.53956    0.114937
           6     3.67025     3.56134   0.0963401
           7       3.373     3.53443   0.0857527
           8     3.95076     3.58647   0.0906827
           9     3.33766     3.55883   0.0846181
          10     3.94876     3.59782   0.0851392
          11     3.98277     3.63282   0.0845896
          12     3.70614     3.63893   0.0774608
          13     3.34114     3.61602    0.074845
          14     3.16725     3.58397   0.0763482
          15     3.41686     3.57283   0.0719441
          16      3.6574     3.57811   0.0675048
          17     3.81948     3.59231   0.0649799
          18     3.27463     3.57466    0.063755
          19     3.39006     3.56495   0.0610839
          20     3.71742     3.57257   0.0584486
