           1     10.9852     10.9852           0
           2     9.87113     10.4282    0.557058
           3     8.45307     9.76981     0.73273
           4     10.7739     10.0208    0.575725
           5      8.8134     9.77935     0.50714
           6     9.58158     9.74639    0.415388
           7     10.5116      9.8557    0.367691
           8     10.1591     9.89362     0.32068
           9      9.3288     9.83086    0.289693
          10     10.6234     9.91011    0.270958
          11     10.1222     9.92939    0.245847
          12     10.5294     9.97939    0.229929
          13     9.63918     9.95322    0.213117
          14     8.67253     9.86174    0.217482
          15     9.93909      9.8669    0.202531
          16     9.84841     9.86574    0.189454
          17     9.48725     9.84348    0.179348
          18     10.1994     9.86325    0.170243
          19     8.55548     9.79442    0.175127
          20     11.9563     9.90252    0.198209
