          20     85.4333     80.1813     2.05131
          20     40.7257     45.3829     1.60472
          20     33.3594     25.1869     1.01226
          20     16.7098     15.1006    0.434018
          20     11.9563     9.90252    0.198209
          20     7.49304     7.28152    0.107219
          20     5.96215     5.68073   0.0725021
          20     4.67361     4.38425   0.0676907
          20     3.71742     3.57257   0.0584486
          20     3.05504     2.95677   0.0341929
          20     2.77204     2.51441   0.0256539
          20     2.32351     2.16361   0.0162675
          20     1.99343     1.88535   0.0136295
          20     1.72639     1.66784  0.00921913
          20     1.54535     1.49006  0.00724701
          20      1.3584     1.33587  0.00588603
