           1     5.57242     5.57242           0
           2     5.96527     5.76884    0.196422
           3     4.94966     5.49578    0.295674
           4     5.65459     5.53548    0.212809
           5     5.87113     5.60261    0.177986
           6      6.0345     5.67459    0.162175
           7       5.688     5.67651    0.137076
           8     5.87052     5.70076    0.121163
           9     5.18506     5.64346    0.121249
          10     5.44089      5.6232    0.110325
          11     6.10717      5.6672    0.109061
          12     5.67469     5.66782   0.0995604
          13     5.45104     5.65115    0.093088
          14     5.53162     5.64261   0.0866046
          15     5.24013     5.61578   0.0849722
          16      5.9545     5.63695   0.0822552
          17     6.08132     5.66309   0.0815672
          18     5.91708      5.6772   0.0781861
          19     5.46285     5.66592   0.0748121
          20     5.96215     5.68073   0.0725021
