           1     1.65404     1.65404           0
           2     1.59029     1.62216   0.0318711
           3     1.62841     1.62425   0.0185181
           4     1.73188     1.65115   0.0299244
           5     1.63297     1.64752   0.0234629
           6     1.67589     1.65225   0.0197326
           7     1.63096     1.64921    0.016952
           8     1.68127     1.65321   0.0152182
           9     1.71923     1.66055   0.0152947
          10     1.68012     1.66251   0.0138194
          11     1.62601     1.65919   0.0129329
          12     1.66584     1.65974   0.0118191
          13     1.63596     1.65791   0.0110249
          14     1.64301     1.65685   0.0102624
          15     1.70233     1.65988   0.0100234
          16     1.64053     1.65867  0.00945365
          17     1.67151     1.65943  0.00891222
          18     1.67484     1.66028  0.00844607
          19     1.74538     1.66476   0.0091589
          20     1.72639     1.66784  0.00921913
