           1     1.92446     1.92446           0
           2     1.89251     1.90848   0.0159765
           3     1.80409     1.87369   0.0359987
           4     1.92183     1.88572   0.0281564
           5     1.84153     1.87688   0.0235324
           6     1.87937      1.8773   0.0192186
           7      1.8509     1.87353   0.0166748
           8     1.83022     1.86811    0.015422
           9     1.91975     1.87385   0.0147614
          10     1.92511     1.87898   0.0141631
          11     1.76893     1.86897   0.0162544
          12     1.97898     1.87814   0.0174417
          13     1.87274     1.87773   0.0160494
          14     1.84792      1.8756   0.0150107
          15     1.88013      1.8759   0.0139775
          16     1.82594     1.87278   0.0134424
          17     1.92533     1.87587   0.0129998
          18     1.84117     1.87394    0.012407
          19     1.98262     1.87966   0.0130555
          20     1.99343     1.88535   0.0136295
