           1     2.22302     2.22302           0
           2     2.26427     2.24364    0.020625
           3     2.05298     2.18009   0.0646609
           4      2.1755     2.17894   0.0457366
           5     2.05103     2.15336   0.0436986
           6     2.19743     2.16071   0.0364279
           7     2.18416     2.16406    0.030969
           8     2.07392     2.15279   0.0290904
           9     2.13395      2.1507   0.0257406
          10     2.19235     2.15486   0.0233969
          11     2.15395     2.15478   0.0211634
          12     2.28089     2.16529   0.0219929
          13     2.13205     2.16273   0.0203915
          14     2.12657     2.16015   0.0190547
          15     2.11831     2.15736   0.0179569
          16     2.20759      2.1605    0.017088
          17     2.14866      2.1598   0.0160665
          18      2.1147      2.1573   0.0153535
          19     2.11734     2.15519   0.0146744
          20     2.32351     2.16361   0.0162675
