           1      1.3597      1.3597           0
           2     1.32746     1.34358    0.016116
           3     1.30106     1.32941   0.0169557
           4      1.3139     1.32553   0.0126009
           5     1.31422     1.32327   0.0100194
           6      1.3081     1.32074  0.00856215
           7     1.32121     1.32081  0.00723665
           8     1.38722     1.32911   0.0104014
           9     1.30834      1.3268  0.00945878
          10     1.33334     1.32745   0.0084854
          11     1.37335     1.33163   0.0087362
          12     1.33713     1.33208  0.00798819
          13     1.32981     1.33191  0.00735016
          14     1.30814     1.33021   0.0070136
          15     1.37337     1.33309  0.00713509
          16     1.30775     1.33151  0.00685955
          17     1.35966     1.33316  0.00665293
          18     1.33714     1.33338  0.00627632
          19     1.35806     1.33468  0.00607718
          20      1.3584     1.33587  0.00588603
