           1    -0.75864    -0.75864           0
           2   -0.758176   -0.758408    0.000232
           3   -0.753472   -0.756763  0.00165078
           4    -0.76104   -0.757832  0.00158304
           5   -0.759584   -0.758182   0.0012753
           6   -0.758608   -0.758253  0.00104369
           7   -0.763056   -0.758939  0.00111749
           8   -0.765328   -0.759738  0.00125471
           9   -0.758128   -0.759559  0.00112092
          10   -0.769472    -0.76055   0.0014099
          11   -0.764272   -0.760889  0.00131942
          12   -0.757216   -0.760583  0.00124274
          13     -0.7588   -0.760446  0.00115135
          14    -0.76168   -0.760534  0.00106958
          15    -0.76224   -0.760647   0.0010022
          16    -0.75792   -0.760477 0.000952847
          17    -0.76664    -0.76084 0.000965676
          18   -0.760224   -0.760805  0.00091109
          19   -0.761952   -0.760866 0.000863916
          20   -0.759792   -0.760812 0.000821339
