           1    -0.52848    -0.52848           0
           2   -0.528064   -0.528272    0.000208
           3   -0.528688   -0.528411 0.000183439
           4   -0.528176   -0.528352 0.000142361
           5    -0.52632   -0.527946 0.000421095
           6    -0.53016   -0.528315 0.000504405
           7   -0.527152   -0.528149 0.000457514
           8    -0.52888    -0.52824 0.000406631
           9    -0.53256    -0.52872  0.00059917
          10   -0.526608   -0.528509 0.000576029
          11    -0.53232   -0.528855 0.000625718
          12   -0.527648   -0.528755 0.000579992
          13   -0.524096   -0.528396 0.000642697
          14    -0.52544   -0.528185 0.000631381
          15   -0.527376   -0.528131 0.000590254
          16   -0.524048   -0.527876 0.000608257
          17   -0.532352   -0.528139 0.000629105
          18   -0.531296   -0.528315  0.00061851
          19   -0.527776   -0.528286 0.000585738
          20    -0.52488   -0.528116 0.000581195
