           1    -0.95232    -0.95232           0
           2   -0.927024   -0.939672    0.012648
           3   -0.921104   -0.933483  0.00957245
           4   -0.923008   -0.930864  0.00725764
           5   -0.938048   -0.932301  0.00580245
           6    -0.93976   -0.933544  0.00489807
           7   -0.929888   -0.933022  0.00417245
           8    -0.94288   -0.934254  0.00381779
           9   -0.938688   -0.934747  0.00340283
          10   -0.924032   -0.933675  0.00322667
          11   -0.926848   -0.933055   0.0029839
          12   -0.937968   -0.933464  0.00275452
          13   -0.934576    -0.93355  0.00253523
          14   -0.944352   -0.934321  0.00247074
          15   -0.950016   -0.935367  0.00252694
          16   -0.943472   -0.935874   0.0024174
          17   -0.935104   -0.935829   0.0022712
          18   -0.940976   -0.936115  0.00216032
          19   -0.930832   -0.935837  0.00206229
          20   -0.931952   -0.935642  0.00196607
