           1   -0.462304   -0.462304           0
           2   -0.463568   -0.462936    0.000632
           3    -0.46008   -0.461984  0.00101953
           4    -0.46056   -0.461628 0.000804027
           5    -0.45848   -0.460998 0.000885591
           6   -0.464032   -0.461504 0.000882315
           7    -0.46056   -0.461369 0.000757788
           8    -0.46304   -0.461578 0.000688697
           9   -0.462304   -0.461659 0.000612707
          10   -0.460864   -0.461579 0.000553753
          11    -0.46416   -0.461814 0.000553114
          12   -0.460672   -0.461719 0.000513809
          13    -0.45696   -0.461353 0.000597811
          14   -0.458896   -0.461177 0.000580616
          15   -0.463632   -0.461341 0.000564756
          16   -0.459136   -0.461203 0.000545958
          17   -0.464464   -0.461395 0.000547539
          18   -0.462176   -0.461438 0.000518046
          19   -0.458528   -0.461285 0.000513403
          20   -0.458928   -0.461167 0.000501112
