           1   -0.683792   -0.683792           0
           2   -0.681616   -0.682704    0.001088
           3     -0.6788   -0.681403  0.00144501
           4     -0.6824   -0.681652  0.00105176
           5   -0.679632   -0.681248 0.000909358
           6   -0.680992   -0.681205 0.000743712
           7   -0.678272   -0.680786 0.000755432
           8    -0.68584   -0.681418 0.000909435
           9   -0.680208   -0.681284 0.000813236
          10     -0.6808   -0.681235 0.000728986
          11   -0.685664   -0.681638 0.000772593
          12   -0.686432   -0.682037 0.000810573
          13   -0.680512    -0.68192 0.000754795
          14   -0.685008   -0.682141 0.000732788
          15     -0.6788   -0.681918  0.00071762
          16   -0.680384   -0.681822 0.000678083
          17   -0.688048   -0.682188 0.000734732
          18    -0.68304   -0.682236 0.000694327
          19   -0.677168   -0.681969 0.000708858
          20   -0.681712   -0.681956 0.000672604
