           1   -0.610624   -0.610624           0
           2   -0.611632   -0.611128    0.000504
           3   -0.612336   -0.611531 0.000496802
           4   -0.612944   -0.611884 0.000498248
           5   -0.608784   -0.611264 0.000730308
           6   -0.610832   -0.611192 0.000600625
           7     -0.6096   -0.610965  0.00055624
           8   -0.617616   -0.611796 0.000960898
           9    -0.61568   -0.612228  0.00095099
          10    -0.60936   -0.611941 0.000897627
          11   -0.617808   -0.612474  0.00097146
          12   -0.617952   -0.612931 0.000997408
          13   -0.611056   -0.612786 0.000928746
          14   -0.613888   -0.612865 0.000863444
          15   -0.609584   -0.612646 0.000833054
          16   -0.611872   -0.612598 0.000780752
          17   -0.616208    -0.61281 0.000763514
          18   -0.615792   -0.612976 0.000738661
          19   -0.608768   -0.612755 0.000732964
          20   -0.607024   -0.612468 0.000752071
