           1   -0.645472   -0.645472           0
           2   -0.643392   -0.644432     0.00104
           3   -0.642208   -0.643691 0.000953996
           4    -0.64872   -0.644948  0.00142686
           5    -0.64288   -0.644534   0.0011801
           6    -0.64504   -0.644619 0.000967223
           7   -0.642864   -0.644368 0.000855022
           8    -0.65184   -0.645302  0.00119191
           9    -0.64864   -0.645673  0.00111468
          10   -0.644288   -0.645534  0.00100657
          11    -0.65232   -0.646151  0.00109977
          12   -0.654368   -0.646836  0.00121522
          13   -0.644352   -0.646645  0.00113406
          14    -0.64688   -0.646662  0.00105007
          15    -0.64496   -0.646548  0.00098412
          16   -0.644432   -0.646416 0.000930014
          17   -0.651968   -0.646743 0.000932647
          18   -0.647504   -0.646785 0.000880325
          19   -0.640848   -0.646472   0.0008894
          20   -0.642032    -0.64625  0.00087248
