           1   -0.582944   -0.582944           0
           2   -0.583776    -0.58336    0.000416
           3    -0.58088   -0.582533  0.00086085
           4   -0.581936   -0.582384 0.000626763
           5    -0.57608   -0.581123  0.00135104
           6    -0.57976   -0.580896  0.00112628
           7     -0.5804   -0.580825  0.00095451
           8   -0.585984    -0.58147  0.00104841
           9   -0.587552   -0.582146  0.00114524
          10   -0.578784    -0.58181  0.00107809
          11     -0.5868   -0.582263  0.00107553
          12   -0.584512   -0.582451 0.000999547
          13   -0.582208   -0.582432 0.000919639
          14   -0.584112   -0.582552 0.000859835
          15   -0.581008   -0.582449 0.000807054
          16   -0.582096   -0.582427 0.000755252
          17   -0.587184   -0.582707 0.000762627
          18   -0.583728   -0.582764 0.000721247
          19    -0.57816   -0.582521 0.000723978
          20   -0.578752   -0.582333 0.000712214
