           1   -0.978176   -0.978176           0
           2   -0.970592   -0.974384    0.003792
           3   -0.980912    -0.97656  0.00308676
           4   -0.976896   -0.976644  0.00218428
           5   -0.958096   -0.972934  0.00407723
           6    -0.98768   -0.975392  0.00413791
           7   -0.966096   -0.974064  0.00374083
           8   -0.962928   -0.972672  0.00352605
           9    -0.96224   -0.971513  0.00331868
          10   -0.986016   -0.972963  0.00330369
          11   -0.966752   -0.972399  0.00304118
          12   -0.988192   -0.973715  0.00307237
          13   -0.972688   -0.973636  0.00282727
          14     -0.9724   -0.973547  0.00261903
          15   -0.981168   -0.974055  0.00249056
          16   -0.989376   -0.975013   0.0025188
          17   -0.964352   -0.974386   0.0024477
          18   -0.971712   -0.974237  0.00231249
          19   -0.973264   -0.974186    0.002188
          20   -0.980656    -0.97451  0.00210078
