          20   -0.980656    -0.97451  0.00210078
          20   -0.931952   -0.935642  0.00196607
          20   -0.903616   -0.892515  0.00150484
          20   -0.854032    -0.84838  0.00100035
          20    -0.80592   -0.802338 0.000750258
          20   -0.759792   -0.760812 0.000821339
          20   -0.721184   -0.721806 0.000738142
          20   -0.681712   -0.681956 0.000672604
          20   -0.642032    -0.64625  0.00087248
          20   -0.607024   -0.612468 0.000752071
          20   -0.578752   -0.582333 0.000712214
          20    -0.55136   -0.554458 0.000555909
          20    -0.52488   -0.528116 0.000581195
          20    -0.50048   -0.503843 0.000650863
          20    -0.47968   -0.481748 0.000540287
          20   -0.458928   -0.461167 0.000501112
