           1   -0.720336   -0.720336           0
           2   -0.718064     -0.7192    0.001136
           3   -0.715344   -0.717915    0.001443
           4   -0.721392   -0.718784  0.00134047
           5    -0.72112   -0.719251  0.00113859
           6   -0.721328   -0.719597 0.000992004
           7   -0.719616     -0.7196   0.0008384
           8   -0.728352   -0.720694  0.00131302
           9   -0.720816   -0.720708  0.00115805
          10   -0.724832    -0.72112  0.00111489
          11    -0.72568   -0.721535  0.00109034
          12    -0.72352     -0.7217  0.00100899
          13   -0.720304   -0.721593 0.000934331
          14   -0.722928   -0.721688 0.000870266
          15   -0.720672    -0.72162    0.000813
          16   -0.721504   -0.721613 0.000760526
          17   -0.729504   -0.722077 0.000851947
          18    -0.71984   -0.721953 0.000812782
          19   -0.719776   -0.721838 0.000777305
          20   -0.721184   -0.721806 0.000738142
