           1   -0.854528   -0.854528           0
           2   -0.849296   -0.851912    0.002616
           3   -0.843328   -0.849051  0.00323549
           4   -0.855232   -0.850596  0.00276084
           5   -0.846032   -0.849683   0.0023252
           6    -0.85312   -0.850256  0.00198304
           7   -0.848032   -0.849938  0.00170583
           8    -0.84816   -0.849716  0.00149392
           9   -0.851328   -0.849895  0.00132963
          10   -0.841408   -0.849046  0.00146104
          11   -0.844672   -0.848649   0.0013801
          12   -0.852304   -0.848953  0.00129615
          13    -0.84336   -0.848523  0.00126755
          14   -0.848336    -0.84851  0.00117359
          15   -0.846864     -0.8484  0.00109805
          16    -0.85456   -0.848785  0.00109692
          17   -0.845232   -0.848576  0.00105136
          18   -0.845712   -0.848417  0.00100392
          19   -0.842064   -0.848083  0.00100676
          20   -0.854032    -0.84838  0.00100035
