           1   -0.554656   -0.554656           0
           2   -0.554288   -0.554472    0.000184
           3    -0.55328   -0.554075  0.00041129
           4   -0.553936    -0.55404 0.000292885
           5   -0.552016   -0.553635 0.000464039
           6    -0.55584   -0.554003 0.000527813
           7     -0.5544   -0.554059  0.00044968
           8     -0.5552   -0.554202 0.000414712
           9   -0.558352   -0.554663 0.000588549
          10    -0.55352   -0.554549 0.000538683
          11     -0.5588   -0.554935 0.000621917
          12   -0.555552   -0.554987 0.000570051
          13   -0.553104   -0.554842 0.000544002
          14   -0.553296   -0.554731 0.000515609
          15    -0.55176   -0.554533 0.000519276
          16    -0.55168   -0.554355  0.00051744
          17   -0.559008   -0.554629 0.000557817
          18    -0.55792   -0.554812 0.000556795
          19   -0.551184   -0.554621 0.000560213
          20    -0.55136   -0.554458 0.000555909
