           1   -0.482512   -0.482512           0
           2   -0.483888     -0.4832    0.000688
           3   -0.482032   -0.482811 0.000556203
           4    -0.48056   -0.482248 0.000686494
           5   -0.479984   -0.481795 0.000698422
           6   -0.484272   -0.482208 0.000703988
           7   -0.479392   -0.481806 0.000718215
           8   -0.485664   -0.482288 0.000787067
           9    -0.48368   -0.482443 0.000711151
          10   -0.482784   -0.482477 0.000636988
          11   -0.485056   -0.482711 0.000622059
          12   -0.478592   -0.482368 0.000663552
          13   -0.477232   -0.481973 0.000727082
          14   -0.480352   -0.481857 0.000683031
          15   -0.483456   -0.481964  0.00064474
          16   -0.479952   -0.481838 0.000616066
          17   -0.483696   -0.481947 0.000588923
          18   -0.483408   -0.482028 0.000561141
          19   -0.478768   -0.481857 0.000557836
          20    -0.47968   -0.481748 0.000540287
