           1   -0.505904   -0.505904           0
           2    -0.50568   -0.505792    0.000112
           3   -0.503376   -0.504987 0.000807925
           4    -0.50408    -0.50476 0.000614613
           5   -0.500432   -0.503894 0.000987883
           6   -0.506096   -0.504261 0.000886143
           7   -0.499856   -0.503632 0.000978239
           8   -0.507488   -0.504114 0.000974699
           9   -0.507664   -0.504508 0.000945783
          10    -0.50416   -0.504474 0.000846651
          11   -0.508512   -0.504841 0.000849276
          12   -0.502176   -0.504619 0.000806455
          13   -0.498896   -0.504178 0.000862608
          14   -0.502592   -0.504065  0.00080662
          15   -0.504592     -0.5041 0.000751743
          16   -0.500944   -0.503903 0.000730337
          17   -0.507296   -0.504103 0.000714476
          18   -0.505456   -0.504178 0.000677797
          19   -0.501184    -0.50402 0.000660211
          20    -0.50048   -0.503843 0.000650863
