           1   -0.895344   -0.895344           0
           2   -0.884688   -0.890016    0.005328
           3   -0.886768   -0.888933  0.00326109
           4   -0.903936   -0.892684  0.00440282
           5   -0.883344   -0.890816  0.00388849
           6   -0.889424   -0.890584   0.0031834
           7   -0.892896   -0.890914  0.00271066
           8   -0.893776   -0.891272   0.0023746
           9   -0.891872   -0.891339  0.00209526
          10   -0.894256    -0.89163  0.00189663
          11   -0.891984   -0.891663  0.00171587
          12   -0.886928   -0.891268  0.00161529
          13   -0.886128   -0.890873  0.00153756
          14   -0.895968   -0.891237  0.00146929
          15   -0.902112   -0.891962  0.00154811
          16   -0.903616    -0.89269    0.001621
          17   -0.890704   -0.892573  0.00152714
          18   -0.882608    -0.89202  0.00154257
          19   -0.890336   -0.891931  0.00146181
          20   -0.903616   -0.892515  0.00150484
