           1   -0.803152   -0.803152           0
           2   -0.802432   -0.802792     0.00036
           3   -0.795504   -0.800363  0.00243821
           4    -0.80744   -0.802132  0.00247042
           5    -0.79856   -0.801418  0.00204258
           6   -0.801552    -0.80144  0.00166791
           7   -0.805552   -0.802027  0.00152714
           8   -0.800592   -0.801848  0.00133466
           9   -0.799552   -0.801593  0.00120439
          10   -0.805488   -0.801982   0.0011455
          11   -0.802432   -0.802023  0.00103695
          12    -0.80384   -0.802175 0.000958628
          13   -0.798304   -0.801877  0.00093072
          14    -0.80376   -0.802011 0.000872114
          15   -0.801472   -0.801975  0.00081269
          16    -0.80264   -0.802017 0.000761336
          17   -0.807696   -0.802351 0.000789326
          18    -0.80392   -0.802438 0.000749271
          19   -0.796944   -0.802149 0.000765461
          20    -0.80592   -0.802338 0.000750258
