           1    0.427364    0.427364           0
           2    0.389059    0.408211   0.0191524
           3    0.483208     0.43321   0.0273354
           4    0.375988    0.418905   0.0240471
           5    0.410226    0.417169   0.0187075
           6    0.457236    0.423847   0.0166706
           7    0.383576    0.418094   0.0152185
           8    0.470937    0.424699   0.0147422
           9    0.443228    0.426758   0.0131634
          10    0.419787    0.426061   0.0117943
          11    0.507265    0.433443   0.0129734
          12    0.368849     0.42806    0.013009
          13    0.403736    0.426189   0.0121119
          14    0.438525     0.42707    0.011248
          15    0.431311    0.427353   0.0104752
          16    0.362059    0.423272   0.0106144
          17    0.420226    0.423093  0.00997214
          18    0.401645    0.421901  0.00947703
          19    0.419082    0.421753   0.0089656
          20    0.373937    0.419362  0.00883513
