           1     0.24984     0.24984           0
           2    0.258595    0.254217  0.00437787
           3    0.245814    0.251416  0.00377299
           4    0.248754    0.250751   0.0027497
           5    0.251921    0.250985  0.00214273
           6    0.248966    0.250648   0.0017816
           7    0.253011    0.250986   0.0015431
           8    0.247217    0.250515  0.00141697
           9    0.242486    0.249623  0.00153539
          10    0.243485    0.249009  0.00150419
          11    0.248369    0.248951  0.00136183
          12    0.247724    0.248848  0.00124737
          13    0.250926    0.249008  0.00115849
          14    0.253362    0.249319  0.00111673
          15    0.243122    0.248906   0.0011187
          16    0.246083     0.24873  0.00106121
          17    0.247558    0.248661 0.000999215
          18    0.250736    0.248776   0.0009491
          19     0.24366    0.248507 0.000937274
          20     0.25747    0.248955 0.000995739
