           1    0.381767    0.381767           0
           2    0.373287    0.377527  0.00424014
           3    0.368261    0.374439   0.0039412
           4    0.385311    0.377157  0.00389292
           5    0.357818    0.373289  0.00490439
           6    0.372144    0.373098  0.00400896
           7    0.369496    0.372583  0.00342704
           8    0.387127    0.374401  0.00348042
           9     0.37311    0.374258  0.00307279
          10    0.372956    0.374128  0.00275147
          11    0.380753     0.37473  0.00256064
          12    0.385141    0.375598  0.00249336
          13    0.366124    0.374869  0.00240654
          14    0.364596    0.374135  0.00234574
          15    0.366483    0.373625  0.00224256
          16    0.383906    0.374267  0.00219393
          17    0.370062     0.37402  0.00207563
          18    0.368124    0.373693  0.00198415
          19    0.398877    0.375018   0.0022977
          20    0.367854     0.37466  0.00220902
