           1    0.345472    0.345472           0
           2    0.357302    0.351387  0.00591534
           3    0.342881    0.348551  0.00443884
           4    0.340321    0.346494  0.00375309
           5    0.341416    0.345478   0.0030794
           6    0.351892    0.346547  0.00273214
           7    0.341192    0.345782  0.00243253
           8    0.354328     0.34685  0.00236201
           9    0.345967    0.346752  0.00208541
          10    0.346874    0.346764  0.00186528
          11    0.352319    0.347269  0.00176115
          12    0.346839    0.347233  0.00160811
          13    0.336936    0.346441  0.00167799
          14    0.350486     0.34673  0.00158016
          15     0.35131    0.347036   0.0015024
          16    0.338657    0.346512  0.00149976
          17    0.337272    0.345968  0.00150998
          18    0.334164    0.345313  0.00156742
          19    0.348002    0.345454  0.00148938
          20    0.361838    0.346273  0.00163324
