          20     0.27665    0.315166   0.0186937
          20    0.373937    0.419362  0.00883513
          20    0.489311    0.429782  0.00982541
          20    0.411117    0.437663  0.00524691
          20    0.484395    0.433041  0.00435679
          20    0.422334    0.419233     0.00204
          20     0.39304    0.404118  0.00213151
          20    0.367854     0.37466  0.00220902
          20    0.361838    0.346273  0.00163324
          20    0.325174    0.320203  0.00175562
          20    0.297793     0.29481  0.00144649
          20    0.271242    0.270633   0.0013891
          20     0.25747    0.248955 0.000995739
          20    0.233685    0.228855  0.00128629
          20     0.21345    0.211246  0.00112163
          20    0.195442     0.19575 0.000878256
