           1    0.487111    0.487111           0
           2    0.470749     0.47893  0.00818097
           3    0.427335    0.461731   0.0178351
           4    0.466874    0.463017   0.0126767
           5    0.430057    0.456425   0.0118268
           6    0.474952    0.459513   0.0101382
           7     0.41616     0.45332   0.0105723
           8    0.426398    0.449954  0.00975472
           9    0.396175    0.443979   0.0104745
          10    0.451045    0.444686  0.00939533
          11    0.407295    0.441286  0.00915298
          12    0.441673    0.441319  0.00835555
          13    0.446718    0.441734   0.0076972
          14    0.431271    0.440987   0.0071653
          15    0.427019    0.440055  0.00673521
          16    0.442838    0.440229  0.00630261
          17    0.430961    0.439684  0.00594532
          18    0.429151    0.439099  0.00563577
          19    0.438367     0.43906  0.00533104
          20    0.411117    0.437663  0.00524691
