           1    0.302897    0.302897           0
           2    0.305333    0.304115  0.00121788
           3    0.294326    0.300852  0.00333795
           4     0.29298    0.298884  0.00307313
           5    0.293035    0.297714  0.00265238
           6    0.297897    0.297745  0.00216588
           7    0.291694     0.29688  0.00202431
           8     0.28901    0.295897  0.00201024
           9    0.291355    0.295392  0.00184329
          10    0.284796    0.294332  0.00195985
          11    0.301479    0.294982  0.00188806
          12    0.291914    0.294726  0.00174241
          13    0.298117    0.294987  0.00162388
          14    0.299855    0.295335  0.00154311
          15    0.299839    0.295635   0.0014676
          16    0.290093    0.295289  0.00141584
          17    0.294818    0.295261  0.00133024
          18    0.300548    0.295555   0.0012881
          19    0.278424    0.294653  0.00151573
          20    0.297793     0.29481  0.00144649
