           1    0.278542    0.278542           0
           2    0.278813    0.278677 0.000135267
           3    0.269318    0.275558  0.00312081
           4    0.265532    0.273051  0.00333947
           5    0.269555    0.272352  0.00267959
           6    0.269112    0.271812  0.00225353
           7    0.269238    0.271444  0.00193976
           8      0.2709    0.271376  0.00168126
           9    0.261747    0.270306  0.00182844
          10     0.26508    0.269784  0.00171689
          11    0.273472    0.270119  0.00158877
          12    0.274264    0.270464   0.0014909
          13    0.275571    0.270857  0.00142658
          14    0.282622    0.271697  0.00156544
          15    0.275974    0.271983  0.00148497
          16    0.268048    0.271737  0.00141066
          17    0.269181    0.271586  0.00133359
          18    0.269016    0.271444  0.00126541
          19    0.255432    0.270601  0.00146385
          20    0.271242    0.270633   0.0013891
