           1    0.195254    0.195254           0
           2    0.199985    0.197619  0.00236561
           3    0.192032    0.195757  0.00230956
           4     0.19102    0.194573  0.00201726
           5    0.202563    0.196171  0.00223506
           6    0.193133    0.195664  0.00189386
           7      0.2027    0.196669  0.00189001
           8      0.1893    0.195748  0.00187819
           9    0.194358    0.195594   0.0016636
          10    0.192991    0.195334  0.00151057
          11    0.198144    0.195589  0.00139004
          12    0.194178    0.195471  0.00127436
          13    0.199188    0.195757  0.00120661
          14    0.202561    0.196243  0.00121822
          15    0.196075    0.196232  0.00113416
          16    0.191903    0.195962  0.00109487
          17    0.193879    0.195839  0.00103572
          18    0.194717    0.195777 0.000978478
          19    0.195581    0.195766 0.000925605
          20    0.195442     0.19575 0.000878256
