           1    0.415332    0.415332           0
           2     0.42121    0.418271  0.00293907
           3    0.427437    0.421326  0.00349511
           4    0.416906    0.420221  0.00270722
           5    0.417655    0.419708  0.00215888
           6    0.409439    0.417996  0.00245689
           7    0.426733    0.419245  0.00242267
           8    0.420021    0.419342  0.00210034
           9    0.415633    0.418929  0.00189761
          10    0.447482    0.421785  0.00332163
          11    0.412592    0.420949   0.0031186
          12    0.412156    0.420216  0.00293966
          13      0.4078    0.419261  0.00286781
          14    0.407731    0.418438  0.00277988
          15    0.423429     0.41877  0.00260923
          16     0.41732     0.41868   0.0024424
          17    0.412068    0.418291  0.00232697
          18    0.426109    0.418725  0.00223648
          19    0.425281     0.41907  0.00214345
          20    0.422334    0.419233     0.00204
