           1    0.496074    0.496074           0
           2    0.438966     0.46752    0.028554
           3    0.514901    0.483314   0.0228304
           4    0.439431    0.472343   0.0195183
           5    0.368492    0.451573   0.0256902
           6    0.422219     0.44668   0.0215389
           7     0.39054     0.43866   0.0198921
           8    0.438039    0.438583   0.0172272
           9    0.397046    0.433968   0.0158785
          10    0.461744    0.436745   0.0144712
          11     0.43439    0.436531   0.0130915
          12    0.410972    0.434401   0.0121391
          13    0.422486    0.433485   0.0112039
          14    0.461166    0.435462   0.0105596
          15    0.450875    0.436489    0.009884
          16    0.422437    0.435611  0.00928726
          17    0.392684    0.433086  0.00908196
          18    0.328188    0.427258   0.0103576
          19    0.415678    0.426649  0.00981622
          20    0.489311    0.429782  0.00982541
