           1    0.209322    0.209322           0
           2    0.214802    0.212062  0.00274012
           3    0.207544    0.210556  0.00218427
           4    0.205824    0.209373  0.00194553
           5    0.218167    0.211132  0.00231617
           6    0.212029    0.211281  0.00189704
           7    0.219226    0.212416  0.00196434
           8    0.206554    0.211684  0.00185228
           9    0.206421    0.211099  0.00173506
          10    0.206607     0.21065  0.00161558
          11    0.210686    0.210653  0.00146135
          12    0.207786    0.210414  0.00135524
          13    0.214693    0.210743  0.00128936
          14    0.222917    0.211613  0.00147684
          15    0.212541    0.211675  0.00137626
          16     0.20363    0.211172  0.00138207
          17    0.211525    0.211193   0.0012984
          18    0.207972    0.211014  0.00123715
          19    0.213218     0.21113  0.00117596
          20     0.21345    0.211246  0.00112163
