           1    0.323559    0.323559           0
           2    0.328794    0.326176  0.00261765
           3    0.265306    0.305886   0.0203464
           4    0.276217    0.298469   0.0161865
           5    0.454443    0.329664   0.0336202
           6    0.194924    0.307207   0.0354662
           7    0.361208    0.314921   0.0309512
           8    0.408909     0.32667   0.0292662
           9    0.403476    0.335204   0.0271846
          10     0.22201    0.323884   0.0268204
          11     0.36925    0.328009    0.024608
          12     0.20405    0.317679   0.0247252
          13    0.339003    0.319319   0.0228029
          14      0.3128    0.318853   0.0211165
          15    0.257519    0.314764   0.0200792
          16    0.150994    0.304529   0.0213903
          17    0.430388    0.311932   0.0214133
          18    0.329942    0.312933   0.0202134
          19    0.393869    0.317193   0.0195887
          20     0.27665    0.315166   0.0186937
