           1    0.421761    0.421761           0
           2    0.402463    0.412112  0.00964866
           3    0.392625    0.405616  0.00855724
           4    0.408145    0.406248  0.00608381
           5    0.405846    0.406168  0.00471319
           6    0.404344    0.405864  0.00386029
           7    0.411498    0.406669  0.00336036
           8    0.412007    0.407336  0.00298568
           9    0.401321    0.406668   0.0027166
          10    0.411597    0.407161  0.00247931
          11    0.398323    0.406357  0.00238218
          12    0.407078    0.406417  0.00217546
          13    0.384314    0.404717  0.00262593
          14     0.40036    0.404406  0.00245098
          15     0.39054    0.403481  0.00246187
          16    0.412997    0.404076  0.00237843
          17    0.407772    0.404294   0.0022447
          18    0.398174    0.403954  0.00214345
          19    0.418167    0.404702   0.0021611
          20     0.39304    0.404118  0.00213151
