           1     0.32117     0.32117           0
           2    0.338916    0.330043  0.00887304
           3    0.323726    0.327937  0.00553867
           4    0.314256    0.324517  0.00519962
           5     0.31186    0.321986  0.00475703
           6    0.320893    0.321803  0.00388837
           7     0.32431    0.322162  0.00330573
           8     0.31401    0.321143  0.00303876
           9    0.313467     0.32029  0.00281238
          10    0.314663    0.319727  0.00257763
          11    0.333298    0.320961  0.00263783
          12    0.319942    0.320876   0.0024095
          13    0.326972    0.321345  0.00226547
          14    0.323112    0.321471  0.00210122
          15    0.326114    0.321781  0.00198046
          16    0.314445    0.321322  0.00190844
          17    0.318947    0.321182   0.0017981
          18    0.312299    0.320689  0.00176564
          19     0.30648    0.319941  0.00182992
          20    0.325174    0.320203  0.00175562
