           1    0.227709    0.227709           0
           2    0.235196    0.231452  0.00374348
           3    0.221888    0.228264  0.00385161
           4    0.230104    0.228724  0.00276204
           5    0.233874    0.229754  0.00237444
           6     0.23277    0.230257  0.00200282
           7    0.240474    0.231716  0.00223508
           8    0.226048    0.231008  0.00206122
           9    0.225701    0.230418  0.00191107
          10     0.21594     0.22897  0.00224005
          11    0.227494    0.228836  0.00203064
          12    0.224628    0.228486  0.00188659
          13    0.230618     0.22865  0.00174314
          14    0.236035    0.229177  0.00169786
          15    0.230983    0.229297   0.0015852
          16    0.221497     0.22881   0.0015609
          17    0.225104    0.228592  0.00148233
          18    0.230474    0.228697  0.00140146
          19    0.226872    0.228601  0.00132912
          20    0.233685    0.228855  0.00128629
