           1    0.446281    0.446281           0
           2    0.437363    0.441822  0.00445863
           3    0.437587     0.44041  0.00293588
           4    0.427991    0.437305    0.003735
           5    0.431437    0.436132  0.00312208
           6    0.443269    0.437321  0.00281303
           7      0.4363    0.437175  0.00238192
           8    0.429331    0.436195  0.00228396
           9     0.43661    0.436241  0.00201479
          10    0.446931     0.43731   0.0020953
          11    0.411131     0.43493  0.00304235
          12    0.456097    0.436694  0.00329009
          13    0.417166    0.435192  0.00337874
          14    0.401932    0.432816  0.00392797
          15    0.426059    0.432366  0.00368438
          16    0.440775    0.432891  0.00348627
          17    0.393144    0.430553  0.00402377
          18    0.424928    0.430241   0.0038065
          19    0.432095    0.430338  0.00360191
          20    0.484395    0.433041  0.00435679
