           1    0.964176    0.964176           0
           2    0.938576    0.951376      0.0128
           3       0.956    0.952917  0.00754911
           4    0.894904    0.938414   0.0154545
           5    0.978176    0.946366   0.0143717
           6    0.913968    0.940967   0.0129172
           7    0.903576    0.935625   0.0121537
           8    0.889632    0.929876   0.0119932
           9    0.920608    0.928846    0.010627
          10    0.991048    0.935066   0.0113595
          11    0.920104    0.933706   0.0103647
          12    0.957688    0.935705  0.00967038
          13    0.939416     0.93599  0.00890003
          14    0.952552    0.937173  0.00832432
          15    0.963888    0.938954  0.00795154
          16    0.992512    0.942301   0.0081565
          17    0.968464     0.94384  0.00781473
          18    0.974472    0.945542  0.00756177
          19    0.979464    0.947328  0.00737217
          20    0.963392    0.948131  0.00703983
