           1    0.027568    0.027568           0
           2    0.014104    0.020836    0.006732
           3    0.030944   0.0242053  0.00514383
           4      0.0244    0.024254  0.00363756
           5    0.036536   0.0267104  0.00373805
           6    0.044656   0.0297013  0.00427329
           7    0.014104   0.0274731  0.00424363
           8    0.032584    0.028112  0.00373021
           9    0.028752   0.0281831   0.0032905
          10     0.01992   0.0273568  0.00305691
          11      0.0136   0.0261062  0.00303475
          12    0.020032      0.0256   0.0028162
          13    0.027592   0.0257532  0.00259506
          14    0.044432   0.0270874  0.00274816
          15    0.034584   0.0275872  0.00260675
          16      0.0406   0.0284005  0.00257045
          17     0.01688   0.0277228  0.00250782
          18    0.040072   0.0284089  0.00246192
          19     0.03524   0.0287684  0.00235633
          20    0.040872   0.0293736  0.00231588
