           1     0.73332     0.73332           0
           2    0.576432    0.654876    0.078444
           3     0.80256    0.704104   0.0668921
           4    0.666144    0.694614   0.0482425
           5     0.52692    0.661075   0.0502121
           6    0.790048    0.682571   0.0462914
           7    0.736216    0.690234   0.0398669
           8    0.697016    0.691082   0.0345361
           9     0.56556    0.677135   0.0334993
          10    0.784024    0.687824   0.0318122
          11    0.703096    0.689212   0.0288087
          12    0.326696    0.659003    0.040053
          13    0.638304     0.65741   0.0368778
          14    0.617008    0.654525    0.034264
          15     0.38992    0.636884   0.0364508
          16    0.733424    0.642918   0.0346264
          17    0.344704    0.625376   0.0369547
          18     0.50116    0.618475   0.0355181
          19    0.821216    0.629146   0.0352506
          20    0.783984    0.636888   0.0343261
