          20    0.963392    0.948131  0.00703983
          20    0.783984    0.636888   0.0343261
          20    0.426784    0.413641   0.0239853
          20     0.32736    0.278311    0.013461
          20    0.202792    0.187528  0.00830576
          20    0.114392    0.137962  0.00734127
          20    0.107864    0.108748  0.00671685
          20    0.063952   0.0872768  0.00567112
          20    0.054248   0.0730396  0.00436285
          20    0.063272    0.063394  0.00314522
          20    0.053552   0.0547228  0.00239316
          20    0.049872   0.0457392  0.00260703
          20    0.049944   0.0411704  0.00249151
          20    0.050312   0.0362156  0.00245901
          20     0.04272   0.0323056   0.0023588
          20    0.040872   0.0293736  0.00231588
