           1     0.03988     0.03988           0
           2    0.039408    0.039644    0.000236
           3    0.035328   0.0382053   0.0014451
           4    0.040688    0.038826  0.00119557
           5    0.039768   0.0390144 0.000945055
           6    0.051976   0.0411747  0.00229394
           7    0.032968   0.0400023  0.00226565
           8    0.049288    0.041163  0.00227972
           9    0.027624   0.0396587  0.00251102
          10    0.028288   0.0385216  0.00251736
          11    0.026616   0.0374393  0.00252118
          12    0.030008     0.03682  0.00238337
          13    0.048664   0.0377311  0.00237415
          14    0.060432   0.0393526  0.00273141
          15    0.053352   0.0402859  0.00270867
          16     0.04084   0.0403205  0.00253397
          17    0.022464   0.0392701  0.00260171
          18    0.060096   0.0404271  0.00271209
          19    0.045776   0.0407086  0.00258078
          20    0.049944   0.0411704  0.00249151
