           1     0.51464     0.51464           0
           2    0.211656    0.363148    0.151492
           3    0.289992    0.338763   0.0907997
           4    0.477176    0.373366   0.0729362
           5     0.42924    0.384541   0.0575907
           6    0.541024    0.410621    0.053771
           7    0.488136    0.421695   0.0467745
           8    0.528176    0.435005   0.0426386
           9    0.503296    0.442593   0.0383616
          10    0.538656    0.452199   0.0356311
          11     0.29768    0.438152   0.0351577
          12     0.29392    0.426133   0.0342712
          13    0.444216    0.427524   0.0315556
          14    0.249296    0.414793   0.0318681
          15    0.273944    0.405403   0.0311181
          16     0.46416    0.409075    0.029339
          17     0.39496    0.408245   0.0275717
          18    0.516504     0.41426   0.0266816
          19    0.389368    0.412949   0.0252722
          20    0.426784    0.413641   0.0239853
