           1    0.050144    0.050144           0
           2    0.066016     0.05808    0.007936
           3    0.047248   0.0544693  0.00583355
           4    0.051504    0.053728  0.00419103
           5    0.051544   0.0532912  0.00327561
           6    0.064864     0.05522  0.00329748
           7    0.048888   0.0543154     0.00293
           8     0.06624    0.055806  0.00294287
           9    0.053312   0.0555289  0.00261012
          10    0.039696   0.0539456  0.00282081
          11      0.0448   0.0531142  0.00268357
          12    0.049152    0.052784   0.0024719
          13    0.056912   0.0531015  0.00229588
          14    0.077104    0.054816  0.00273083
          15    0.054912   0.0548224  0.00254227
          16     0.06636   0.0555435    0.002485
          17    0.034496   0.0543054  0.00264227
          18    0.069784   0.0551653   0.0026354
          19    0.047928   0.0547844  0.00252177
          20    0.053552   0.0547228  0.00239316
