           1    0.083368    0.083368           0
           2      0.0678    0.075584    0.007784
           3    0.061616    0.070928  0.00647111
           4     0.10316    0.078986  0.00926655
           5    0.092872   0.0817632  0.00769638
           6    0.127736   0.0894253  0.00990948
           7    0.084816   0.0887669  0.00840088
           8    0.099328    0.090087  0.00739418
           9    0.115664   0.0929289   0.0071134
          10    0.068704   0.0905064    0.006808
          11    0.082936   0.0898182   0.0061964
          12    0.055296   0.0869413  0.00634606
          13    0.099424   0.0879015  0.00591597
          14    0.149112   0.0922737  0.00700819
          15    0.079928   0.0914507  0.00657598
          16    0.093352   0.0915695  0.00615242
          17    0.048824   0.0890551   0.0063025
          18    0.103768   0.0898724  0.00599801
          19     0.06388   0.0885044  0.00583615
          20    0.063952   0.0872768  0.00567112
