           1    0.051736    0.051736           0
           2    0.058552    0.055144    0.003408
           3     0.05252   0.0542693  0.00215326
           4    0.064224    0.056758  0.00291749
           5    0.069672   0.0593408  0.00343189
           6    0.075984   0.0621147  0.00394288
           7     0.04396   0.0595211  0.00422266
           8    0.077616    0.061783   0.0042999
           9    0.080408   0.0638524  0.00432007
          10    0.044448    0.061912  0.00432386
          11    0.062832   0.0619956  0.00391197
          12    0.042712   0.0603887  0.00391603
          13    0.070792   0.0611889  0.00369004
          14    0.096016   0.0636766  0.00422606
          15    0.065456   0.0637952  0.00393604
          16    0.064864    0.063862  0.00368243
          17    0.052288   0.0631812  0.00352541
          18     0.07888   0.0640533  0.00343631
          19    0.051648   0.0634004  0.00331535
          20    0.063272    0.063394  0.00314522
