           1    0.285936    0.285936           0
           2    0.144896    0.215416     0.07052
           3    0.207896    0.212909   0.0407918
           4    0.251408    0.222534   0.0304076
           5    0.323392    0.242706   0.0310107
           6     0.36376    0.262881   0.0323755
           7    0.252192    0.261354   0.0274048
           8    0.322008    0.268936   0.0249149
           9    0.300376    0.272429   0.0222488
          10      0.3114    0.276326   0.0202779
          11     0.26432    0.275235   0.0183745
          12    0.208024    0.269634    0.017684
          13     0.24896    0.268044   0.0163445
          14     0.31916    0.271695   0.0155663
          15     0.25052    0.270283     0.01456
          16    0.330056    0.274019   0.0141227
          17     0.25512    0.272907   0.0133125
          18    0.207976      0.2693   0.0130592
          19    0.391456    0.275729   0.0139258
          20     0.32736    0.278311    0.013461
