           1    0.098888    0.098888           0
           2    0.045736    0.072312    0.026576
           3     0.08752   0.0773813   0.0161594
           4    0.122224    0.088592   0.0160076
           5    0.089856   0.0888448    0.012402
           6      0.1546    0.099804   0.0149212
           7    0.136368    0.105027   0.0136497
           8    0.138152    0.109168   0.0125252
           9    0.153616    0.114107      0.0121
          10    0.097088    0.112405   0.0109555
          11    0.075288    0.109031   0.0104684
          12    0.095784    0.107927  0.00961981
          13    0.097664    0.107137  0.00888408
          14    0.148896     0.11012   0.0087492
          15      0.1038    0.109699  0.00815595
          16    0.079568    0.107816  0.00785818
          17      0.1054    0.107673  0.00738284
          18     0.15084    0.110072  0.00736214
          19    0.085808    0.108795  0.00708001
          20    0.107864    0.108748  0.00671685
