           1    0.031112    0.031112           0
           2    0.023952    0.027532     0.00358
           3       0.034    0.029688  0.00298672
           4    0.029992    0.029764  0.00211329
           5    0.037384    0.031288  0.00223656
           6    0.042632   0.0331787  0.00262858
           7    0.019816   0.0312697  0.00292906
           8    0.036768    0.031957   0.0026281
           9    0.030944   0.0318444   0.0023205
          10     0.02612    0.031272  0.00215301
          11    0.011296    0.029456   0.0026628
          12    0.018384   0.0285333  0.00260001
          13    0.034992   0.0290302  0.00244272
          14    0.047656   0.0303606  0.00262383
          15    0.039304   0.0309568  0.00251437
          16    0.041632    0.031624  0.00244478
          17    0.013984   0.0305864  0.00252002
          18    0.046776   0.0314858  0.00254044
          19    0.036648   0.0317575  0.00241833
          20     0.04272   0.0323056   0.0023588
