           1    0.123752    0.123752           0
           2    0.099136    0.111444    0.012308
           3    0.113472     0.11212  0.00713811
           4    0.153656    0.122504   0.0115457
           5    0.148888    0.127781    0.010384
           6    0.180688    0.136599   0.0122327
           7    0.091496    0.130155    0.012182
           8    0.208048    0.139892   0.0143562
           9    0.168752    0.143099   0.0130608
          10    0.149656    0.143754   0.0117003
          11    0.122368     0.14181   0.0107604
          12    0.109088    0.139083   0.0101943
          13    0.171008    0.141539  0.00969365
          14    0.162064    0.143005  0.00909353
          15    0.112256    0.140955  0.00871028
          16    0.083496    0.137364  0.00890405
          17      0.1312    0.137001  0.00837175
          18    0.162856    0.138438  0.00802259
          19    0.152976    0.139203  0.00762709
          20    0.114392    0.137962  0.00734127
