           1    0.078152    0.078152           0
           2    0.064464    0.071308    0.006844
           3    0.065224     0.06928  0.00444142
           4    0.076752    0.071148  0.00365411
           5     0.08356   0.0736304  0.00376482
           6     0.09856   0.0777853  0.00516843
           7    0.068416   0.0764469  0.00456859
           8    0.079728    0.076857  0.00397772
           9    0.100328   0.0794649  0.00437119
          10    0.062632   0.0777816  0.00425667
          11    0.069232   0.0770044  0.00392797
          12    0.030168   0.0731013   0.0053001
          13     0.08496   0.0740135  0.00495999
          14     0.11044   0.0766154  0.00527796
          15    0.080888   0.0769003  0.00492176
          16     0.07744    0.076934  0.00460401
          17    0.036984    0.074584  0.00492196
          18    0.079848   0.0748764  0.00464967
          19    0.058768   0.0740286  0.00447912
          20    0.054248   0.0730396  0.00436285
