           1    0.183832    0.183832           0
           2     0.15284    0.168336    0.015496
           3    0.185656    0.174109   0.0106477
           4     0.15532    0.169412  0.00887421
           5     0.17488    0.170506  0.00696038
           6     0.22852    0.180175   0.0112156
           7    0.116192    0.171034    0.013168
           8       0.214    0.176405   0.0126052
           9    0.245432    0.184075   0.0135058
          10    0.155656    0.181233   0.0124097
          11    0.131192    0.176684   0.0121118
          12    0.163664    0.175599   0.0111096
          13    0.206504    0.177976   0.0104922
          14    0.218056    0.180839    0.010127
          15    0.181304     0.18087  0.00942778
          16    0.262488    0.185971   0.0101879
          17    0.199592    0.186772  0.00960339
          18    0.207336    0.187915  0.00912595
          19    0.165296    0.186724  0.00871399
          20    0.202792    0.187528  0.00830576
