           1    0.042504    0.042504           0
           2    0.049632    0.046068    0.003564
           3    0.044176   0.0454373  0.00215216
           4      0.0448    0.045278  0.00153012
           5    0.049624   0.0461472  0.00146979
           6    0.051432    0.047028  0.00148862
           7    0.034008    0.045168  0.00224554
           8    0.048832    0.045626   0.0019979
           9    0.039096   0.0449004  0.00190552
          10     0.02768   0.0431784  0.00242286
          11    0.036888   0.0426065  0.00226494
          12     0.03508   0.0419793  0.00216064
          13    0.055728   0.0430369  0.00225136
          14    0.073168   0.0451891   0.0029961
          15    0.050744   0.0455595  0.00281369
          16    0.050456   0.0458655   0.0026497
          17    0.020624   0.0443807  0.00289819
          18    0.061128   0.0453111   0.0028865
          19    0.049312   0.0455217  0.00273847
          20    0.049872   0.0457392  0.00260703
