           1     0.03772     0.03772           0
           2    0.033224    0.035472    0.002248
           3    0.031792   0.0342453  0.00178584
           4    0.038408    0.035286  0.00163634
           5    0.036976    0.035624  0.00131179
           6     0.04304     0.03686  0.00163551
           7    0.027312    0.035496  0.00194194
           8    0.046112    0.036823  0.00214226
           9    0.024464   0.0354498  0.00233563
          10     0.02332   0.0342368  0.00241567
          11    0.016168   0.0325942  0.00273362
          12    0.021128   0.0316387  0.00267212
          13    0.044272   0.0326105  0.00264313
          14    0.049712    0.033832  0.00273501
          15     0.04492   0.0345712  0.00265128
          16    0.039216   0.0348615  0.00249698
          17    0.021392   0.0340692  0.00247572
          18    0.054584   0.0352089  0.00259752
          19     0.04024   0.0354737  0.00247123
          20    0.050312   0.0362156  0.00245901
