best fit of each generation		avarage value of the fits on best half of the poulation
13.3222	15.6546	0.0498924
12.86	14.8226	0.0705463
12.6586	13.7185	0.0463715
12.2619	13.1993	0.0300787
11.3904	12.8589	0.0371298
11.018	12.3186	0.0399647
10.9454	11.7211	0.0370661
10.65	11.2216	0.0216418
10.65	11.0794	0.0166267
10.5258	10.9411	0.0159108
10.3567	10.8861	0.0182019
10.3567	10.9117	0.0254367
10.3567	10.7122	0.0186219
10.0602	10.5233	0.013289
10.0602	10.3586	0.0141256
10.0528	10.2658	0.0152597
9.91044	10.0739	0.0041712
9.64532	10.0303	0.00619507
9.61576	9.9604	0.0108529
9.52422	9.91942	0.0163084
9.52422	9.84375	0.019814
9.39484	9.67514	0.0128791
9.39484	9.62124	0.012531
9.33445	9.55789	0.0114486
9.33445	9.5375	0.0140292
9.24082	9.50131	0.0142628
9.24082	9.39343	0.00897078
9.17379	9.34555	0.00670468
9.1716	9.28534	0.00688604
8.93699	9.20544	0.00571715
8.84782	9.1812	0.0101595
8.84782	9.07646	0.0100937
8.76432	9.0337	0.0129182
8.74291	8.88684	0.00839153
8.61689	8.84506	0.00799752
8.54672	8.94574	0.0182808
8.54672	8.78804	0.0108628
8.43262	8.81715	0.0170904
8.36017	8.61284	0.0125444
8.10716	8.57091	0.0109715
8.10716	8.54587	0.0137384
8.10716	8.48841	0.0173448
8.00409	8.41095	0.0164966
7.94929	8.26844	0.0148703
7.94929	8.11559	0.0117892
7.84622	8.05468	0.00937393
7.70309	8.05355	0.014663
7.70309	7.96803	0.0120941
7.63764	7.8659	0.0104078
7.63764	7.85694	0.0123557
7.63764	7.78124	0.0107537
7.62667	7.72149	0.00815095
7.62667	7.78456	0.0140648
7.62667	7.69273	0.00773715
7.62667	7.67107	0.00715661
7.62667	7.70665	0.0106895
7.55573	7.68714	0.00864889
7.55573	7.66589	0.00699871
7.39161	7.61928	0.00544085
7.12985	7.56945	0.00726104
7.1259	7.48034	0.0118605
7.1259	7.4123	0.0158987
7.09195	7.33603	0.0145497
7.09195	7.19108	0.0100767
7.09195	7.29369	0.0175195
7.02707	7.16908	0.0108327
7.011	7.13489	0.00846638
6.78037	7.07171	0.00421671
6.71549	7.0214	0.00705089
6.70346	6.90143	0.0104739
6.57341	6.8197	0.00958885
6.57341	6.78791	0.0125723
6.43975	6.87181	0.0225793
6.43975	6.79692	0.020571
6.43114	6.77656	0.0221786
6.43114	6.54419	0.0101403
6.43114	6.45929	0.00336745
6.43114	6.4343	0.000409641
6.43114	6.44072	0.00174105
6.43114	6.44367	0.00235756
6.43114	6.44517	0.00232126
6.35665	6.43377	0.00122254
6.35665	6.42617	0.00215724
6.35665	6.41241	0.00401897
6.19215	6.38236	0.00312659
6.19215	6.33596	0.00502951
6.19215	6.30614	0.00680166
6.10495	6.27193	0.00690662
6.10495	6.35967	0.0174412
5.98629	6.27718	0.0131902
5.98629	6.28515	0.015277
5.98629	6.2201	0.014185
5.98629	6.13806	0.0130669
5.98629	6.14257	0.0152124
5.87606	6.09296	0.0136165
5.87606	6.13024	0.0157974
5.87606	6.00973	0.0068065
5.87606	5.94846	0.00497624
5.87606	5.90934	0.00365513
5.85049	5.87969	0.00133326
5.85049	5.89206	0.00299674
5.85049	5.89766	0.0041637
5.85049	5.98105	0.0153831
5.85049	5.87518	0.00341154
5.85049	5.9429	0.0126633
5.85049	5.87476	0.00451238
5.85049	5.85473	0.000830444
5.85049	5.85662	0.00161416
5.85049	5.9835	0.0168286
5.85049	5.93363	0.0109112
5.85049	5.9366	0.0118023
5.76505	5.97408	0.013389
5.76505	5.96862	0.0151838
5.64323	5.89412	0.0104615
5.64323	5.82322	0.00825865
5.64323	5.77845	0.00991409
5.64323	5.75715	0.0108346
5.64323	5.6897	0.00744124
5.64323	5.65867	0.00301557
5.64323	5.67614	0.0051429
5.64323	5.64788	0.00108134
5.64323	5.67175	0.00589105
5.64323	5.65067	0.00178259
5.64323	5.65542	0.00221944
5.64323	5.67308	0.00562851
5.64323	5.65587	0.00275289
5.64323	5.68121	0.0051335
5.64323	5.66936	0.0040525
5.41735	5.63872	0.00223617
5.41735	5.62913	0.00581943
5.23728	5.57795	0.00942574
5.23728	5.66216	0.0176835
5.23728	5.57336	0.0198736
5.23728	5.4046	0.017311
5.23728	5.27047	0.00509709
5.19788	5.23649	0.000389962
5.19788	5.23311	0.00119978
5.19788	5.31145	0.0112762
5.19788	5.31201	0.0130557
5.19788	5.28193	0.0121613
5.19788	5.291	0.011701
5.19788	5.24923	0.00790045
5.19788	5.26182	0.00910891
5.19788	5.29193	0.012376
5.19788	5.21513	0.00348169
5.19788	5.20973	0.00259338
5.19788	5.22997	0.00523716
5.19788	5.24532	0.00729199
5.19788	5.20926	0.0024573
5.19788	5.21603	0.00300981
5.19788	5.19788	6.28037e-17
5.19788	5.19853	0.000255275
5.19788	5.22473	0.00461141
5.19788	5.21261	0.00318267
5.19788	5.22142	0.00371337
5.19788	5.20302	0.00127101
5.19788	5.20122	0.00102184
5.19788	5.23202	0.00473074
5.19788	5.19803	7.23965e-05
5.19788	5.19788	6.28037e-17
5.19788	5.19858	0.00028035
5.19788	5.19788	6.28037e-17
5.19788	5.20091	0.00135239
5.19788	5.19788	6.28037e-17
5.19788	5.19803	7.23965e-05
5.19788	5.19788	6.28037e-17
5.19788	5.20153	0.00126444
5.19788	5.19877	0.000441433
5.19788	5.22244	0.00340754
5.19788	5.20371	0.00151485
5.19788	5.19788	6.28037e-17
5.19788	5.19796	3.93357e-05
5.19788	5.19788	6.28037e-17
5.19788	5.19788	6.28037e-17
5.19788	5.21121	0.00283319
5.19788	5.22675	0.00412006
5.19788	5.24169	0.0080594
5.19788	5.20508	0.00182787
5.19788	5.22026	0.0036597
5.19788	5.211	0.00255859
5.19788	5.19788	6.28037e-17
5.19788	5.19788	6.28037e-17
5.19788	5.19788	6.28037e-17
5.19788	5.19788	6.28037e-17
5.19788	5.19788	6.28037e-17
5.19788	5.19788	6.28037e-17
5.19788	5.19788	6.28037e-17
5.19788	5.19788	6.28037e-17
5.19788	5.20998	0.00218194
5.19788	5.20304	0.00141326
5.19788	5.21633	0.00382192
5.19788	5.20508	0.00146748
5.19788	5.20183	0.000783206
5.19788	5.19788	6.28037e-17
5.19788	5.19825	0.000107626
5.19788	5.19788	6.28037e-17
5.19788	5.19788	6.28037e-17
5.19788	5.19788	6.28037e-17
5.19788	5.19788	6.28037e-17
5.19788	5.19788	6.28037e-17
5.19788	5.19788	6.28037e-17
5.19788	5.2037	0.00181683
5.19788	5.24109	0.00687872
5.19788	5.26027	0.00987294
5.19788	5.26204	0.00967946
5.19788	5.25432	0.00940474
5.19788	5.21878	0.00379088
5.19788	5.25985	0.00879896
5.19788	5.2195	0.00341609
5.19788	5.21156	0.00255869
5.19788	5.20646	0.00195361
5.19788	5.21731	0.00315323
5.19788	5.19866	0.000282117
5.19788	5.19788	6.28037e-17
5.19788	5.22389	0.00470004
5.19788	5.23817	0.00559782
5.19788	5.21181	0.00293113
5.19788	5.22432	0.00377232
5.19788	5.23561	0.00449526
5.19788	5.23339	0.00439863
5.19788	5.19788	6.28037e-17
5.19788	5.19788	6.28037e-17
5.19788	5.19788	6.28037e-17
5.19788	5.19788	6.28037e-17
5.19788	5.19788	6.28037e-17
5.19788	5.2045	0.00146533
5.19788	5.20299	0.00134963
5.19788	5.22066	0.00321443
5.19788	5.22514	0.00404456
5.19788	5.21659	0.00289463
5.19788	5.21573	0.00372951
5.19788	5.20915	0.00251741
5.19788	5.2112	0.0024741
5.19788	5.2143	0.00326974
5.19788	5.23	0.0049547
5.19788	5.20219	0.00151071
5.19788	5.19788	6.28037e-17
5.19788	5.20935	0.0021325
5.19788	5.2167	0.00353077
5.19788	5.25568	0.0104281
5.19788	5.24807	0.00781546
5.19788	5.25487	0.0118398
5.19788	5.19843	0.000272323
5.19788	5.22778	0.00562551
5.19788	5.21114	0.00303312
5.19788	5.19788	6.28037e-17
5.19788	5.21238	0.003088
5.19788	5.19788	6.28037e-17
5.19788	5.20911	0.00261208
5.19788	5.24228	0.00611459
5.19788	5.40085	0.0221295
5.19788	5.33865	0.0188538
5.19788	5.21324	0.00328464
5.19788	5.19843	0.000272323
5.19788	5.20595	0.00226011
5.19788	5.22111	0.00445321
5.19788	5.19788	6.28037e-17
5.19788	5.24421	0.00677034
5.19788	5.21987	0.00349533
5.19788	5.21203	0.00303108
5.19788	5.2182	0.00350172
5.19788	5.21503	0.00293128
5.19788	5.21424	0.00334216
5.19788	5.20154	0.00123916
5.19788	5.19842	0.000264208
5.19788	5.20339	0.00141678
5.19788	5.19788	6.28037e-17
5.19788	5.19788	6.28037e-17
5.19788	5.21004	0.00251667
5.19788	5.20953	0.00245086
5.19788	5.21244	0.00289323
5.19788	5.20275	0.00138007
5.19788	5.19788	6.28037e-17
5.19788	5.19788	6.28037e-17
5.19788	5.19788	6.28037e-17
5.19788	5.19788	6.28037e-17
5.19788	5.19788	6.28037e-17
5.19788	5.20047	0.000940901
5.19788	5.19879	0.000320104
5.19788	5.19985	0.000544005
5.19788	5.20448	0.00146457
5.19788	5.19788	6.28037e-17
5.19788	5.21791	0.00494632
5.19788	5.21403	0.00288423
5.19788	5.23809	0.00607134
5.19788	5.19788	6.28037e-17
5.19788	5.20029	0.000918896
5.19788	5.19788	6.28037e-17
5.19788	5.20013	0.000571525
5.19788	5.21926	0.00401939
5.19788	5.24384	0.00753774
5.19788	5.25557	0.00770504
5.19788	5.20885	0.00270291
5.19788	5.19788	6.28037e-17
5.19788	5.19788	6.28037e-17
5.19788	5.20473	0.00219107
5.19788	5.20151	0.0012576
5.19788	5.20025	0.000933504
5.19788	5.19973	0.000692501
5.19788	5.1997	0.000898475
5.19788	5.19788	6.28037e-17
5.19788	5.19788	6.28037e-17
5.19788	5.19788	6.28037e-17
5.19788	5.20202	0.00126876
5.19788	5.19788	6.28037e-17
5.19788	5.19788	6.28037e-17
5.19788	5.19985	0.000974392
5.19788	5.19788	6.28037e-17
5.19788	5.20479	0.00173168
5.19788	5.19804	5.50585e-05
5.19788	5.19788	6.28037e-17
5.19788	5.19788	6.28037e-17
5.19788	5.19788	6.28037e-17
5.19788	5.19788	6.28037e-17
5.19788	5.19788	6.28037e-17
5.19788	5.20126	0.00120217
5.19788	5.22549	0.0042574
5.19788	5.21679	0.00334647
5.19788	5.19788	6.28037e-17
5.19788	5.20282	0.00139756
5.19788	5.19788	6.28037e-17
5.19788	5.20117	0.00110711
5.19788	5.22746	0.00560457
5.19788	5.25986	0.00880066
5.19788	5.26537	0.00939321
5.19788	5.20448	0.00141022
5.19788	5.21939	0.00565457
5.19788	5.19788	6.28037e-17
5.19788	5.19788	6.28037e-17
5.19788	5.21956	0.00389448
5.19788	5.19788	6.28037e-17
5.19788	5.19788	6.28037e-17
5.19788	5.20466	0.00196752
5.19788	5.19943	0.000541646
5.19788	5.21078	0.00235597
5.19788	5.2243	0.00466859
5.19788	5.19892	0.000445869
5.19788	5.19856	0.000272518
5.19788	5.20456	0.00155368
5.19788	5.19986	0.000691361
5.19788	5.20641	0.00229095
5.19788	5.19788	6.28037e-17
5.19788	5.1997	0.000898475
5.19788	5.19788	6.28037e-17
5.19788	5.19788	6.28037e-17
5.19788	5.19788	6.28037e-17
5.19788	5.19788	6.28037e-17
5.19788	5.20113	0.00109239
5.19788	5.22616	0.00505337
5.19788	5.19788	6.28037e-17
5.19788	5.32224	0.0142674
5.19788	5.23088	0.00642039
5.19788	5.32826	0.0158079
5.19788	5.23864	0.00679554
5.19788	5.21295	0.00431395
5.19788	5.23748	0.00684216
5.19788	5.22133	0.00407042
5.19788	5.21791	0.00339919
5.19788	5.22204	0.00407219
5.19788	5.20151	0.00125556
5.19788	5.21359	0.00268972
5.19788	5.20022	0.000667921
5.19788	5.20217	0.00124376
5.19788	5.19788	6.28037e-17
5.19788	5.20128	0.00117573
5.19788	5.19788	6.28037e-17
5.19788	5.19788	6.28037e-17
5.19788	5.20691	0.00218886
5.19788	5.2172	0.00389823
5.19788	5.20146	0.00123968
5.19788	5.19788	6.28037e-17
5.19788	5.20424	0.00177295
5.19788	5.19788	6.28037e-17
5.19788	5.19788	6.28037e-17
5.19788	5.19788	6.28037e-17
5.19788	5.20007	0.000771899
5.19788	5.23118	0.00510882
5.19788	5.20025	0.000731742
5.19788	5.206	0.00199005
5.19788	5.22642	0.00437349
5.19788	5.22702	0.00485953
5.19788	5.21621	0.00325075
5.19788	5.19903	0.000370758
5.19788	5.19796	3.93357e-05
5.19788	5.19788	6.28037e-17
5.19788	5.19788	6.28037e-17
5.19788	5.19788	6.28037e-17
5.19788	5.19788	6.28037e-17
5.19788	5.19788	6.28037e-17
5.19788	5.19803	7.23965e-05
5.19788	5.2105	0.00244797
5.19788	5.20805	0.00184069
5.19788	5.21422	0.00312871
5.19788	5.19853	0.000255275
5.19788	5.19788	6.28037e-17
5.19788	5.19788	6.28037e-17
5.19788	5.19788	6.28037e-17
5.19788	5.20246	0.00131144
5.19788	5.19788	6.28037e-17
5.19788	5.19796	3.93357e-05
5.19788	5.22597	0.0046342
5.19788	5.21595	0.00320318
5.19788	5.23294	0.00500178
5.19788	5.23512	0.00465082
5.19788	5.21303	0.00309165
5.19788	5.19788	6.28037e-17
5.19788	5.19788	6.28037e-17
5.19788	5.20483	0.00228759
5.19788	5.21023	0.00287671
5.19788	5.20155	0.00112546
5.19788	5.19967	0.000885671
5.19788	5.2048	0.00171251
5.19788	5.19788	6.28037e-17
5.19788	5.19788	6.28037e-17
5.19788	5.20774	0.00240939
5.19788	5.19788	6.28037e-17
5.19788	5.19788	6.28037e-17
5.19788	5.20028	0.000948939
5.19788	5.20264	0.00165979
5.19788	5.20325	0.00150507
5.19788	5.19796	3.93357e-05
5.19788	5.19788	6.28037e-17
5.19788	5.19788	6.28037e-17
5.19788	5.19788	6.28037e-17
5.19788	5.26965	0.0124104
5.19788	5.324	0.0156873
5.19788	5.28325	0.0124673
5.19788	5.29029	0.0142784
5.19788	5.27855	0.012451
5.19788	5.22476	0.00483758
5.19788	5.22906	0.00474946
5.19788	5.23799	0.00537717
5.19788	5.25188	0.00685488
5.19788	5.22211	0.00435014
5.19788	5.20067	0.00138067
5.19788	5.20674	0.00248186
5.19788	5.25637	0.00797468
5.19788	5.20309	0.00145876
5.19788	5.21768	0.00385103
5.19788	5.19788	6.28037e-17
5.19788	5.19843	0.000272323
5.19788	5.22389	0.00404719
5.19788	5.19975	0.000617982
5.19788	5.233	0.00609441
5.19788	5.25249	0.00707992
5.19788	5.23127	0.00552497
5.19788	5.22274	0.00492896
5.19788	5.29037	0.0135591
5.19788	5.2054	0.00216879
5.19788	5.23297	0.00562581
5.19788	5.31375	0.0155614
5.19788	5.19788	6.28037e-17
5.19788	5.19788	6.28037e-17
5.19788	5.19788	6.28037e-17
5.19788	5.19788	6.28037e-17
5.19788	5.20157	0.00127571
5.19788	5.19788	6.28037e-17
5.19788	5.19788	6.28037e-17
5.19788	5.21074	0.00323568
5.19788	5.23656	0.0055018
5.19788	5.27206	0.00957266
5.19788	5.23385	0.00634143
5.19788	5.24452	0.00755039
5.19788	5.22779	0.00528425
5.19788	5.21019	0.00207708
5.19788	5.20047	0.000940901
5.19788	5.21574	0.00403419
5.19788	5.23773	0.00717366
5.19788	5.20813	0.00245755
5.19788	5.20067	0.000992636
5.19788	5.20157	0.00127571
5.19788	5.20863	0.00233675
5.19788	5.2158	0.00344512
5.19788	5.21409	0.0034746
5.19788	5.24713	0.00827047
5.19788	5.21316	0.00273141
5.19788	5.19843	0.000272323
5.08303	5.20431	0.00253655
5.08303	5.1894	0.00306923
5.08303	5.15758	0.0050799
5.08303	5.12245	0.00383052
5.08303	5.10071	0.00302798
5.08303	5.08585	0.000941125
5.05056	5.09223	0.00209272
5.05056	5.09707	0.0031506
5.05056	5.1259	0.00855109
5.05056	5.11421	0.00706471
5.05056	5.07531	0.00350549
5.05056	5.05508	0.00098286
5.05056	5.051	0.000122809
5.05056	5.05056	0
5.05056	5.05508	0.0014721
5.05056	5.05917	0.002126
5.05056	5.0571	0.00170387
5.05056	5.0525	0.000712337
5.05056	5.06536	0.00289013
5.05056	5.07834	0.00450584
5.05056	5.12225	0.0123376
5.05056	5.12969	0.0101166
5.05056	5.14083	0.0121471
