           1   -0.247951   -0.247951           0
           2   -0.252143   -0.250047  0.00148186
           3   -0.297392   -0.265829   0.0129236
           4    -0.39019   -0.296919   0.0286165
           5   -0.480118   -0.333559    0.039976
           6   -0.445953   -0.352291   0.0374459
           7   -0.480075   -0.370546   0.0362742
           8   -0.479012   -0.384104     0.03418
           9   -0.412908   -0.387305   0.0305317
          10     -0.3383   -0.382404    0.027869
          11   -0.388681   -0.382975   0.0253413
          12   -0.473268   -0.390499    0.024321
          13   -0.388542   -0.390349   0.0224506
          14   -0.475148   -0.396406   0.0216486
          15   -0.510032   -0.403981   0.0214899
          16   -0.456393   -0.407257   0.0203949
          17   -0.451927   -0.409884   0.0193637
          18   -0.413978   -0.410112   0.0182893
          19   -0.458129   -0.412639   0.0175004
          20   -0.410013   -0.412508   0.0166259
          21   -0.415585   -0.412654   0.0158348
          22   -0.480128   -0.415721   0.0154092
          23    -0.57105   -0.422475   0.0161515
          24   -0.538405   -0.427305   0.0161847
          25   -0.463459   -0.428751   0.0156018
          26   -0.387994   -0.427184   0.0150803
          27   -0.374941   -0.425249   0.0146454
          28   -0.315683   -0.421336   0.0146358
          29   -0.343307   -0.418645   0.0143763
          30   -0.310162   -0.415029   0.0143446
          31   -0.356893   -0.413154    0.014004
          32     -0.4085   -0.413008   0.0135671
          33   -0.388649    -0.41227    0.013176
          34   -0.437875   -0.413023     0.01281
          35   -0.362877    -0.41159   0.0125239
          36   -0.388295   -0.410943   0.0121927
          37   -0.428441   -0.411416   0.0118723
          38   -0.525226   -0.414411   0.0119317
          39   -0.483894   -0.416193    0.011758
          40    -0.46894   -0.417511   0.0115378
          41   -0.474635   -0.418905   0.0113402
          42   -0.423814   -0.419022   0.0110708
          43   -0.379764   -0.418109   0.0108509
          44   -0.408599   -0.417892   0.0106064
          45    -0.36143   -0.416638   0.0104447
          46   -0.360433   -0.415416   0.0102888
          47   -0.406234   -0.415221   0.0100718
          48   -0.435872   -0.415651  0.00987114
          49   -0.397618   -0.415283  0.00967655
          50    -0.38225   -0.414622  0.00950554
          51   -0.451539   -0.415346  0.00934668
          52   -0.435575   -0.415735  0.00917503
          53   -0.469291   -0.416745  0.00905739
          54   -0.427143   -0.416938  0.00889171
          55   -0.403609   -0.416696  0.00873334
          56   -0.326317   -0.415082  0.00872524
          57   -0.350407   -0.413947  0.00864563
          58   -0.368968   -0.413172  0.00853127
          59   -0.426782   -0.413402  0.00838979
          60   -0.389368   -0.413002  0.00825952
          61   -0.445935   -0.413542  0.00814175
          62    -0.44942    -0.41412  0.00803097
          63    -0.45902   -0.414833  0.00793505
          64   -0.514495    -0.41639   0.0079624
          65   -0.527659   -0.418102   0.0080218
          66   -0.493408   -0.419243  0.00798099
          67   -0.485645   -0.420234  0.00792317
          68   -0.528838   -0.421831    0.007966
          69   -0.468663    -0.42251  0.00787941
          70   -0.449689   -0.422898  0.00777641
          71   -0.378992    -0.42228  0.00769143
          72   -0.472965   -0.422984  0.00761675
          73   -0.502421   -0.424072  0.00758974
          74   -0.585248    -0.42625  0.00779344
          75    -0.60706   -0.428661  0.00805377
          76   -0.522926   -0.429901  0.00804275
          77   -0.492499   -0.430714  0.00797928
          78   -0.506315   -0.431683  0.00793562
          79   -0.416201   -0.431487  0.00783759
          80   -0.458097    -0.43182  0.00774668
          81    -0.36845   -0.431038  0.00769044
          82   -0.437232   -0.431113  0.00759703
          83   -0.451242   -0.431356  0.00750937
          84   -0.410508   -0.431108  0.00742407
          85   -0.448684   -0.431314  0.00733961
          86   -0.340112   -0.430254  0.00733048
          87   -0.429947    -0.43025  0.00724622
          88   -0.380682   -0.429687  0.00718574
          89   -0.358217   -0.428884  0.00714973
          90   -0.351163    -0.42802  0.00712225
          91   -0.382031   -0.427515  0.00706189
          92   -0.376315   -0.426959  0.00700702
          93   -0.407517   -0.426749   0.0069348
          94   -0.388246    -0.42634  0.00687311
          95   -0.384133   -0.425896  0.00681511
          96   -0.349187   -0.425097   0.0067908
          97   -0.316381   -0.423976  0.00681265
          98   -0.372414    -0.42345  0.00676342
          99   -0.390889   -0.423121  0.00670309
         100   -0.442389   -0.423313  0.00663883
         101   -0.420021   -0.423281  0.00657318
         102   -0.420176    -0.42325  0.00650881
         103    -0.45241   -0.423533  0.00645177
         104    -0.41892   -0.423489  0.00638988
         105   -0.435426   -0.423603  0.00633004
         106   -0.455953   -0.423908  0.00627768
         107   -0.434635   -0.424008  0.00621981
         108   -0.357908   -0.423396  0.00619225
         109   -0.425878   -0.423419  0.00613549
         110   -0.408091    -0.42328  0.00608129
         111   -0.356949   -0.422682  0.00605579
         112    -0.40041   -0.422483  0.00600499
         113   -0.459595   -0.422812  0.00596082
         114   -0.466373   -0.423194  0.00592077
         115   -0.459641   -0.423511  0.00587776
         116   -0.463013   -0.423851  0.00583695
         117   -0.478156   -0.424315  0.00580548
         118   -0.444514   -0.424487  0.00575881
         119   -0.397318   -0.424258  0.00571494
         120   -0.466788   -0.424613  0.00567829
         121   -0.427549   -0.424637  0.00563142
         122   -0.424379   -0.424635  0.00558526
         123   -0.460893    -0.42493  0.00554762
         124   -0.543448   -0.425885  0.00558461
         125   -0.393917    -0.42563  0.00554579
         126   -0.411268   -0.425516  0.00550295
         127   -0.358386   -0.424987  0.00548494
         128   -0.348886   -0.424393  0.00547422
         129   -0.447515   -0.424572  0.00543472
         130   -0.423871   -0.424566  0.00539291
         131   -0.393767   -0.424331  0.00535687
         132   -0.444905   -0.424487  0.00531855
         133   -0.411464   -0.424389  0.00527947
         134   -0.456874   -0.424632  0.00524563
         135   -0.428207   -0.424658  0.00520684
         136   -0.466089   -0.424963  0.00517746
         137   -0.489876   -0.425437   0.0051613
         138   -0.527844   -0.426179  0.00517697
         139   -0.493809   -0.426665  0.00516254
         140   -0.503158   -0.427212   0.0051545
         141   -0.585536   -0.428334  0.00523882
         142   -0.514225   -0.428939  0.00523673
         143   -0.503211   -0.429459   0.0052258
         144   -0.530383    -0.43016   0.0052363
         145   -0.513534   -0.430735  0.00523166
         146   -0.533977   -0.431442   0.0052434
         147   -0.495904    -0.43188  0.00522604
         148   -0.451012   -0.432009  0.00519232
         149   -0.418465   -0.431919  0.00515827
         150   -0.374928   -0.431539  0.00513786
         151   -0.421278   -0.431471  0.00510428
         152   -0.420917   -0.431401  0.00507117
         153   -0.433523   -0.431415  0.00503804
         154   -0.479893    -0.43173  0.00501516
         155   -0.389651   -0.431458  0.00499014
         156   -0.460279   -0.431643  0.00496157
         157   -0.374337   -0.431278  0.00494338
         158   -0.428155   -0.431258  0.00491213
         159   -0.434327   -0.431278  0.00488127
         160    -0.48331   -0.431603  0.00486159
         161   -0.502862   -0.432046   0.0048515
         162   -0.460889   -0.432224  0.00482481
         163   -0.387782   -0.431951  0.00480291
         164   -0.398584   -0.431747  0.00477793
         165   -0.439956   -0.431797  0.00474924
         166   -0.424695   -0.431754  0.00472082
         167   -0.482229   -0.432057  0.00470221
         168   -0.378168   -0.431736  0.00468515
         169   -0.447261   -0.431828  0.00465833
         170   -0.429705   -0.431815  0.00463095
         171   -0.382533   -0.431527  0.00461282
         172   -0.430758   -0.431523  0.00458601
         173   -0.392588   -0.431298  0.00456502
         174   -0.448789   -0.431398  0.00453989
         175   -0.439933   -0.431447  0.00451421
         176   -0.367014   -0.431081  0.00450338
         177   -0.335667   -0.430542  0.00451009
         178   -0.387386   -0.430299  0.00449126
         179   -0.395963   -0.430107  0.00447026
         180   -0.408457   -0.429987  0.00444705
         181   -0.372702   -0.429671  0.00443372
         182   -0.346559   -0.429214  0.00443282
         183   -0.430104   -0.429219   0.0044086
         184   -0.432163   -0.429235  0.00438467
         185   -0.376598    -0.42895  0.00437019
         186   -0.350351   -0.428528  0.00436707
         187   -0.345101   -0.428082  0.00436645
         188   -0.380422   -0.427828  0.00435058
         189   -0.359188   -0.427465  0.00434269
         190   -0.442126   -0.427542  0.00432052
         191   -0.477303   -0.427803  0.00430575
         192    -0.44249   -0.427879    0.004284
         193   -0.442191   -0.427953  0.00426245
         194    -0.39448   -0.427781  0.00424396
         195   -0.349412   -0.427379  0.00424119
         196   -0.356856   -0.427019  0.00423478
         197   -0.358237    -0.42667  0.00422766
         198   -0.364736   -0.426357  0.00421786
         199   -0.395125     -0.4262  0.00419958
         200   -0.393101   -0.426035  0.00418185
         201   -0.405093    -0.42593  0.00416234
         202   -0.460067   -0.426099  0.00414516
         203   -0.428966   -0.426114  0.00412477
         204   -0.470899   -0.426333  0.00411038
         205   -0.444331   -0.426421  0.00409127
         206   -0.454787   -0.426559  0.00407373
         207   -0.471918   -0.426778  0.00405994
         208   -0.456819   -0.426922  0.00404299
         209   -0.427127   -0.426923  0.00402364
         210   -0.444962   -0.427009   0.0040054
         211   -0.399677    -0.42688  0.00398851
         212   -0.455054   -0.427012  0.00397191
         213   -0.441233   -0.427079  0.00395382
         214    -0.42065   -0.427049  0.00393546
         215   -0.491169   -0.427347  0.00392844
         216   -0.410784   -0.427271    0.003911
         217   -0.370701    -0.42701  0.00390166
         218   -0.457902   -0.427152  0.00388633
         219   -0.369786    -0.42689   0.0038774
         220   -0.386916   -0.426708  0.00386403
         221   -0.408833   -0.426627   0.0038474
         222   -0.342211   -0.426247  0.00384881
         223   -0.352291   -0.425915  0.00384581
         224   -0.359988   -0.425621  0.00383989
         225   -0.337993   -0.425231  0.00384252
         226   -0.350479   -0.424901  0.00383973
         227   -0.374835    -0.42468  0.00382915
         228   -0.377207   -0.424472  0.00381801
         229    -0.37965   -0.424276  0.00380635
         230   -0.410676   -0.424217  0.00379026
         231   -0.436748   -0.424271  0.00377424
         232    -0.42678   -0.424282  0.00375799
         233    -0.41493   -0.424242  0.00374207
         234   -0.488862   -0.424518  0.00373626
         235   -0.568256    -0.42513  0.00377009
         236     -0.5281   -0.425566  0.00377928
         237   -0.503924   -0.425897  0.00377777
         238   -0.465892   -0.426065  0.00376563
         239    -0.37748   -0.425862  0.00375536
         240   -0.360016   -0.425587  0.00374972
         241   -0.420816   -0.425567  0.00373421
         242   -0.414453   -0.425521  0.00371906
         243   -0.347699   -0.425201  0.00371752
         244   -0.342188   -0.424861  0.00371782
         245    -0.37939   -0.424675  0.00370728
         246   -0.416783   -0.424643  0.00369234
         247   -0.428169   -0.424658  0.00367742
         248   -0.481262   -0.424886  0.00366967
         249   -0.369976   -0.424665  0.00366155
         250   -0.351512   -0.424373  0.00365858
         251   -0.318138   -0.423949   0.0036684
         252   -0.331116   -0.423581   0.0036723
         253   -0.365483   -0.423351  0.00366496
         254   -0.380811   -0.423184  0.00365435
         255   -0.372245   -0.422984  0.00364548
         256   -0.445198   -0.423071  0.00363227
         257   -0.426864   -0.423086  0.00361817
         258    -0.37618   -0.422904  0.00360871
         259   -0.367987   -0.422692    0.003601
         260   -0.315881   -0.422281   0.0036105
         261   -0.387257   -0.422147  0.00359916
         262   -0.428963   -0.422173  0.00358552
         263   -0.411556   -0.422133  0.00357211
         264   -0.428949   -0.422158  0.00355868
         265   -0.461614   -0.422307  0.00354836
         266   -0.440197   -0.422374  0.00353566
         267   -0.391966   -0.422261  0.00352425
         268   -0.461392   -0.422407  0.00351412
         269   -0.340489   -0.422102  0.00351423
         270   -0.432465    -0.42214  0.00350142
         271   -0.427168   -0.422159  0.00348855
         272   -0.400702    -0.42208  0.00347662
         273   -0.377621   -0.421917   0.0034677
         274   -0.405731   -0.421858  0.00345554
         275    -0.38489   -0.421724  0.00344559
         276   -0.372788   -0.421546  0.00343767
         277   -0.402645   -0.421478  0.00342593
         278    -0.35487   -0.421239  0.00342198
         279   -0.388012    -0.42112  0.00341178
         280   -0.361287   -0.420906  0.00340628
         281   -0.401634   -0.420837  0.00339485
         282   -0.389394   -0.420726  0.00338465
         283   -0.439977   -0.420794  0.00337337
         284   -0.290593   -0.420335   0.0033925
         285   -0.353911   -0.420102  0.00338859
         286   -0.337555   -0.419814  0.00338902
         287   -0.368506   -0.419635  0.00338192
         288   -0.357329   -0.419419  0.00337709
         289   -0.382542   -0.419291  0.00336781
         290   -0.372272   -0.419129   0.0033601
         291    -0.40173   -0.419069  0.00334909
         292   -0.420548   -0.419074  0.00333762
         293   -0.417226   -0.419068  0.00332623
         294   -0.430709   -0.419107  0.00331516
         295    -0.41608   -0.419097  0.00330393
         296   -0.420929   -0.419103  0.00329278
         297   -0.396426   -0.419027  0.00328258
         298   -0.386547   -0.418918  0.00327337
         299    -0.43947   -0.418987  0.00326314
         300   -0.463294   -0.419134  0.00325561
         301   -0.445548   -0.419222  0.00324597
         302    -0.38982   -0.419125  0.00323669
         303   -0.341806    -0.41887  0.00323605
         304   -0.398922   -0.418804  0.00322607
         305   -0.419079   -0.418805  0.00321549
         306   -0.403193   -0.418754  0.00320539
         307   -0.341366   -0.418502  0.00320484
         308    -0.37269   -0.418353  0.00319789
         309   -0.415469   -0.418344  0.00318755
         310   -0.421796   -0.418355  0.00317729
         311    -0.45075   -0.418459  0.00316878
         312   -0.502458   -0.418728  0.00317004
         313   -0.494356    -0.41897  0.00316911
         314   -0.521356   -0.419296  0.00317574
         315   -0.420508     -0.4193  0.00316566
         316   -0.301863   -0.418928  0.00317739
         317   -0.395672   -0.418855  0.00316821
         318   -0.358622   -0.418665   0.0031639
         319   -0.371172   -0.418516  0.00315749
         320     -0.3025   -0.418154  0.00316837
         321    -0.36293   -0.417982  0.00316316
         322   -0.331266   -0.417713  0.00316478
         323   -0.405063   -0.417673  0.00315523
         324   -0.401718   -0.417624  0.00314587
         325   -0.458112   -0.417749  0.00313866
         326   -0.476675    -0.41793  0.00313423
         327   -0.436788   -0.417987  0.00312518
         328     -0.4478   -0.418078  0.00311697
         329   -0.464355   -0.418219  0.00311067
         330   -0.413178   -0.418203  0.00310128
         331   -0.340676   -0.417969  0.00310074
         332   -0.433109   -0.418015  0.00309174
         333   -0.473648   -0.418182  0.00308696
         334   -0.437422    -0.41824  0.00307826
         335   -0.442156   -0.418311   0.0030699
         336   -0.477263   -0.418486  0.00306577
         337   -0.587599   -0.418988  0.00309747
         338   -0.496467   -0.419217  0.00309678
         339   -0.542426   -0.419581   0.0031089
         340   -0.455972   -0.419688  0.00310159
         341   -0.421845   -0.419694  0.00309251
         342   -0.438991   -0.419751  0.00308398
         343   -0.470341   -0.419898  0.00307851
         344   -0.390586   -0.419813  0.00307074
         345    -0.37794   -0.419692  0.00306424
         346   -0.452876   -0.419787  0.00305688
         347   -0.389162   -0.419699  0.00304935
         348   -0.379244   -0.419583   0.0030428
         349   -0.427009   -0.419604  0.00303416
         350   -0.462983   -0.419728  0.00302802
         351   -0.486052   -0.419917  0.00302528
         352   -0.476568   -0.420078  0.00302096
         353   -0.536986   -0.420409   0.0030305
         354   -0.504151   -0.420646  0.00303116
         355   -0.498585   -0.420865  0.00303056
         356   -0.475139   -0.421018  0.00302588
         357   -0.422047   -0.421021  0.00301741
         358   -0.398394   -0.420957  0.00300964
         359    -0.29141   -0.420597  0.00302282
         360   -0.365898   -0.420445  0.00301823
         361   -0.410976   -0.420418  0.00300999
         362   -0.422791   -0.420425  0.00300168
         363   -0.461814   -0.420539  0.00299558
         364   -0.425098   -0.420552  0.00298737
         365   -0.421919   -0.420555  0.00297919
         366   -0.363842     -0.4204  0.00297508
         367   -0.347965   -0.420203  0.00297351
         368   -0.326776   -0.419949  0.00297625
         369   -0.431878   -0.419981  0.00296836
         370   -0.381612   -0.419878  0.00296215
         371   -0.450042   -0.419959  0.00295528
         372   -0.376468   -0.419842  0.00294965
         373    -0.36244   -0.419688  0.00294575
         374   -0.397211   -0.419628  0.00293849
         375   -0.401009   -0.419578  0.00293107
         376   -0.465767   -0.419701  0.00292585
         377   -0.423277   -0.419711   0.0029181
         378    -0.46154   -0.419821  0.00291248
         379   -0.448946   -0.419898  0.00290581
         380   -0.454649    -0.41999   0.0028996
         381   -0.419875   -0.419989  0.00289199
         382   -0.429298   -0.420014  0.00288452
         383   -0.435464   -0.420054  0.00287727
         384   -0.361159   -0.419901  0.00287386
         385   -0.414537   -0.419887  0.00286643
         386   -0.365276   -0.419745   0.0028625
         387    -0.44055   -0.419799  0.00285561
         388   -0.423364   -0.419808  0.00284826
         389   -0.418643   -0.419805  0.00284094
         390   -0.381013   -0.419706   0.0028354
         391   -0.387498   -0.419623  0.00282934
         392   -0.360896   -0.419474  0.00282609
         393   -0.421271   -0.419478   0.0028189
         394   -0.399166   -0.419427  0.00281222
         395   -0.359963   -0.419276  0.00280912
         396   -0.343319   -0.419084  0.00280857
         397    -0.31928   -0.418833  0.00281272
         398   -0.409621    -0.41881  0.00280575
         399   -0.346415   -0.418628  0.00280458
         400   -0.365341   -0.418495  0.00280073
         401   -0.376104   -0.418389  0.00279574
         402   -0.367903   -0.418264  0.00279161
         403   -0.402902   -0.418226  0.00278494
         404   -0.381195   -0.418134  0.00277955
         405    -0.38264   -0.418046  0.00277407
         406   -0.371735   -0.417932  0.00276958
         407   -0.390725   -0.417865  0.00276359
         408   -0.447169   -0.417937  0.00275775
         409    -0.45388   -0.418025   0.0027524
         410   -0.443656   -0.418088   0.0027464
         411   -0.369628    -0.41797  0.00274225
         412   -0.366064   -0.417844  0.00273848
         413   -0.381589   -0.417756  0.00273326
         414   -0.395674   -0.417703  0.00272718
         415   -0.431882   -0.417737  0.00272082
         416   -0.349478   -0.417573  0.00271922
         417   -0.406803   -0.417547  0.00271282
         418   -0.313203   -0.417297   0.0027178
         419   -0.405013   -0.417268  0.00271147
         420   -0.420678   -0.417276  0.00270502
         421   -0.402382   -0.417241  0.00269883
         422   -0.363427   -0.417113  0.00269545
         423    -0.41433   -0.417107  0.00268908
         424      -0.401   -0.417069  0.00268301
         425   -0.321385   -0.416844  0.00268612
         426   -0.418496   -0.416847  0.00267982
         427   -0.396806     -0.4168  0.00267396
         428   -0.370998   -0.416693  0.00266985
         429   -0.326444   -0.416483   0.0026719
         430   -0.324608   -0.416269  0.00267422
         431   -0.342201   -0.416098  0.00267353
         432   -0.308127   -0.415848    0.002679
         433   -0.316562   -0.415618   0.0026826
         434   -0.371067   -0.415516  0.00267839
         435    -0.37796   -0.415429  0.00267362
         436   -0.384373   -0.415358  0.00266844
         437   -0.380572   -0.415279  0.00266352
         438   -0.418499   -0.415286  0.00265745
         439   -0.466495   -0.415403  0.00265395
         440   -0.528343   -0.415659   0.0026603
         441   -0.536522   -0.415933  0.00266835
         442   -0.458584    -0.41603  0.00266406
         443   -0.458028   -0.416125  0.00265973
         444   -0.511515   -0.416339   0.0026624
         445   -0.463293   -0.416445  0.00265851
         446   -0.452439   -0.416526  0.00265377
         447   -0.502178   -0.416717  0.00265475
         448   -0.462028   -0.416818  0.00265075
         449   -0.429662   -0.416847    0.002645
         450    -0.35424   -0.416708  0.00264278
         451   -0.372609    -0.41661  0.00263872
         452   -0.391386   -0.416554  0.00263348
         453   -0.415119   -0.416551  0.00262767
         454    -0.50705    -0.41675  0.00262943
         455   -0.510981   -0.416958  0.00263179
         456   -0.417137   -0.416958  0.00262602
         457    -0.45262   -0.417036  0.00262143
         458   -0.443338   -0.417093  0.00261634
         459   -0.432748   -0.417127  0.00261086
         460   -0.476079   -0.417256  0.00260833
         461   -0.426022   -0.417275  0.00260274
         462   -0.360804   -0.417152  0.00259997
         463   -0.425964   -0.417171  0.00259443
         464   -0.471307   -0.417288  0.00259146
         465   -0.496701   -0.417459  0.00259151
         466   -0.496135   -0.417628  0.00259144
         467   -0.442878   -0.417682  0.00258646
         468    -0.47708   -0.417809  0.00258404
         469   -0.491524   -0.417966  0.00258331
         470   -0.422769   -0.417976  0.00257783
         471   -0.413662   -0.417967  0.00257237
         472   -0.455512   -0.418047  0.00256815
         473   -0.412442   -0.418035  0.00256275
         474   -0.485727   -0.418177  0.00256132
         475   -0.403882   -0.418147  0.00255611
         476   -0.394053   -0.418097  0.00255124
         477   -0.428926   -0.418119  0.00254599
         478   -0.452356   -0.418191  0.00254167
         479   -0.442827   -0.418243  0.00253688
         480   -0.456363   -0.418322  0.00253284
         481   -0.437564   -0.418362  0.00252789
         482   -0.427413   -0.418381  0.00252272
         483   -0.424171   -0.418393  0.00251752
         484   -0.380009   -0.418313  0.00251357
         485   -0.384309   -0.418243  0.00250936
         486   -0.416982   -0.418241   0.0025042
         487   -0.428291   -0.418261  0.00249915
         488   -0.434063   -0.418294  0.00249423
         489   -0.477466   -0.418415  0.00249207
         490   -0.501073   -0.418583  0.00249268
         491   -0.391897   -0.418529   0.0024882
         492   -0.399234    -0.41849  0.00248345
         493   -0.402629   -0.418458  0.00247862
         494   -0.346461   -0.418312  0.00247789
         495   -0.323886   -0.418121  0.00248021
         496   -0.282699   -0.417848  0.00249019
         497   -0.321906   -0.417655  0.00249265
         498   -0.307013   -0.417433  0.00249753
         499   -0.354316   -0.417306  0.00249573
         500   -0.356786   -0.417185  0.00249367
         501   -0.399251    -0.41715  0.00248895
         502   -0.436953   -0.417189   0.0024843
         503   -0.450761   -0.417256  0.00248026
         504   -0.396639   -0.417215  0.00247568
         505   -0.450543   -0.417281  0.00247165
         506    -0.46939   -0.417384  0.00246891
         507   -0.424266   -0.417397  0.00246408
         508   -0.443055   -0.417448  0.00245975
         509   -0.453806   -0.417519  0.00245595
         510   -0.420329   -0.417525  0.00245114
         511   -0.467036   -0.417622  0.00244826
         512   -0.410629   -0.417608  0.00244352
         513   -0.365545   -0.417507  0.00244086
         514   -0.387384   -0.417448  0.00243682
         515   -0.436127   -0.417484  0.00243235
         516   -0.436752   -0.417522  0.00242793
         517   -0.385915   -0.417461    0.002424
         518   -0.458468    -0.41754  0.00242061
         519    -0.42973   -0.417563  0.00241606
         520    -0.41825   -0.417564  0.00241142
         521   -0.413593   -0.417557   0.0024068
         522   -0.405636   -0.417534   0.0024023
         523   -0.393023   -0.417487  0.00239816
         524   -0.411851   -0.417476  0.00239361
         525   -0.432816   -0.417506  0.00238923
         526   -0.360332   -0.417397  0.00238716
         527   -0.368794   -0.417305  0.00238441
         528   -0.443335   -0.417354   0.0023804
         529   -0.450333   -0.417416  0.00237672
         530   -0.482121   -0.417538  0.00237537
         531   -0.525025   -0.417741   0.0023795
         532   -0.483541   -0.417865  0.00237824
         533     -0.4388   -0.417904  0.00237411
         534   -0.424523   -0.417916  0.00236969
         535   -0.466421   -0.418007    0.002367
         536   -0.455294   -0.418076   0.0023636
         537   -0.434075   -0.418106  0.00235939
         538   -0.369658   -0.418016  0.00235672
         539   -0.462473   -0.418099  0.00235379
         540   -0.428409   -0.418118  0.00234951
         541   -0.461033   -0.418197  0.00234651
         542   -0.438944   -0.418235  0.00234249
         543   -0.441743   -0.418279  0.00233857
         544   -0.449143   -0.418335  0.00233496
         545   -0.445487   -0.418385  0.00233121
         546   -0.480128   -0.418498  0.00232968
         547   -0.500042   -0.418647  0.00233019
         548    -0.51157   -0.418817   0.0023321
         549   -0.450734   -0.418875  0.00232857
         550    -0.36851   -0.418783  0.00232614
         551   -0.332227   -0.418626  0.00232722
         552   -0.338048    -0.41848  0.00232757
         553   -0.383005   -0.418416  0.00232425
         554   -0.463209   -0.418497  0.00232146
         555   -0.415349   -0.418491  0.00231728
         556   -0.407289   -0.418471   0.0023132
         557   -0.381081   -0.418404  0.00231002
         558   -0.398921   -0.418369  0.00230615
         559   -0.456171   -0.418437  0.00230301
         560   -0.417047   -0.418434   0.0022989
         561   -0.449889    -0.41849  0.00229549
         562   -0.434566   -0.418519  0.00229158
         563   -0.398335   -0.418483  0.00228779
         564    -0.37252   -0.418402  0.00228519
         565   -0.393025   -0.418357  0.00228158
         566   -0.416824   -0.418354  0.00227756
         567   -0.394782   -0.418313  0.00227392
         568   -0.390883   -0.418264  0.00227043
         569   -0.399467   -0.418231  0.00226668
         570   -0.409985   -0.418217  0.00226275
         571   -0.401323   -0.418187  0.00225898
         572   -0.409333   -0.418172  0.00225508
         573   -0.371309    -0.41809  0.00225263
         574   -0.413239   -0.418081  0.00224872
         575   -0.384378   -0.418023  0.00224557
         576   -0.423753   -0.418033   0.0022417
         577   -0.471457   -0.418125  0.00223972
         578   -0.431312   -0.418148  0.00223596
         579   -0.473206   -0.418243  0.00223412
         580   -0.395114   -0.418203  0.00223063
         581    -0.42439   -0.418214  0.00222681
         582   -0.345334   -0.418089   0.0022265
         583   -0.380915   -0.418025   0.0022236
         584    -0.38891   -0.417975  0.00222035
         585    -0.42117   -0.417981  0.00221656
         586   -0.386683   -0.417927  0.00221342
         587   -0.425894   -0.417941  0.00220969
         588   -0.379896   -0.417876  0.00220688
         589   -0.359468   -0.417777  0.00220536
         590   -0.427023   -0.417793  0.00220168
         591   -0.365466   -0.417704  0.00219973
         592   -0.340201   -0.417573  0.00219991
         593   -0.357022   -0.417471  0.00219857
         594   -0.337409   -0.417336    0.002199
         595   -0.327527   -0.417185  0.00220047
         596   -0.371841   -0.417109   0.0021981
         597   -0.331191   -0.416965  0.00219912
         598    -0.33562   -0.416829  0.00219965
         599   -0.340872   -0.416702  0.00219963
         600   -0.408643   -0.416689    0.002196
         601   -0.457237   -0.416757  0.00219338
         602   -0.388392   -0.416709  0.00219025
         603   -0.397538   -0.416678  0.00218684
         604    -0.32028   -0.416518  0.00218904
         605   -0.373135   -0.416446   0.0021866
         606   -0.330245   -0.416304  0.00218761
         607   -0.390882   -0.416262  0.00218441
         608   -0.372639    -0.41619  0.00218199
         609   -0.378069   -0.416128  0.00217931
         610   -0.385436   -0.416078  0.00217631
         611   -0.368458      -0.416  0.00217415
         612   -0.366055   -0.415918  0.00217213
         613   -0.315893   -0.415755   0.0021747
         614    -0.31906   -0.415597  0.00217686
         615   -0.396849   -0.415567  0.00217353
         616   -0.365521   -0.415486  0.00217152
         617   -0.381609   -0.415431  0.00216869
         618   -0.493159   -0.415556  0.00216883
         619    -0.45655   -0.415623  0.00216634
         620   -0.446629   -0.415673  0.00216342
         621   -0.435482   -0.415705  0.00216017
         622    -0.39914   -0.415678  0.00215686
         623   -0.357348   -0.415584  0.00215543
         624   -0.465711   -0.415665  0.00215347
         625   -0.464713   -0.415743  0.00215146
         626    -0.48263    -0.41585  0.00215067
         627   -0.445791   -0.415898  0.00214777
         628   -0.379688    -0.41584  0.00214513
         629    -0.42216    -0.41585  0.00214174
         630   -0.469977   -0.415936  0.00214006
         631   -0.459264   -0.416005  0.00213777
         632   -0.445427   -0.416051   0.0021349
         633   -0.384938   -0.416002  0.00213209
         634   -0.354823   -0.415906  0.00213091
         635   -0.389681   -0.415864  0.00212795
         636   -0.361487   -0.415779  0.00212632
         637   -0.300128   -0.415597  0.00213072
         638   -0.343692   -0.415485  0.00213036
         639   -0.327537   -0.415347  0.00213147
         640   -0.324142   -0.415204   0.0021329
         641   -0.309212   -0.415039  0.00213597
         642   -0.397788   -0.415012  0.00213281
         643   -0.469142   -0.415096  0.00213116
         644    -0.44971    -0.41515  0.00212852
         645   -0.485461   -0.415259  0.00212801
         646   -0.459826   -0.415328  0.00212584
         647    -0.38651   -0.415284  0.00212302
         648   -0.436312   -0.415316  0.00211999
         649   -0.457871   -0.415382  0.00211774
         650   -0.407646    -0.41537  0.00211451
         651   -0.440459   -0.415408  0.00211162
         652   -0.423317    -0.41542  0.00210841
         653   -0.431862   -0.415446  0.00210533
         654   -0.445937   -0.415492  0.00210263
         655   -0.405266   -0.415477  0.00209948
         656   -0.330821   -0.415348  0.00210024
         657   -0.301367   -0.415174   0.0021042
         658   -0.361598   -0.415093  0.00210257
         659   -0.413105    -0.41509  0.00209938
         660   -0.430089   -0.415112  0.00209633
         661   -0.355457   -0.415022   0.0020951
         662   -0.431661   -0.415047  0.00209208
         663   -0.471546   -0.415132  0.00209066
         664   -0.546431    -0.41533  0.00209684
         665   -0.526644   -0.415498  0.00210036
         666    -0.47716    -0.41559  0.00209925
         667   -0.396235   -0.415561   0.0020963
         668    -0.38884   -0.415521  0.00209354
         669   -0.376764   -0.415463  0.00209122
         670   -0.421272   -0.415472  0.00208811
         671   -0.480194   -0.415568  0.00208723
         672   -0.500661   -0.415695  0.00208796
         673   -0.500858   -0.415821  0.00208869
         674   -0.517747   -0.415973  0.00209106
         675   -0.466816   -0.416048  0.00208932
         676   -0.482317   -0.416146  0.00208852
         677    -0.38838   -0.416105  0.00208584
         678   -0.336178   -0.415987  0.00208609
         679   -0.384019    -0.41594  0.00208355
         680   -0.389314   -0.415901  0.00208086
         681   -0.389683   -0.415862  0.00207816
         682   -0.479235   -0.415955  0.00207719
         683   -0.485794   -0.416058  0.00207666
         684   -0.478998    -0.41615  0.00207566
         685   -0.446781   -0.416194  0.00207311
         686   -0.422125   -0.416203  0.00207011
         687   -0.419175   -0.416207   0.0020671
         688   -0.415878   -0.416207   0.0020641
         689   -0.397997    -0.41618  0.00206127
         690   -0.366486   -0.416108  0.00205954
         691   -0.441993   -0.416146   0.0020569
         692   -0.431441   -0.416168  0.00205405
         693    -0.39898   -0.416143  0.00205123
         694   -0.401978   -0.416123  0.00204838
         695   -0.411008   -0.416115  0.00204544
         696   -0.407452   -0.416103  0.00204254
         697   -0.440824   -0.416138  0.00203992
         698   -0.412945   -0.416134    0.002037
         699   -0.451313   -0.416184  0.00203471
         700   -0.404272   -0.416167  0.00203187
         701   -0.406521   -0.416153  0.00202902
         702   -0.373725   -0.416093  0.00202703
         703   -0.377075   -0.416037  0.00202491
         704   -0.360781   -0.415959  0.00202355
         705   -0.370225   -0.415894  0.00202172
         706   -0.352908   -0.415805  0.00202083
         707   -0.444005   -0.415845  0.00201836
         708   -0.436435   -0.415874  0.00201572
         709   -0.395187   -0.415845  0.00201309
         710    -0.44919   -0.415892   0.0020108
         711    -0.50254   -0.416013  0.00201166
         712   -0.498746    -0.41613  0.00201219
         713   -0.481309   -0.416221  0.00201144
         714   -0.466268   -0.416291  0.00200985
         715   -0.374144   -0.416232   0.0020079
         716   -0.330835   -0.416113  0.00200863
         717   -0.318067   -0.415976  0.00201048
         718   -0.441918   -0.416012  0.00200801
         719   -0.492063   -0.416118    0.002008
         720   -0.453998   -0.416171   0.0020059
         721   -0.445094   -0.416211  0.00200352
         722    -0.44705   -0.416254   0.0020012
         723   -0.464771   -0.416321  0.00199955
         724   -0.472812   -0.416399  0.00199831
         725    -0.39793   -0.416373  0.00199572
         726    -0.33443    -0.41626  0.00199616
         727   -0.378275   -0.416208   0.0019941
         728    -0.40019   -0.416186  0.00199148
         729   -0.432858   -0.416209  0.00198888
         730   -0.416897    -0.41621  0.00198616
         731   -0.461688   -0.416272  0.00198441
         732   -0.424329   -0.416283  0.00198173
         733   -0.377944   -0.416231  0.00197972
         734   -0.332539   -0.416117   0.0019803
         735   -0.392403   -0.416085  0.00197787
         736   -0.364721   -0.416015  0.00197641
         737   -0.366983   -0.415948  0.00197485
         738   -0.417272    -0.41595  0.00197218
         739   -0.380136   -0.415902   0.0019701
         740   -0.375475   -0.415847   0.0019682
         741   -0.371236   -0.415787  0.00196646
         742    -0.38331   -0.415743   0.0019643
         743   -0.417916   -0.415746  0.00196166
         744   -0.411476    -0.41574  0.00195903
         745   -0.420914   -0.415747  0.00195641
         746   -0.503824   -0.415865  0.00195735
         747   -0.445672   -0.415905  0.00195514
         748   -0.395809   -0.415878  0.00195271
         749   -0.370256   -0.415817  0.00195105
         750   -0.302131   -0.415666  0.00195433
         751    -0.41722   -0.415668  0.00195173
         752   -0.363657   -0.415599  0.00195036
         753   -0.347904   -0.415509  0.00194984
         754   -0.338176   -0.415406  0.00194995
         755   -0.371017   -0.415347  0.00194825
         756   -0.386707   -0.415309  0.00194604
         757   -0.415534    -0.41531  0.00194347
         758   -0.395619   -0.415284  0.00194108
         759   -0.415506   -0.415284  0.00193852
         760   -0.369881   -0.415224  0.00193689
         761   -0.333768   -0.415117   0.0019373
         762   -0.422614   -0.415127  0.00193479
         763   -0.463184    -0.41519  0.00193327
         764   -0.447467   -0.415232  0.00193121
         765   -0.400049   -0.415213  0.00192878
         766   -0.388764   -0.415178  0.00192657
         767   -0.368771   -0.415117  0.00192501
         768   -0.402432   -0.415101  0.00192258
         769   -0.381292   -0.415057  0.00192058
         770   -0.410262   -0.415051  0.00191809
         771   -0.370553   -0.414993  0.00191648
         772   -0.414277   -0.414992  0.00191399
         773   -0.431058   -0.415013  0.00191163
         774    -0.36298   -0.414946  0.00191034
         775   -0.375376   -0.414895  0.00190856
         776   -0.399396   -0.414875   0.0019062
         777   -0.403147    -0.41486  0.00190381
         778   -0.385898   -0.414822  0.00190173
         779   -0.357918   -0.414749  0.00190069
         780   -0.401101   -0.414732  0.00189833
         781   -0.405332    -0.41472  0.00189594
         782    -0.42658   -0.414735  0.00189358
         783   -0.489276    -0.41483  0.00189355
         784   -0.472736   -0.414904  0.00189257
         785   -0.429708   -0.414923  0.00189026
         786   -0.433938   -0.414947  0.00188801
         787   -0.415104   -0.414947  0.00188561
         788   -0.367776   -0.414887  0.00188416
         789   -0.357959   -0.414815  0.00188316
         790   -0.380587   -0.414772  0.00188127
         791   -0.378088   -0.414726  0.00187947
         792    -0.37627   -0.414677  0.00187772
         793   -0.355594   -0.414602  0.00187683
         794    -0.38521   -0.414565  0.00187483
         795    -0.35734   -0.414493  0.00187385
         796   -0.359804   -0.414425  0.00187276
         797   -0.315347     -0.4143  0.00187453
         798   -0.408975   -0.414294  0.00187219
         799   -0.418557   -0.414299  0.00186986
         800   -0.446799    -0.41434  0.00186796
         801   -0.434609   -0.414365   0.0018658
         802   -0.380232   -0.414322  0.00186396
         803   -0.374556   -0.414273   0.0018623
         804   -0.387745    -0.41424  0.00186027
         805   -0.358504   -0.414171  0.00185925
         806   -0.364661   -0.414109  0.00185796
         807   -0.383932   -0.414072  0.00185603
         808   -0.345485   -0.413987  0.00185567
         809   -0.360928   -0.413921  0.00185454
         810   -0.395218   -0.413898  0.00185239
         811   -0.357955   -0.413829  0.00185139
         812   -0.384868   -0.413794  0.00184946
         813   -0.324946   -0.413684  0.00185041
         814   -0.294196   -0.413538  0.00185395
         815   -0.327841   -0.413432  0.00185465
         816   -0.378352   -0.413389  0.00185288
         817   -0.396024   -0.413368  0.00185073
         818   -0.399604   -0.413351  0.00184855
         819   -0.385992   -0.413318  0.00184659
         820   -0.337609   -0.413226  0.00184665
         821   -0.372304   -0.413176  0.00184507
         822   -0.399376   -0.413159   0.0018429
         823    -0.30833   -0.413032  0.00184506
         824    -0.35895   -0.412966  0.00184399
         825   -0.388296   -0.412936  0.00184199
         826   -0.392434   -0.412911  0.00183993
         827   -0.387297    -0.41288  0.00183797
         828    -0.40057   -0.412865  0.00183581
         829   -0.437728   -0.412895  0.00183384
         830   -0.471709   -0.412966    0.001833
         831   -0.460538   -0.413024  0.00183168
         832   -0.361205   -0.412961  0.00183054
         833   -0.452302   -0.413008  0.00182895
         834   -0.459349   -0.413064   0.0018276
         835   -0.452772   -0.413112  0.00182603
         836   -0.557142   -0.413284  0.00183196
         837   -0.433802   -0.413308  0.00182993
         838   -0.415588   -0.413311  0.00182775
         839   -0.410776   -0.413308  0.00182558
         840   -0.400649   -0.413293  0.00182346
         841    -0.37954   -0.413253  0.00182174
         842   -0.411319   -0.413251  0.00181958
         843    -0.37678   -0.413207  0.00181793
         844   -0.335389   -0.413115  0.00181811
         845   -0.301789   -0.412983  0.00182073
         846   -0.289059   -0.412837  0.00182446
         847   -0.349033   -0.412762  0.00182386
         848   -0.364956   -0.412705  0.00182258
         849   -0.398571   -0.412689  0.00182051
         850   -0.393371   -0.412666  0.00181851
         851   -0.389619   -0.412639  0.00181658
         852   -0.426126   -0.412655  0.00181451
         853   -0.417628    -0.41266  0.00181239
         854    -0.45976   -0.412716  0.00181111
         855   -0.505205   -0.412824  0.00181222
         856   -0.545459   -0.412979  0.00181672
         857    -0.57333   -0.413166  0.00182421
         858   -0.458914   -0.413219  0.00182286
         859   -0.473884    -0.41329   0.0018221
         860   -0.448923   -0.413331  0.00182046
         861   -0.433743   -0.413355   0.0018185
         862   -0.419847   -0.413362   0.0018164
         863   -0.321246   -0.413256  0.00181743
         864   -0.374915   -0.413211  0.00181587
         865   -0.379176   -0.413172   0.0018142
         866    -0.50135   -0.413274  0.00181496
         867   -0.444436    -0.41331  0.00181322
         868   -0.403615   -0.413299  0.00181116
         869   -0.429018   -0.413317  0.00180917
         870   -0.527666   -0.413448  0.00181186
         871   -0.464896   -0.413507  0.00181074
         872   -0.387961   -0.413478   0.0018089
         873   -0.363596   -0.413421  0.00180773
         874   -0.396657   -0.413402  0.00180577
         875   -0.375985   -0.413359  0.00180421
         876   -0.406193   -0.413351  0.00180217
         877   -0.364714   -0.413295  0.00180097
         878   -0.419468   -0.413302  0.00179893
         879    -0.43701   -0.413329  0.00179708
         880    -0.39415   -0.413307  0.00179517
         881   -0.435022   -0.413332   0.0017933
         882   -0.450504   -0.413374  0.00179177
         883   -0.460668   -0.413428  0.00179054
         884   -0.468619    -0.41349   0.0017896
         885   -0.520431   -0.413611  0.00179165
         886   -0.445845   -0.413647     0.00179
         887   -0.397874    -0.41363  0.00178807
         888   -0.483299   -0.413708  0.00178778
         889   -0.452072   -0.413751  0.00178629
         890   -0.465479   -0.413809  0.00178523
         891   -0.449572   -0.413849  0.00178367
         892   -0.428304   -0.413866  0.00178175
         893   -0.461932   -0.413919  0.00178056
         894   -0.451686   -0.413962  0.00177907
         895   -0.460575   -0.414014  0.00177785
         896    -0.45826   -0.414063  0.00177655
         897   -0.337287   -0.413978  0.00177663
         898   -0.396816   -0.413958  0.00177475
         899   -0.352249    -0.41389  0.00177411
         900   -0.386156   -0.413859   0.0017724
         901   -0.334894   -0.413771   0.0017726
         902   -0.389702   -0.413745  0.00177084
         903   -0.410276   -0.413741  0.00176888
         904   -0.356907   -0.413678  0.00176804
         905   -0.363095   -0.413622  0.00176697
         906   -0.357011    -0.41356  0.00176612
         907   -0.354208   -0.413494  0.00176539
         908   -0.371755   -0.413448  0.00176404
         909   -0.416954   -0.413452  0.00176211
         910   -0.454413   -0.413497  0.00176075
         911    -0.45007   -0.413537  0.00175927
         912   -0.454987   -0.413583  0.00175793
         913   -0.414745   -0.413584    0.001756
         914   -0.444005   -0.413617   0.0017544
         915   -0.437599   -0.413643  0.00175268
         916   -0.449747   -0.413683  0.00175121
         917   -0.461142   -0.413735  0.00175006
         918   -0.444535   -0.413768  0.00174848
         919    -0.40407   -0.413758  0.00174661
         920   -0.435719   -0.413781  0.00174487
         921   -0.385586   -0.413751  0.00174324
         922   -0.404495   -0.413741  0.00174138
         923   -0.386137   -0.413711  0.00173975
         924   -0.325365   -0.413615  0.00174049
         925   -0.393871   -0.413594  0.00173874
         926   -0.367962   -0.413545  0.00173756
         927   -0.386589   -0.413516  0.00173593
         928   -0.328333   -0.413424  0.00173649
         929   -0.364618   -0.413371  0.00173541
         930   -0.320816   -0.413272   0.0017364
         931   -0.380312   -0.413236  0.00173489
         932   -0.367052   -0.413187  0.00173374
         933   -0.406066   -0.413179   0.0017319
         934   -0.444793   -0.413213  0.00173038
         935   -0.444401   -0.413246  0.00172885
         936   -0.368215   -0.413198  0.00172767
         937   -0.373975   -0.413156  0.00172633
         938   -0.359107   -0.413099  0.00172545
         939   -0.396385   -0.413081  0.00172371
         940   -0.382137   -0.413048  0.00172219
         941   -0.364099   -0.412996  0.00172114
         942   -0.341486    -0.41292  0.00172099
         943   -0.330727   -0.412833  0.00172137
         944   -0.362354   -0.412779  0.00172038
         945   -0.404857   -0.412771  0.00171858
         946   -0.408071   -0.412766  0.00171677
         947   -0.451371   -0.412807  0.00171544
         948   -0.459699   -0.412856  0.00171434
         949   -0.470462   -0.412917  0.00171361
         950   -0.539053    -0.41305  0.00171694
         951   -0.457376   -0.413096  0.00171577
         952   -0.529862   -0.413219  0.00171834
         953   -0.508734   -0.413319  0.00171946
         954   -0.481124    -0.41339  0.00171913
         955   -0.412866    -0.41339  0.00171733
         956   -0.354539   -0.413328  0.00171663
         957    -0.37928   -0.413293  0.00171521
         958   -0.455046   -0.413336  0.00171397
         959   -0.399614   -0.413322  0.00171225
         960    -0.38028   -0.413288  0.00171081
         961   -0.372977   -0.413246  0.00170954
         962   -0.325452   -0.413154   0.0017102
         963   -0.415083   -0.413156  0.00170842
         964   -0.441422   -0.413186   0.0017069
         965   -0.379284   -0.413151   0.0017055
         966   -0.405236   -0.413142  0.00170375
         967   -0.398955   -0.413128  0.00170205
         968   -0.371152   -0.413084  0.00170085
         969   -0.305952   -0.412974  0.00170268
         970    -0.38301   -0.412943   0.0017012
         971   -0.317892   -0.412845  0.00170227
         972   -0.391861   -0.412823  0.00170065
         973   -0.389604     -0.4128  0.00169907
         974   -0.288499   -0.412672  0.00170211
         975   -0.309568   -0.412566  0.00170365
         976   -0.389665   -0.412543  0.00170207
         977   -0.414231   -0.412544  0.00170032
         978   -0.380279   -0.412511  0.00169891
         979   -0.391432    -0.41249  0.00169731
         980    -0.41109   -0.412488  0.00169558
         981   -0.374867    -0.41245  0.00169428
         982   -0.396791   -0.412434  0.00169263
         983   -0.389224   -0.412411  0.00169107
         984   -0.421825    -0.41242  0.00168938
         985   -0.471122    -0.41248  0.00168872
         986   -0.446732   -0.412514  0.00168736
         987   -0.358417    -0.41246  0.00168654
         988   -0.413867   -0.412461  0.00168484
         989   -0.448182   -0.412497  0.00168352
         990   -0.479397   -0.412565  0.00168317
         991   -0.494216   -0.412647  0.00168349
         992   -0.412602   -0.412647  0.00168179
         993   -0.462231   -0.412697  0.00168084
         994   -0.391128   -0.412675  0.00167929
         995     -0.4018   -0.412664  0.00167764
         996   -0.378504    -0.41263   0.0016763
         997   -0.351636   -0.412569  0.00167574
         998    -0.39394    -0.41255  0.00167416
         999   -0.387109   -0.412525  0.00167268
        1000   -0.410874   -0.412523  0.00167101
        1001   -0.404807   -0.412515  0.00166936
        1002    -0.40831   -0.412511   0.0016677
        1003   -0.428478   -0.412527  0.00166611
        1004   -0.412503   -0.412527  0.00166445
        1005   -0.396418   -0.412511  0.00166287
        1006   -0.383833   -0.412483  0.00166146
        1007   -0.407553   -0.412478  0.00165982
        1008   -0.395496   -0.412461  0.00165826
        1009   -0.459973   -0.412508  0.00165729
        1010   -0.427387   -0.412523  0.00165571
        1011   -0.498746   -0.412608  0.00165627
        1012   -0.442897   -0.412638   0.0016549
        1013   -0.469619   -0.412694  0.00165422
        1014   -0.478888   -0.412759  0.00165388
        1015   -0.498524   -0.412844  0.00165441
        1016   -0.459459    -0.41289  0.00165341
        1017   -0.417003   -0.412894  0.00165179
        1018   -0.431886   -0.412913  0.00165028
        1019   -0.445966   -0.412945  0.00164898
        1020   -0.433508   -0.412965  0.00164748
        1021   -0.444604   -0.412996  0.00164616
        1022   -0.474293   -0.413056  0.00164564
        1023   -0.441083   -0.413083  0.00164426
        1024   -0.438014   -0.413108  0.00164284
        1025   -0.391664   -0.413087  0.00164137
        1026   -0.377633   -0.413052  0.00164013
        1027    -0.30682   -0.412949  0.00164179
        1028   -0.303114   -0.412842  0.00164367
        1029   -0.339528   -0.412771  0.00164361
        1030   -0.365876   -0.412725  0.00164265
        1031   -0.377542   -0.412691  0.00164141
        1032   -0.385795   -0.412665  0.00164003
        1033   -0.389334   -0.412643  0.00163859
        1034   -0.385693   -0.412616  0.00163722
        1035   -0.395017   -0.412599  0.00163572
        1036   -0.439399   -0.412625  0.00163435
        1037   -0.480978   -0.412691   0.0016341
        1038   -0.518543   -0.412793  0.00163571
        1039   -0.521476   -0.412898  0.00163747
        1040   -0.576738   -0.413055  0.00164346
        1041   -0.499253   -0.413138  0.00164396
        1042   -0.515971   -0.413237  0.00164535
        1043   -0.520861    -0.41334    0.001647
        1044   -0.513116   -0.413436  0.00164819
        1045   -0.475338   -0.413495  0.00164768
        1046   -0.420524   -0.413502  0.00164612
        1047   -0.532346   -0.413615  0.00164846
        1048   -0.526233   -0.413723  0.00165038
        1049   -0.523641   -0.413827  0.00165213
        1050   -0.553716   -0.413961  0.00165592
        1051   -0.525719   -0.414067  0.00165776
        1052   -0.559561   -0.414205  0.00166194
        1053   -0.542934   -0.414327  0.00166485
        1054   -0.500887    -0.41441   0.0016653
        1055    -0.54885   -0.414537  0.00166859
        1056   -0.503164   -0.414621  0.00166912
        1057   -0.481525   -0.414684  0.00166874
        1058   -0.530685   -0.414794  0.00167076
        1059   -0.486243   -0.414861  0.00167054
        1060   -0.524494   -0.414965  0.00167216
        1061   -0.489875   -0.415035  0.00167208
        1062   -0.442113   -0.415061   0.0016707
        1063   -0.400273   -0.415047  0.00166918
        1064   -0.447289   -0.415077  0.00166789
        1065   -0.461605   -0.415121   0.0016669
        1066   -0.354191   -0.415064  0.00166631
        1067   -0.467018   -0.415112  0.00166546
        1068   -0.437616   -0.415134  0.00166404
        1069   -0.466309   -0.415181  0.00166317
        1070   -0.449248   -0.415213  0.00166192
        1071   -0.418284   -0.415216  0.00166037
        1072   -0.480645   -0.415277  0.00165994
        1073   -0.379696   -0.415244  0.00165873
        1074   -0.330118   -0.415165  0.00165907
        1075   -0.333172   -0.415088  0.00165928
        1076   -0.360546   -0.415038  0.00165851
        1077   -0.359858   -0.414987  0.00165777
        1078   -0.375666    -0.41495  0.00165663
        1079   -0.433823   -0.414968  0.00165519
        1080   -0.471831    -0.41502  0.00165449
        1081   -0.406321   -0.415012  0.00165298
        1082   -0.461057   -0.415055    0.001652
        1083   -0.469784   -0.415105  0.00165125
        1084   -0.488768   -0.415173  0.00165112
        1085   -0.489428   -0.415242  0.00165102
        1086   -0.509549   -0.415328  0.00165178
        1087   -0.475035   -0.415383  0.00165117
        1088   -0.482154   -0.415445   0.0016508
        1089   -0.531405   -0.415551  0.00165271
        1090   -0.474097   -0.415605  0.00165207
        1091   -0.495801   -0.415678  0.00165219
        1092   -0.432201   -0.415694  0.00165074
        1093   -0.408816   -0.415687  0.00164924
        1094   -0.390703   -0.415664   0.0016479
        1095   -0.330259   -0.415586  0.00164824
        1096   -0.386833    -0.41556  0.00164694
        1097   -0.415099    -0.41556  0.00164544
        1098   -0.421329   -0.415565  0.00164395
        1099   -0.405741   -0.415556  0.00164248
        1100   -0.402931   -0.415545  0.00164102
        1101   -0.374955   -0.415508  0.00163995
        1102   -0.383381   -0.415479  0.00163872
        1103   -0.353083   -0.415422  0.00163821
        1104   -0.370544   -0.415381  0.00163723
        1105   -0.306548   -0.415283  0.00163871
        1106   -0.400841    -0.41527  0.00163728
        1107   -0.408338   -0.415264  0.00163581
        1108   -0.440458   -0.415286  0.00163449
        1109   -0.393348   -0.415267  0.00163314
        1110   -0.516629   -0.415358  0.00163422
        1111   -0.505505   -0.415439  0.00163476
        1112   -0.471397   -0.415489  0.00163406
        1113   -0.449538    -0.41552  0.00163288
        1114   -0.403364   -0.415509  0.00163145
        1115    -0.44789   -0.415538  0.00163025
        1116   -0.455057   -0.415573  0.00162917
        1117   -0.433136   -0.415589  0.00162779
        1118   -0.372732   -0.415551  0.00162678
        1119    -0.34864   -0.415491  0.00162643
        1120   -0.400208   -0.415477  0.00162503
        1121   -0.410174   -0.415473  0.00162359
        1122   -0.347641   -0.415412  0.00162327
        1123    -0.34559    -0.41535  0.00162301
        1124   -0.384094   -0.415322  0.00162181
        1125   -0.392717   -0.415302  0.00162049
        1126   -0.397124   -0.415286  0.00161913
        1127    -0.43474   -0.415303  0.00161779
        1128   -0.415453   -0.415303  0.00161635
        1129    -0.41959   -0.415307  0.00161493
        1130   -0.394297   -0.415289  0.00161361
        1131   -0.431909   -0.415303  0.00161225
        1132   -0.410954   -0.415299  0.00161083
        1133   -0.440402   -0.415322  0.00160956
        1134   -0.403481   -0.415311  0.00160817
        1135   -0.408322   -0.415305  0.00160677
        1136   -0.421125    -0.41531  0.00160536
        1137   -0.411414   -0.415307  0.00160395
        1138   -0.351561   -0.415251  0.00160352
        1139   -0.357012     -0.4152  0.00160293
        1140   -0.314029   -0.415111  0.00160398
        1141   -0.378731   -0.415079  0.00160289
        1142   -0.380103   -0.415048  0.00160178
        1143    -0.38866   -0.415025  0.00160054
        1144   -0.310142   -0.414934  0.00160177
        1145   -0.466659   -0.414979    0.001601
        1146   -0.461319   -0.415019  0.00160012
        1147   -0.521121   -0.415112  0.00160139
        1148   -0.455804   -0.415147  0.00160039
        1149   -0.426468   -0.415157  0.00159903
        1150   -0.442665   -0.415181  0.00159782
        1151   -0.390984    -0.41516  0.00159657
        1152   -0.446917   -0.415187  0.00159542
        1153   -0.442535   -0.415211  0.00159421
        1154   -0.395952   -0.415194  0.00159292
        1155   -0.340917    -0.41513  0.00159284
        1156   -0.372804   -0.415094  0.00159188
        1157   -0.401275   -0.415082  0.00159055
        1158   -0.353487   -0.415028  0.00159006
        1159    -0.37545   -0.414994  0.00158906
        1160   -0.402389   -0.414983  0.00158773
        1161   -0.458813   -0.415021  0.00158681
        1162   -0.406237   -0.415014  0.00158546
        1163   -0.380591   -0.414984  0.00158437
        1164   -0.428695   -0.414996  0.00158305
        1165   -0.384174   -0.414969  0.00158192
        1166   -0.428548   -0.414981   0.0015806
        1167   -0.410028   -0.414977  0.00157925
        1168   -0.368113   -0.414937  0.00157841
        1169    -0.42013   -0.414941  0.00157707
        1170   -0.390216    -0.41492  0.00157586
        1171   -0.377548   -0.414888  0.00157484
        1172   -0.345063   -0.414828  0.00157462
        1173   -0.360146   -0.414782  0.00157397
        1174    -0.35775   -0.414733  0.00157338
        1175   -0.429293   -0.414746  0.00157209
        1176   -0.409706   -0.414741  0.00157076
        1177   -0.473069   -0.414791   0.0015702
        1178   -0.452907   -0.414823   0.0015692
        1179   -0.422774    -0.41483  0.00156789
        1180   -0.448105   -0.414858  0.00156681
        1181   -0.464317     -0.4149  0.00156605
        1182   -0.367926    -0.41486  0.00156522
        1183   -0.342389   -0.414799   0.0015651
        1184   -0.466009   -0.414842  0.00156438
        1185   -0.485584   -0.414902  0.00156419
        1186   -0.409606   -0.414898  0.00156288
        1187   -0.431154   -0.414911  0.00156162
        1188   -0.411199   -0.414908  0.00156031
        1189   -0.427011   -0.414918  0.00155903
        1190   -0.457003   -0.414954  0.00155813
        1191   -0.438478   -0.414973  0.00155694
        1192   -0.407751   -0.414967  0.00155565
        1193   -0.424994   -0.414976  0.00155437
        1194   -0.491235    -0.41504  0.00155438
        1195   -0.407213   -0.415033  0.00155309
        1196   -0.375974      -0.415  0.00155213
        1197   -0.364317   -0.414958  0.00155141
        1198   -0.509925   -0.415037  0.00155214
        1199   -0.475452   -0.415088  0.00155167
        1200   -0.406215    -0.41508  0.00155039
        1201   -0.469278   -0.415125  0.00154976
        1202   -0.496759   -0.415193  0.00154996
        1203   -0.449322   -0.415222  0.00154893
        1204   -0.487508   -0.415282   0.0015488
        1205    -0.46094    -0.41532  0.00154798
        1206   -0.414591   -0.415319   0.0015467
        1207   -0.450914   -0.415349   0.0015457
        1208    -0.52139   -0.415436  0.00154691
        1209   -0.531021   -0.415532  0.00154858
        1210    -0.42126   -0.415537  0.00154731
        1211   -0.373016   -0.415502  0.00154643
        1212     -0.4704   -0.415547  0.00154582
        1213     -0.4875   -0.415606  0.00154568
        1214   -0.470926   -0.415652  0.00154508
        1215   -0.476841   -0.415702  0.00154463
        1216   -0.485654    -0.41576  0.00154443
        1217   -0.418716   -0.415762  0.00154316
        1218   -0.376395    -0.41573  0.00154223
        1219   -0.376655   -0.415698   0.0015413
        1220   -0.403682   -0.415688  0.00154007
        1221   -0.382216    -0.41566  0.00153905
        1222   -0.336104   -0.415595  0.00153917
        1223   -0.411627   -0.415592  0.00153791
        1224   -0.398557   -0.415578  0.00153672
        1225   -0.436497   -0.415595  0.00153556
        1226   -0.410078   -0.415591  0.00153431
        1227    -0.42255   -0.415596  0.00153307
        1228    -0.38562   -0.415572  0.00153202
        1229   -0.431257   -0.415585  0.00153083
        1230   -0.373965   -0.415551  0.00152995
        1231   -0.379784   -0.415522  0.00152899
        1232   -0.396415   -0.415506  0.00152783
        1233    -0.35448   -0.415457  0.00152739
        1234   -0.409486   -0.415452  0.00152616
        1235   -0.411186   -0.415449  0.00152493
        1236   -0.433925   -0.415463  0.00152377
        1237   -0.356206   -0.415416  0.00152329
        1238   -0.371398    -0.41538  0.00152247
        1239   -0.412322   -0.415378  0.00152124
        1240   -0.458437   -0.415412  0.00152041
        1241   -0.418303   -0.415415  0.00151919
        1242   -0.485468   -0.415471  0.00151901
        1243   -0.469391   -0.415514  0.00151841
        1244   -0.481563   -0.415567  0.00151812
        1245   -0.450152   -0.415595  0.00151715
        1246    -0.35828   -0.415549  0.00151663
        1247    -0.40742   -0.415543  0.00151543
        1248   -0.373916   -0.415509  0.00151458
        1249   -0.409167   -0.415504  0.00151338
        1250   -0.384479    -0.41548  0.00151237
        1251   -0.320679   -0.415404  0.00151306
        1252   -0.379649   -0.415375  0.00151212
        1253   -0.437101   -0.415393  0.00151101
        1254   -0.431355   -0.415405  0.00150986
        1255   -0.411387   -0.415402  0.00150866
        1256   -0.454448   -0.415433  0.00150778
        1257   -0.418376   -0.415435  0.00150658
        1258   -0.346969   -0.415381  0.00150637
        1259   -0.396871   -0.415366  0.00150524
        1260   -0.383159   -0.415341  0.00150427
        1261   -0.405685   -0.415333  0.00150309
        1262   -0.408448   -0.415328  0.00150191
        1263    -0.43423   -0.415343   0.0015008
        1264   -0.439419   -0.415362  0.00149973
        1265   -0.461746   -0.415398  0.00149899
        1266   -0.403951   -0.415389  0.00149784
        1267   -0.392519   -0.415371  0.00149676
        1268   -0.381048   -0.415344  0.00149583
        1269   -0.444952   -0.415368  0.00149483
        1270   -0.431407    -0.41538  0.00149371
        1271   -0.410345   -0.415376  0.00149254
        1272   -0.299229   -0.415285  0.00149415
        1273   -0.304537   -0.415198  0.00149551
        1274    -0.37745   -0.415168  0.00149463
        1275   -0.405973   -0.415161  0.00149348
        1276   -0.447885   -0.415187  0.00149253
        1277   -0.428284   -0.415197  0.00149139
        1278   -0.426795   -0.415206  0.00149025
        1279    -0.38865   -0.415185  0.00148923
        1280   -0.417765   -0.415187  0.00148807
        1281   -0.397826   -0.415174  0.00148697
        1282   -0.368914   -0.415138  0.00148625
        1283   -0.382882   -0.415112   0.0014853
        1284   -0.429457   -0.415124  0.00148419
        1285   -0.395938   -0.415109  0.00148311
        1286   -0.443893   -0.415131  0.00148212
        1287   -0.361865    -0.41509  0.00148155
        1288   -0.369486   -0.415054  0.00148082
        1289   -0.367591   -0.415017  0.00148013
        1290   -0.352665   -0.414969  0.00147977
        1291   -0.357272   -0.414924   0.0014793
        1292    -0.39598    -0.41491  0.00147823
        1293   -0.426463   -0.414919  0.00147711
        1294   -0.370754   -0.414885  0.00147637
        1295   -0.318448    -0.41481   0.0014771
        1296   -0.402492   -0.414801  0.00147599
        1297   -0.373263   -0.414769   0.0014752
        1298   -0.402311   -0.414759   0.0014741
        1299   -0.305887   -0.414675  0.00147534
        1300   -0.365749   -0.414638  0.00147469
        1301   -0.379376    -0.41461   0.0014738
        1302    -0.41257   -0.414609  0.00147267
        1303   -0.341037   -0.414552  0.00147262
        1304   -0.324256   -0.414483  0.00147312
        1305   -0.413156   -0.414482  0.00147199
        1306   -0.394349   -0.414467  0.00147095
        1307   -0.340663    -0.41441  0.00147091
        1308   -0.329403   -0.414345  0.00147122
        1309   -0.341095   -0.414289  0.00147116
        1310   -0.438096   -0.414308  0.00147015
        1311   -0.400979   -0.414297  0.00146906
        1312   -0.478339   -0.414346  0.00146875
        1313   -0.494112   -0.414407  0.00146889
        1314   -0.436391   -0.414424  0.00146786
        1315   -0.469621   -0.414466  0.00146735
        1316   -0.487774   -0.414521  0.00146729
        1317   -0.488993   -0.414578  0.00146727
        1318   -0.441892   -0.414599   0.0014663
        1319   -0.448742   -0.414624  0.00146542
        1320   -0.409822   -0.414621  0.00146431
        1321   -0.385566   -0.414599  0.00146337
        1322   -0.460014   -0.414633  0.00146266
        1323    -0.46848   -0.414674  0.00146212
        1324   -0.446561   -0.414698  0.00146122
        1325   -0.443581    -0.41472  0.00146028
        1326   -0.512749   -0.414794  0.00146105
        1327    -0.44302   -0.414815   0.0014601
        1328   -0.506658   -0.414884  0.00146064
        1329   -0.421522   -0.414889  0.00145955
        1330   -0.337447   -0.414831  0.00145961
        1331   -0.291795   -0.414738  0.00146144
        1332   -0.353156   -0.414692  0.00146107
        1333   -0.405587   -0.414685  0.00145999
        1334   -0.425206   -0.414693  0.00145892
        1335   -0.377094   -0.414665   0.0014581
        1336   -0.427334   -0.414675  0.00145704
        1337   -0.405044   -0.414667  0.00145597
        1338   -0.464435   -0.414705  0.00145535
        1339   -0.388944   -0.414685  0.00145439
        1340   -0.415922   -0.414686  0.00145331
        1341   -0.408772   -0.414682  0.00145223
        1342   -0.513096   -0.414755    0.001453
        1343   -0.575686   -0.414875  0.00145685
        1344   -0.507551   -0.414944   0.0014574
        1345   -0.523131   -0.415024  0.00145853
        1346   -0.480345   -0.415073  0.00145825
        1347   -0.426309   -0.415081   0.0014572
        1348   -0.443262   -0.415102  0.00145626
        1349   -0.406026   -0.415095   0.0014552
        1350   -0.440634   -0.415114  0.00145425
        1351   -0.432619   -0.415127  0.00145323
        1352   -0.361603   -0.415088  0.00145269
        1353   -0.337203    -0.41503  0.00145276
        1354   -0.378415   -0.415003  0.00145194
        1355   -0.343645    -0.41495  0.00145182
        1356   -0.372633   -0.414919  0.00145108
        1357   -0.327527   -0.414855  0.00145144
        1358   -0.378573   -0.414828  0.00145062
        1359   -0.372013   -0.414797   0.0014499
        1360    -0.39876   -0.414785  0.00144888
        1361   -0.427078   -0.414794  0.00144784
        1362   -0.441463   -0.414813  0.00144691
        1363   -0.479788   -0.414861  0.00144663
        1364   -0.480812   -0.414909  0.00144638
        1365   -0.369807   -0.414876   0.0014457
        1366   -0.419577    -0.41488  0.00144464
        1367   -0.362071   -0.414841   0.0014441
        1368   -0.402858   -0.414833  0.00144307
        1369   -0.427546   -0.414842  0.00144205
        1370   -0.423475   -0.414848  0.00144101
        1371   -0.467579   -0.414887  0.00144047
        1372   -0.474295    -0.41493  0.00144007
        1373   -0.452594   -0.414957  0.00143929
        1374   -0.398711   -0.414945  0.00143829
        1375   -0.314413   -0.414872   0.0014391
        1376   -0.395692   -0.414858  0.00143812
        1377   -0.387475   -0.414839  0.00143721
        1378    -0.45625   -0.414869  0.00143649
        1379   -0.423273   -0.414875  0.00143546
        1380   -0.416701   -0.414876  0.00143442
        1381   -0.349021   -0.414828  0.00143417
        1382   -0.398944   -0.414817  0.00143318
        1383   -0.424643   -0.414824  0.00143216
        1384   -0.444382   -0.414845  0.00143128
        1385   -0.434049   -0.414859  0.00143032
        1386   -0.333472     -0.4148  0.00143049
        1387   -0.412124   -0.414798  0.00142946
        1388   -0.436348   -0.414814  0.00142852
        1389   -0.374836   -0.414785  0.00142778
        1390   -0.395403   -0.414771  0.00142682
        1391   -0.417974   -0.414774  0.00142579
        1392    -0.45621   -0.414803  0.00142508
        1393   -0.384992   -0.414782  0.00142422
        1394   -0.464437   -0.414818  0.00142364
        1395   -0.373534   -0.414788  0.00142293
        1396   -0.326329   -0.414725  0.00142332
        1397   -0.371776   -0.414694  0.00142263
        1398   -0.472029   -0.414735  0.00142221
        1399   -0.425517   -0.414743  0.00142121
        1400   -0.391525   -0.414726  0.00142029
        1401   -0.454414   -0.414754  0.00141956
        1402   -0.368296   -0.414721  0.00141894
        1403   -0.360814   -0.414683  0.00141844
        1404   -0.423827   -0.414689  0.00141745
        1405   -0.379106   -0.414664  0.00141667
        1406     -0.3915   -0.414647  0.00141575
        1407   -0.339562   -0.414594  0.00141575
        1408   -0.337102   -0.414539  0.00141582
        1409   -0.310995   -0.414466  0.00141672
        1410   -0.361978   -0.414428   0.0014162
        1411   -0.340334   -0.414376  0.00141617
        1412   -0.312599   -0.414304    0.001417
        1413   -0.383105   -0.414282  0.00141617
        1414   -0.387733   -0.414263  0.00141529
        1415    -0.42022   -0.414267   0.0014143
        1416   -0.364654   -0.414232  0.00141374
        1417    -0.39855   -0.414221  0.00141278
        1418   -0.359134   -0.414182  0.00141232
        1419   -0.334967   -0.414126  0.00141243
        1420   -0.386474   -0.414107  0.00141157
        1421    -0.37208   -0.414077  0.00141088
        1422   -0.398373   -0.414066  0.00140993
        1423   -0.407674   -0.414062  0.00140895
        1424    -0.38678   -0.414043  0.00140809
        1425   -0.414539   -0.414043   0.0014071
        1426   -0.384116   -0.414022  0.00140627
        1427   -0.406037   -0.414016   0.0014053
        1428   -0.413516   -0.414016  0.00140431
        1429   -0.381185   -0.413993  0.00140352
        1430   -0.382379   -0.413971  0.00140271
        1431   -0.408079   -0.413967  0.00140174
        1432   -0.406303   -0.413961  0.00140077
        1433   -0.374053   -0.413934  0.00140007
        1434   -0.361003   -0.413897  0.00139958
        1435   -0.296607   -0.413815  0.00140099
        1436   -0.331481   -0.413758  0.00140118
        1437   -0.369286   -0.413727  0.00140055
        1438   -0.466742   -0.413764  0.00140006
        1439   -0.434384   -0.413778  0.00139916
        1440   -0.396304   -0.413766  0.00139824
        1441    -0.40715   -0.413761  0.00139728
        1442   -0.392159   -0.413746  0.00139639
        1443   -0.393324   -0.413732   0.0013955
        1444   -0.419324   -0.413736  0.00139454
        1445   -0.409264   -0.413733  0.00139357
        1446   -0.342734   -0.413684  0.00139347
        1447   -0.370783   -0.413654  0.00139283
        1448   -0.396574   -0.413642  0.00139192
        1449   -0.403136   -0.413635  0.00139097
        1450   -0.431473   -0.413647  0.00139007
        1451   -0.447385   -0.413671  0.00138931
        1452   -0.377747   -0.413646  0.00138857
        1453   -0.445695   -0.413668  0.00138779
        1454   -0.425149   -0.413676  0.00138686
        1455   -0.408815   -0.413672  0.00138591
        1456   -0.337415    -0.41362  0.00138594
        1457   -0.362071   -0.413585  0.00138544
        1458   -0.413548   -0.413585  0.00138449
        1459   -0.357046   -0.413546  0.00138409
        1460   -0.422952   -0.413552  0.00138315
        1461   -0.364317   -0.413519  0.00138262
        1462   -0.340205   -0.413469  0.00138258
        1463   -0.363088   -0.413434  0.00138207
        1464   -0.399311   -0.413424  0.00138116
        1465   -0.387416   -0.413407  0.00138033
        1466    -0.36316   -0.413372  0.00137981
        1467    -0.40742   -0.413368  0.00137888
        1468   -0.470412   -0.413407  0.00137848
        1469    -0.50408   -0.413469  0.00137893
        1470   -0.406427   -0.413464    0.001378
        1471   -0.419508   -0.413468  0.00137707
        1472   -0.303964   -0.413394  0.00137814
        1473   -0.362071   -0.413359  0.00137764
        1474   -0.357757   -0.413321  0.00137723
        1475    -0.40679   -0.413317   0.0013763
        1476   -0.486433   -0.413366  0.00137626
        1477   -0.420228   -0.413371  0.00137533
        1478    -0.41573   -0.413373   0.0013744
        1479   -0.320768    -0.41331   0.0013749
        1480   -0.412529    -0.41331  0.00137397
        1481   -0.361353   -0.413274  0.00137349
        1482   -0.404569   -0.413269  0.00137258
        1483   -0.434435   -0.413283  0.00137173
        1484   -0.379105    -0.41326  0.00137099
        1485   -0.383093   -0.413239  0.00137022
        1486   -0.339576    -0.41319   0.0013702
        1487   -0.343908   -0.413143  0.00137007
        1488   -0.368064   -0.413113  0.00136948
        1489   -0.348966    -0.41307  0.00136924
        1490   -0.393656   -0.413057  0.00136838
        1491   -0.350417   -0.413015  0.00136811
        1492   -0.342712   -0.412968    0.001368
        1493   -0.334373   -0.412915   0.0013681
        1494   -0.282474   -0.412828  0.00136997
        1495   -0.384147   -0.412809  0.00136918
        1496   -0.337056   -0.412758  0.00136921
        1497   -0.325385     -0.4127  0.00136953
        1498   -0.327335   -0.412643   0.0013698
        1499   -0.346991   -0.412599  0.00136959
        1500   -0.356558   -0.412561  0.00136919
