           1      1.5554      1.5554           0
           2     1.55121      1.5533  0.00148186
           3     1.50596     1.53752   0.0129236
           4     1.41316     1.50643   0.0286165
           5     1.32323     1.46979    0.039976
           6      1.3574     1.45106   0.0374459
           7     1.32328      1.4328   0.0362742
           8     1.32434     1.41925     0.03418
           9     1.39044     1.41605   0.0305317
          10     1.46505     1.42095    0.027869
          11     1.41467     1.42038   0.0253413
          12     1.33008     1.41285    0.024321
          13     1.41481       1.413   0.0224506
          14      1.3282     1.40695   0.0216486
          15     1.29332     1.39937   0.0214899
          16     1.34696     1.39609   0.0203949
          17     1.35142     1.39347   0.0193637
          18     1.38937     1.39324   0.0182893
          19     1.34522     1.39071   0.0175004
          20     1.39334     1.39084   0.0166259
          21     1.38777      1.3907   0.0158348
          22     1.32322     1.38763   0.0154092
          23      1.2323     1.38088   0.0161515
          24     1.26495     1.37605   0.0161847
          25     1.33989      1.3746   0.0156018
          26     1.41536     1.37617   0.0150803
          27     1.42841      1.3781   0.0146454
          28     1.48767     1.38202   0.0146358
          29     1.46004     1.38471   0.0143763
          30     1.49319     1.38832   0.0143446
          31     1.44646      1.3902    0.014004
          32     1.39485     1.39034   0.0135671
          33      1.4147     1.39108    0.013176
          34     1.36548     1.39033     0.01281
          35     1.44047     1.39176   0.0125239
          36     1.41506     1.39241   0.0121927
          37     1.37491     1.39193   0.0118723
          38     1.27812     1.38894   0.0119317
          39     1.31946     1.38716    0.011758
          40     1.33441     1.38584   0.0115378
          41     1.32872     1.38445   0.0113402
          42     1.37954     1.38433   0.0110708
          43     1.42359     1.38524   0.0108509
          44     1.39475     1.38546   0.0106064
          45     1.44192     1.38671   0.0104447
          46     1.44292     1.38794   0.0102888
          47     1.39712     1.38813   0.0100718
          48     1.36748      1.3877  0.00987114
          49     1.40573     1.38807  0.00967655
          50      1.4211     1.38873  0.00950554
          51     1.35181     1.38801  0.00934668
          52     1.36778     1.38762  0.00917503
          53     1.33406     1.38661  0.00905739
          54     1.37621     1.38641  0.00889171
          55     1.39974     1.38666  0.00873334
          56     1.47703     1.38827  0.00872524
          57     1.45294      1.3894  0.00864563
          58     1.43438     1.39018  0.00853127
          59     1.37657     1.38995  0.00838979
          60     1.41398     1.39035  0.00825952
          61     1.35742     1.38981  0.00814175
          62     1.35393     1.38923  0.00803097
          63     1.34433     1.38852  0.00793505
          64     1.28886     1.38696   0.0079624
          65     1.27569     1.38525   0.0080218
          66     1.30994     1.38411  0.00798099
          67     1.31771     1.38312  0.00792317
          68     1.27451     1.38152    0.007966
          69     1.33469     1.38084  0.00787941
          70     1.35366     1.38045  0.00777641
          71     1.42436     1.38107  0.00769143
          72     1.33039     1.38037  0.00761675
          73     1.30093     1.37928  0.00758974
          74      1.2181      1.3771  0.00779344
          75     1.19629     1.37469  0.00805377
          76     1.28042     1.37345  0.00804275
          77     1.31085     1.37264  0.00797928
          78     1.29704     1.37167  0.00793562
          79     1.38715     1.37186  0.00783759
          80     1.34525     1.37153  0.00774668
          81      1.4349     1.37231  0.00769044
          82     1.36612     1.37224  0.00759703
          83     1.35211       1.372  0.00750937
          84     1.39284     1.37224  0.00742407
          85     1.35467     1.37204  0.00733961
          86     1.46324      1.3731  0.00733048
          87      1.3734      1.3731  0.00724622
          88     1.42267     1.37366  0.00718574
          89     1.44513     1.37447  0.00714973
          90     1.45219     1.37533  0.00712225
          91     1.42132     1.37584  0.00706189
          92     1.42704     1.37639  0.00700702
          93     1.39583      1.3766   0.0069348
          94      1.4151     1.37701  0.00687311
          95     1.41922     1.37746  0.00681511
          96     1.45416     1.37825   0.0067908
          97     1.48697     1.37938  0.00681265
          98     1.43094      1.3799  0.00676342
          99     1.41246     1.38023  0.00670309
         100     1.36096     1.38004  0.00663883
         101     1.38333     1.38007  0.00657318
         102     1.38318      1.3801  0.00650881
         103     1.35094     1.37982  0.00645177
         104     1.38443     1.37986  0.00638988
         105     1.36793     1.37975  0.00633004
         106      1.3474     1.37944  0.00627768
         107     1.36872     1.37934  0.00621981
         108     1.44544     1.37995  0.00619225
         109     1.37747     1.37993  0.00613549
         110     1.39526     1.38007  0.00608129
         111      1.4464     1.38067  0.00605579
         112     1.40294     1.38087  0.00600499
         113     1.34376     1.38054  0.00596082
         114     1.33698     1.38016  0.00592077
         115     1.34371     1.37984  0.00587776
         116     1.34034      1.3795  0.00583695
         117     1.32519     1.37904  0.00580548
         118     1.35884     1.37886  0.00575881
         119     1.40603     1.37909  0.00571494
         120     1.33656     1.37874  0.00567829
         121      1.3758     1.37871  0.00563142
         122     1.37897     1.37872  0.00558526
         123     1.34246     1.37842  0.00554762
         124      1.2599     1.37747  0.00558461
         125     1.40943     1.37772  0.00554579
         126     1.39208     1.37784  0.00550295
         127     1.44497     1.37836  0.00548494
         128     1.45447     1.37896  0.00547422
         129     1.35584     1.37878  0.00543472
         130     1.37948     1.37878  0.00539291
         131     1.40958     1.37902  0.00535687
         132     1.35845     1.37886  0.00531855
         133     1.39189     1.37896  0.00527947
         134     1.34648     1.37872  0.00524563
         135     1.37514     1.37869  0.00520684
         136     1.33726     1.37839  0.00517746
         137     1.31347     1.37791   0.0051613
         138     1.27551     1.37717  0.00517697
         139     1.30954     1.37669  0.00516254
         140     1.30019     1.37614   0.0051545
         141     1.21781     1.37502  0.00523882
         142     1.28913     1.37441  0.00523673
         143     1.30014     1.37389   0.0052258
         144     1.27297     1.37319   0.0052363
         145     1.28982     1.37262  0.00523166
         146     1.26937     1.37191   0.0052434
         147     1.30745     1.37147  0.00522604
         148     1.35234     1.37134  0.00519232
         149     1.38489     1.37143  0.00515827
         150     1.42842     1.37181  0.00513786
         151     1.38207     1.37188  0.00510428
         152     1.38243     1.37195  0.00507117
         153     1.36983     1.37194  0.00503804
         154     1.32346     1.37162  0.00501516
         155      1.4137     1.37189  0.00499014
         156     1.34307     1.37171  0.00496157
         157     1.42901     1.37207  0.00494338
         158      1.3752     1.37209  0.00491213
         159     1.36902     1.37207  0.00488127
         160     1.32004     1.37175  0.00486159
         161     1.30049     1.37131   0.0048515
         162     1.34246     1.37113  0.00482481
         163     1.41557      1.3714  0.00480291
         164     1.40477      1.3716  0.00477793
         165     1.36339     1.37155  0.00474924
         166     1.37866      1.3716  0.00472082
         167     1.32112     1.37129  0.00470221
         168     1.42518     1.37162  0.00468515
         169     1.35609     1.37152  0.00465833
         170     1.37365     1.37154  0.00463095
         171     1.42082     1.37182  0.00461282
         172     1.37259     1.37183  0.00458601
         173     1.41076     1.37205  0.00456502
         174     1.35456     1.37195  0.00453989
         175     1.36342      1.3719  0.00451421
         176     1.43634     1.37227  0.00450338
         177     1.46768     1.37281  0.00451009
         178     1.41596     1.37305  0.00449126
         179     1.40739     1.37324  0.00447026
         180     1.39489     1.37336  0.00444705
         181     1.43065     1.37368  0.00443372
         182     1.45679     1.37414  0.00443282
         183     1.37325     1.37413   0.0044086
         184     1.37119     1.37412  0.00438467
         185     1.42675      1.3744  0.00437019
         186       1.453     1.37482  0.00436707
         187     1.45825     1.37527  0.00436645
         188     1.42293     1.37552  0.00435058
         189     1.44416     1.37589  0.00434269
         190     1.36122     1.37581  0.00432052
         191     1.32605     1.37555  0.00430575
         192     1.36086     1.37547    0.004284
         193     1.36116      1.3754  0.00426245
         194     1.40887     1.37557  0.00424396
         195     1.45394     1.37597  0.00424119
         196     1.44649     1.37633  0.00423478
         197     1.44511     1.37668  0.00422766
         198     1.43862     1.37699  0.00421786
         199     1.40823     1.37715  0.00419958
         200     1.41025     1.37732  0.00418185
         201     1.39826     1.37742  0.00416234
         202     1.34328     1.37725  0.00414516
         203     1.37438     1.37724  0.00412477
         204     1.33245     1.37702  0.00411038
         205     1.35902     1.37693  0.00409127
         206     1.34856     1.37679  0.00407373
         207     1.33143     1.37657  0.00405994
         208     1.34653     1.37643  0.00404299
         209     1.37622     1.37643  0.00402364
         210     1.35839     1.37634   0.0040054
         211     1.40367     1.37647  0.00398851
         212      1.3483     1.37634  0.00397191
         213     1.36212     1.37627  0.00395382
         214      1.3827      1.3763  0.00393546
         215     1.31218       1.376  0.00392844
         216     1.39257     1.37608    0.003911
         217     1.43265     1.37634  0.00390166
         218     1.34545      1.3762  0.00388633
         219     1.43356     1.37646   0.0038774
         220     1.41644     1.37664  0.00386403
         221     1.39452     1.37672   0.0038474
         222     1.46114      1.3771  0.00384881
         223     1.45106     1.37744  0.00384581
         224     1.44336     1.37773  0.00383989
         225     1.46536     1.37812  0.00384252
         226     1.45287     1.37845  0.00383973
         227     1.42852     1.37867  0.00382915
         228     1.42614     1.37888  0.00381801
         229      1.4237     1.37907  0.00380635
         230     1.39267     1.37913  0.00379026
         231      1.3666     1.37908  0.00377424
         232     1.37657     1.37907  0.00375799
         233     1.38842     1.37911  0.00374207
         234     1.31449     1.37883  0.00373626
         235     1.23509     1.37822  0.00377009
         236     1.27525     1.37778  0.00377928
         237     1.29943     1.37745  0.00377777
         238     1.33746     1.37729  0.00376563
         239     1.42587     1.37749  0.00375536
         240     1.44334     1.37776  0.00374972
         241     1.38254     1.37778  0.00373421
         242      1.3889     1.37783  0.00371906
         243     1.45565     1.37815  0.00371752
         244     1.46116     1.37849  0.00371782
         245     1.42396     1.37868  0.00370728
         246     1.38657     1.37871  0.00369234
         247     1.37518     1.37869  0.00367742
         248     1.32209     1.37847  0.00366967
         249     1.43337     1.37869  0.00366155
         250     1.45184     1.37898  0.00365858
         251     1.48521      1.3794   0.0036684
         252     1.47223     1.37977   0.0036723
         253     1.43787        1.38  0.00366496
         254     1.42254     1.38017  0.00365435
         255     1.43111     1.38037  0.00364548
         256     1.35815     1.38028  0.00363227
         257     1.37649     1.38027  0.00361817
         258     1.42717     1.38045  0.00360871
         259     1.43536     1.38066    0.003601
         260     1.48747     1.38107   0.0036105
         261     1.41609      1.3812  0.00359916
         262     1.37439     1.38118  0.00358552
         263     1.39179     1.38122  0.00357211
         264      1.3744     1.38119  0.00355868
         265     1.34174     1.38104  0.00354836
         266     1.36315     1.38098  0.00353566
         267     1.41138     1.38109  0.00352425
         268     1.34196     1.38094  0.00351412
         269     1.46286     1.38125  0.00351423
         270     1.37089     1.38121  0.00350142
         271     1.37618     1.38119  0.00348855
         272     1.40265     1.38127  0.00347662
         273     1.42573     1.38143   0.0034677
         274     1.39762     1.38149  0.00345554
         275     1.41846     1.38163  0.00344559
         276     1.43056      1.3818  0.00343767
         277     1.40071     1.38187  0.00342593
         278     1.44848     1.38211  0.00342198
         279     1.41534     1.38223  0.00341178
         280     1.44206     1.38245  0.00340628
         281     1.40172     1.38251  0.00339485
         282     1.41396     1.38263  0.00338465
         283     1.36337     1.38256  0.00337337
         284     1.51276     1.38302   0.0033925
         285     1.44944     1.38325  0.00338859
         286      1.4658     1.38354  0.00338902
         287     1.43485     1.38372  0.00338192
         288     1.44602     1.38393  0.00337709
         289     1.42081     1.38406  0.00336781
         290     1.43108     1.38422   0.0033601
         291     1.40162     1.38428  0.00334909
         292      1.3828     1.38428  0.00333762
         293     1.38612     1.38428  0.00332623
         294     1.37264     1.38424  0.00331516
         295     1.38727     1.38425  0.00330393
         296     1.38242     1.38425  0.00329278
         297     1.40693     1.38432  0.00328258
         298      1.4168     1.38443  0.00327337
         299     1.36388     1.38436  0.00326314
         300     1.34006     1.38422  0.00325561
         301      1.3578     1.38413  0.00324597
         302     1.41353     1.38423  0.00323669
         303     1.46155     1.38448  0.00323605
         304     1.40443     1.38455  0.00322607
         305     1.38427     1.38455  0.00321549
         306     1.40016      1.3846  0.00320539
         307     1.46199     1.38485  0.00320484
         308     1.43066       1.385  0.00319789
         309     1.38788     1.38501  0.00318755
         310     1.38155       1.385  0.00317729
         311      1.3526     1.38489  0.00316878
         312     1.30089     1.38462  0.00317004
         313     1.30899     1.38438  0.00316911
         314     1.28199     1.38406  0.00317574
         315     1.38284     1.38405  0.00316566
         316     1.50149     1.38442  0.00317739
         317     1.40768      1.3845  0.00316821
         318     1.44473     1.38469   0.0031639
         319     1.43218     1.38483  0.00315749
         320     1.50085      1.3852  0.00316837
         321     1.44042     1.38537  0.00316316
         322     1.47208     1.38564  0.00316478
         323     1.39829     1.38568  0.00315523
         324     1.40163     1.38573  0.00314587
         325     1.34524      1.3856  0.00313866
         326     1.32668     1.38542  0.00313423
         327     1.36656     1.38536  0.00312518
         328     1.35555     1.38527  0.00311697
         329       1.339     1.38513  0.00311067
         330     1.39017     1.38515  0.00310128
         331     1.46267     1.38538  0.00310074
         332     1.37024     1.38534  0.00309174
         333      1.3297     1.38517  0.00308696
         334     1.36593     1.38511  0.00307826
         335      1.3612     1.38504   0.0030699
         336     1.32609     1.38486  0.00306577
         337     1.21575     1.38436  0.00309747
         338     1.30688     1.38413  0.00309678
         339     1.26093     1.38377   0.0031089
         340     1.34738     1.38366  0.00310159
         341     1.38151     1.38366  0.00309251
         342     1.36436      1.3836  0.00308398
         343     1.33301     1.38345  0.00307851
         344     1.41276     1.38354  0.00307074
         345     1.42541     1.38366  0.00306424
         346     1.35048     1.38356  0.00305688
         347     1.41419     1.38365  0.00304935
         348     1.42411     1.38377   0.0030428
         349     1.37634     1.38375  0.00303416
         350     1.34037     1.38362  0.00302802
         351      1.3173     1.38343  0.00302528
         352     1.32678     1.38327  0.00302096
         353     1.26636     1.38294   0.0030305
         354      1.2992     1.38271  0.00303116
         355     1.30477     1.38249  0.00303056
         356     1.32821     1.38233  0.00302588
         357      1.3813     1.38233  0.00301741
         358     1.40496     1.38239  0.00300964
         359     1.51194     1.38275  0.00302282
         360     1.43745     1.38291  0.00301823
         361     1.39238     1.38293  0.00300999
         362     1.38056     1.38293  0.00300168
         363     1.34154     1.38281  0.00299558
         364     1.37825      1.3828  0.00298737
         365     1.38143      1.3828  0.00297919
         366     1.43951     1.38295  0.00297508
         367     1.45539     1.38315  0.00297351
         368     1.47657      1.3834  0.00297625
         369     1.37147     1.38337  0.00296836
         370     1.42174     1.38347  0.00296215
         371     1.35331     1.38339  0.00295528
         372     1.42688     1.38351  0.00294965
         373     1.44091     1.38366  0.00294575
         374     1.40614     1.38372  0.00293849
         375     1.40234     1.38377  0.00293107
         376     1.33758     1.38365  0.00292585
         377     1.38007     1.38364   0.0029181
         378     1.34181     1.38353  0.00291248
         379      1.3544     1.38345  0.00290581
         380      1.3487     1.38336   0.0028996
         381     1.38348     1.38336  0.00289199
         382     1.37405     1.38334  0.00288452
         383     1.36789      1.3833  0.00287727
         384     1.44219     1.38345  0.00287386
         385     1.38881     1.38346  0.00286643
         386     1.43807     1.38361   0.0028625
         387      1.3628     1.38355  0.00285561
         388     1.37999     1.38354  0.00284826
         389     1.38471     1.38355  0.00284094
         390     1.42234     1.38365   0.0028354
         391     1.41585     1.38373  0.00282934
         392     1.44245     1.38388  0.00282609
         393     1.38208     1.38387   0.0028189
         394     1.40419     1.38392  0.00281222
         395     1.44339     1.38407  0.00280912
         396     1.46003     1.38427  0.00280857
         397     1.48407     1.38452  0.00281272
         398     1.39373     1.38454  0.00280575
         399     1.45694     1.38472  0.00280458
         400     1.43801     1.38486  0.00280073
         401     1.42725     1.38496  0.00279574
         402     1.43545     1.38509  0.00279161
         403     1.40045     1.38513  0.00278494
         404     1.42216     1.38522  0.00277955
         405     1.42071      1.3853  0.00277407
         406     1.43162     1.38542  0.00276958
         407     1.41263     1.38549  0.00276359
         408     1.35618     1.38541  0.00275775
         409     1.34947     1.38533   0.0027524
         410      1.3597     1.38526   0.0027464
         411     1.43372     1.38538  0.00274225
         412     1.43729     1.38551  0.00273848
         413     1.42176     1.38559  0.00273326
         414     1.40768     1.38565  0.00272718
         415     1.37147     1.38561  0.00272082
         416     1.45387     1.38578  0.00271922
         417     1.39655      1.3858  0.00271282
         418     1.49015     1.38605   0.0027178
         419     1.39834     1.38608  0.00271147
         420     1.38267     1.38607  0.00270502
         421     1.40097     1.38611  0.00269883
         422     1.43992     1.38624  0.00269545
         423     1.38902     1.38624  0.00268908
         424     1.40235     1.38628  0.00268301
         425     1.48197     1.38651  0.00268612
         426     1.38485      1.3865  0.00267982
         427     1.40654     1.38655  0.00267396
         428     1.43235     1.38666  0.00266985
         429     1.47691     1.38687   0.0026719
         430     1.47874     1.38708  0.00267422
         431     1.46115     1.38725  0.00267353
         432     1.49522      1.3875    0.002679
         433     1.48679     1.38773   0.0026826
         434     1.43228     1.38784  0.00267839
         435     1.42539     1.38792  0.00267362
         436     1.41898     1.38799  0.00266844
         437     1.42278     1.38807  0.00266352
         438     1.38485     1.38807  0.00265745
         439     1.33686     1.38795  0.00265395
         440     1.27501     1.38769   0.0026603
         441     1.26683     1.38742  0.00266835
         442     1.34477     1.38732  0.00266406
         443     1.34532     1.38723  0.00265973
         444     1.29184     1.38701   0.0026624
         445     1.34006     1.38691  0.00265851
         446     1.35091     1.38683  0.00265377
         447     1.30117     1.38663  0.00265475
         448     1.34132     1.38653  0.00265075
         449     1.37369      1.3865    0.002645
         450     1.44911     1.38664  0.00264278
         451     1.43074     1.38674  0.00263872
         452     1.41197      1.3868  0.00263348
         453     1.38823      1.3868  0.00262767
         454      1.2963      1.3866  0.00262943
         455     1.29237     1.38639  0.00263179
         456     1.38621     1.38639  0.00262602
         457     1.35073     1.38631  0.00262143
         458     1.36001     1.38626  0.00261634
         459      1.3706     1.38622  0.00261086
         460     1.32727      1.3861  0.00260833
         461     1.37733     1.38608  0.00260274
         462     1.44255      1.3862  0.00259997
         463     1.37739     1.38618  0.00259443
         464     1.33204     1.38606  0.00259146
         465     1.30665     1.38589  0.00259151
         466     1.30722     1.38572  0.00259144
         467     1.36047     1.38567  0.00258646
         468     1.32627     1.38554  0.00258404
         469     1.31183     1.38539  0.00258331
         470     1.38058     1.38537  0.00257783
         471     1.38969     1.38538  0.00257237
         472     1.34784      1.3853  0.00256815
         473     1.39091     1.38532  0.00256275
         474     1.31762     1.38517  0.00256132
         475     1.39947      1.3852  0.00255611
         476      1.4093     1.38525  0.00255124
         477     1.37442     1.38523  0.00254599
         478     1.35099     1.38516  0.00254167
         479     1.36052     1.38511  0.00253688
         480     1.34699     1.38503  0.00253284
         481     1.36579     1.38499  0.00252789
         482     1.37594     1.38497  0.00252272
         483     1.37918     1.38496  0.00251752
         484     1.42334     1.38504  0.00251357
         485     1.41904     1.38511  0.00250936
         486     1.38637     1.38511   0.0025042
         487     1.37506     1.38509  0.00249915
         488     1.36929     1.38506  0.00249423
         489     1.32588     1.38494  0.00249207
         490     1.30228     1.38477  0.00249268
         491     1.41145     1.38482   0.0024882
         492     1.40412     1.38486  0.00248345
         493     1.40072     1.38489  0.00247862
         494     1.45689     1.38504  0.00247789
         495     1.47946     1.38523  0.00248021
         496     1.52065      1.3855  0.00249019
         497     1.48144      1.3857  0.00249265
         498     1.49634     1.38592  0.00249753
         499     1.44903     1.38604  0.00249573
         500     1.44657     1.38617  0.00249367
         501      1.4041      1.3862  0.00248895
         502      1.3664     1.38616   0.0024843
         503     1.35259      1.3861  0.00248026
         504     1.40671     1.38614  0.00247568
         505     1.35281     1.38607  0.00247165
         506     1.33396     1.38597  0.00246891
         507     1.37908     1.38595  0.00246408
         508      1.3603      1.3859  0.00245975
         509     1.34954     1.38583  0.00245595
         510     1.38302     1.38583  0.00245114
         511     1.33631     1.38573  0.00244826
         512     1.39272     1.38574  0.00244352
         513     1.43781     1.38584  0.00244086
         514     1.41597      1.3859  0.00243682
         515     1.36722     1.38587  0.00243235
         516      1.3666     1.38583  0.00242793
         517     1.41744     1.38589    0.002424
         518     1.34488     1.38581  0.00242061
         519     1.37362     1.38579  0.00241606
         520      1.3851     1.38579  0.00241142
         521     1.38976     1.38579   0.0024068
         522     1.39772     1.38582   0.0024023
         523     1.41033     1.38586  0.00239816
         524      1.3915     1.38587  0.00239361
         525     1.37054     1.38585  0.00238923
         526     1.44302     1.38595  0.00238716
         527     1.43456     1.38605  0.00238441
         528     1.36002       1.386   0.0023804
         529     1.35302     1.38593  0.00237672
         530     1.32123     1.38581  0.00237537
         531     1.27833     1.38561   0.0023795
         532     1.31981     1.38549  0.00237824
         533     1.36455     1.38545  0.00237411
         534     1.37883     1.38543  0.00236969
         535     1.33693     1.38534    0.002367
         536     1.34806     1.38527   0.0023636
         537     1.36928     1.38524  0.00235939
         538     1.43369     1.38533  0.00235672
         539     1.34088     1.38525  0.00235379
         540     1.37494     1.38523  0.00234951
         541     1.34232     1.38515  0.00234651
         542     1.36441     1.38512  0.00234249
         543     1.36161     1.38507  0.00233857
         544     1.35421     1.38502  0.00233496
         545     1.35786     1.38497  0.00233121
         546     1.32322     1.38485  0.00232968
         547     1.30331      1.3847  0.00233019
         548     1.29178     1.38453   0.0023321
         549     1.35262     1.38448  0.00232857
         550     1.43484     1.38457  0.00232614
         551     1.47112     1.38472  0.00232722
         552      1.4653     1.38487  0.00232757
         553     1.42035     1.38493  0.00232425
         554     1.34014     1.38485  0.00232146
         555       1.388     1.38486  0.00231728
         556     1.39606     1.38488   0.0023132
         557     1.42227     1.38495  0.00231002
         558     1.40443     1.38498  0.00230615
         559     1.34718     1.38491  0.00230301
         560      1.3863     1.38492   0.0022989
         561     1.35346     1.38486  0.00229549
         562     1.36878     1.38483  0.00229158
         563     1.40502     1.38487  0.00228779
         564     1.43083     1.38495  0.00228519
         565     1.41033     1.38499  0.00228158
         566     1.38653       1.385  0.00227756
         567     1.40857     1.38504  0.00227392
         568     1.41247     1.38509  0.00227043
         569     1.40388     1.38512  0.00226668
         570     1.39337     1.38513  0.00226275
         571     1.40203     1.38516  0.00225898
         572     1.39402     1.38518  0.00225508
         573     1.43204     1.38526  0.00225263
         574     1.39011     1.38527  0.00224872
         575     1.41897     1.38533  0.00224557
         576      1.3796     1.38532   0.0022417
         577     1.33189     1.38523  0.00223972
         578     1.37204      1.3852  0.00223596
         579     1.33014     1.38511  0.00223412
         580     1.40824     1.38515  0.00223063
         581     1.37896     1.38514  0.00222681
         582     1.45802     1.38526   0.0022265
         583     1.42244     1.38533   0.0022236
         584     1.41444     1.38538  0.00222035
         585     1.38218     1.38537  0.00221656
         586     1.41667     1.38542  0.00221342
         587     1.37746     1.38541  0.00220969
         588     1.42345     1.38547  0.00220688
         589     1.44388     1.38557  0.00220536
         590     1.37633     1.38556  0.00220168
         591     1.43789     1.38565  0.00219973
         592     1.46315     1.38578  0.00219991
         593     1.44633     1.38588  0.00219857
         594     1.46594     1.38601    0.002199
         595     1.47582     1.38617  0.00220047
         596     1.43151     1.38624   0.0021981
         597     1.47216     1.38639  0.00219912
         598     1.46773     1.38652  0.00219965
         599     1.46248     1.38665  0.00219963
         600     1.39471     1.38666    0.002196
         601     1.34611     1.38659  0.00219338
         602     1.41496     1.38664  0.00219025
         603     1.40581     1.38667  0.00218684
         604     1.48307     1.38683  0.00218904
         605     1.43022      1.3869   0.0021866
         606     1.47311     1.38705  0.00218761
         607     1.41247     1.38709  0.00218441
         608     1.43071     1.38716  0.00218199
         609     1.42528     1.38722  0.00217931
         610     1.41791     1.38727  0.00217631
         611     1.43489     1.38735  0.00217415
         612      1.4373     1.38743  0.00217213
         613     1.48746      1.3876   0.0021747
         614     1.48429     1.38775  0.00217686
         615      1.4065     1.38778  0.00217353
         616     1.43783     1.38787  0.00217152
         617     1.42174     1.38792  0.00216869
         618     1.31019     1.38779  0.00216883
         619      1.3468     1.38773  0.00216634
         620     1.35672     1.38768  0.00216342
         621     1.36787     1.38765  0.00216017
         622     1.40421     1.38767  0.00215686
         623       1.446     1.38777  0.00215543
         624     1.33764     1.38769  0.00215347
         625     1.33864     1.38761  0.00215146
         626     1.32072      1.3875  0.00215067
         627     1.35756     1.38745  0.00214777
         628     1.42366     1.38751  0.00214513
         629     1.38119      1.3875  0.00214174
         630     1.33337     1.38741  0.00214006
         631     1.34409     1.38735  0.00213777
         632     1.35792      1.3873   0.0021349
         633     1.41841     1.38735  0.00213209
         634     1.44853     1.38745  0.00213091
         635     1.41367     1.38749  0.00212795
         636     1.44186     1.38757  0.00212632
         637     1.50322     1.38775  0.00213072
         638     1.45966     1.38787  0.00213036
         639     1.47581       1.388  0.00213147
         640     1.47921     1.38815   0.0021329
         641     1.49414     1.38831  0.00213597
         642     1.40556     1.38834  0.00213281
         643     1.33421     1.38825  0.00213116
         644     1.35364      1.3882  0.00212852
         645     1.31789     1.38809  0.00212801
         646     1.34353     1.38802  0.00212584
         647     1.41684     1.38807  0.00212302
         648     1.36704     1.38803  0.00211999
         649     1.34548     1.38797  0.00211774
         650      1.3957     1.38798  0.00211451
         651     1.36289     1.38794  0.00211162
         652     1.38003     1.38793  0.00210841
         653     1.37149     1.38791  0.00210533
         654     1.35741     1.38786  0.00210263
         655     1.39808     1.38787  0.00209948
         656     1.47253       1.388  0.00210024
         657     1.50198     1.38818   0.0021042
         658     1.44175     1.38826  0.00210257
         659     1.39025     1.38826  0.00209938
         660     1.37326     1.38824  0.00209633
         661     1.44789     1.38833   0.0020951
         662     1.37169      1.3883  0.00209208
         663      1.3318     1.38822  0.00209066
         664     1.25692     1.38802  0.00209684
         665     1.27671     1.38785  0.00210036
         666     1.32619     1.38776  0.00209925
         667     1.40712     1.38779   0.0020963
         668     1.41451     1.38783  0.00209354
         669     1.42659     1.38789  0.00209122
         670     1.38208     1.38788  0.00208811
         671     1.32316     1.38778  0.00208723
         672     1.30269     1.38766  0.00208796
         673     1.30249     1.38753  0.00208869
         674      1.2856     1.38738  0.00209106
         675     1.33654      1.3873  0.00208932
         676     1.32103      1.3872  0.00208852
         677     1.41497     1.38725  0.00208584
         678     1.46717     1.38736  0.00208609
         679     1.41933     1.38741  0.00208355
         680     1.41404     1.38745  0.00208086
         681     1.41367     1.38749  0.00207816
         682     1.32412      1.3874  0.00207719
         683     1.31756     1.38729  0.00207666
         684     1.32435      1.3872  0.00207566
         685     1.35657     1.38716  0.00207311
         686     1.38123     1.38715  0.00207011
         687     1.38418     1.38714   0.0020671
         688     1.38747     1.38714   0.0020641
         689     1.40535     1.38717  0.00206127
         690     1.43686     1.38724  0.00205954
         691     1.36136     1.38721   0.0020569
         692     1.37191     1.38718  0.00205405
         693     1.40437     1.38721  0.00205123
         694     1.40137     1.38723  0.00204838
         695     1.39234     1.38724  0.00204544
         696      1.3959     1.38725  0.00204254
         697     1.36253     1.38721  0.00203992
         698     1.39041     1.38722    0.002037
         699     1.35204     1.38717  0.00203471
         700     1.39908     1.38718  0.00203187
         701     1.39683      1.3872  0.00202902
         702     1.42963     1.38726  0.00202703
         703     1.42628     1.38731  0.00202491
         704     1.44257     1.38739  0.00202355
         705     1.43313     1.38746  0.00202172
         706     1.45044     1.38755  0.00202083
         707     1.35935     1.38751  0.00201836
         708     1.36692     1.38748  0.00201572
         709     1.40816     1.38751  0.00201309
         710     1.35416     1.38746   0.0020108
         711     1.30081     1.38734  0.00201166
         712      1.3046     1.38722  0.00201219
         713     1.32204     1.38713  0.00201144
         714     1.33708     1.38706  0.00200985
         715     1.42921     1.38712   0.0020079
         716     1.47252     1.38724  0.00200863
         717     1.48528     1.38737  0.00201048
         718     1.36143     1.38734  0.00200801
         719     1.31129     1.38723    0.002008
         720     1.34935     1.38718   0.0020059
         721     1.35826     1.38714  0.00200352
         722      1.3563      1.3871   0.0020012
         723     1.33858     1.38703  0.00199955
         724     1.33054     1.38695  0.00199831
         725     1.40542     1.38698  0.00199572
         726     1.46892     1.38709  0.00199616
         727     1.42508     1.38714   0.0019941
         728     1.40316     1.38716  0.00199148
         729     1.37049     1.38714  0.00198888
         730     1.38645     1.38714  0.00198616
         731     1.34166     1.38708  0.00198441
         732     1.37902     1.38707  0.00198173
         733     1.42541     1.38712  0.00197972
         734     1.47081     1.38723   0.0019803
         735     1.41095     1.38727  0.00197787
         736     1.43863     1.38734  0.00197641
         737     1.43637      1.3874  0.00197485
         738     1.38608      1.3874  0.00197218
         739     1.42321     1.38745   0.0019701
         740     1.42788      1.3875   0.0019682
         741     1.43211     1.38756  0.00196646
         742     1.42004     1.38761   0.0019643
         743     1.38544     1.38761  0.00196166
         744     1.39187     1.38761  0.00195903
         745     1.38244      1.3876  0.00195641
         746     1.29953     1.38749  0.00195735
         747     1.35768     1.38745  0.00195514
         748     1.40754     1.38747  0.00195271
         749     1.43309     1.38753  0.00195105
         750     1.50122     1.38769  0.00195433
         751     1.38613     1.38768  0.00195173
         752     1.43969     1.38775  0.00195036
         753     1.45545     1.38784  0.00194984
         754     1.46518     1.38794  0.00194995
         755     1.43233       1.388  0.00194825
         756     1.41664     1.38804  0.00194604
         757     1.38782     1.38804  0.00194347
         758     1.40773     1.38807  0.00194108
         759     1.38784     1.38807  0.00193852
         760     1.43347     1.38813  0.00193689
         761     1.46958     1.38823   0.0019373
         762     1.38074     1.38822  0.00193479
         763     1.34017     1.38816  0.00193327
         764     1.35588     1.38812  0.00193121
         765      1.4033     1.38814  0.00192878
         766     1.41459     1.38817  0.00192657
         767     1.43458     1.38823  0.00192501
         768     1.40092     1.38825  0.00192258
         769     1.42206     1.38829  0.00192058
         770     1.39309      1.3883  0.00191809
         771      1.4328     1.38836  0.00191648
         772     1.38907     1.38836  0.00191399
         773     1.37229     1.38834  0.00191163
         774     1.44037     1.38841  0.00191034
         775     1.42797     1.38846  0.00190856
         776     1.40396     1.38848   0.0019062
         777      1.4002     1.38849  0.00190381
         778     1.41745     1.38853  0.00190173
         779     1.44543      1.3886  0.00190069
         780     1.40225     1.38862  0.00189833
         781     1.39802     1.38863  0.00189594
         782     1.37677     1.38862  0.00189358
         783     1.31407     1.38852  0.00189355
         784     1.33061     1.38845  0.00189257
         785     1.37364     1.38843  0.00189026
         786     1.36941      1.3884  0.00188801
         787     1.38825      1.3884  0.00188561
         788     1.43557     1.38846  0.00188416
         789     1.44539     1.38854  0.00188316
         790     1.42276     1.38858  0.00188127
         791     1.42526     1.38863  0.00187947
         792     1.42708     1.38867  0.00187772
         793     1.44776     1.38875  0.00187683
         794     1.41814     1.38879  0.00187483
         795     1.44601     1.38886  0.00187385
         796     1.44355     1.38893  0.00187276
         797       1.488     1.38905  0.00187453
         798     1.39438     1.38906  0.00187219
         799     1.38479     1.38905  0.00186986
         800     1.35655     1.38901  0.00186796
         801     1.36874     1.38899   0.0018658
         802     1.42312     1.38903  0.00186396
         803     1.42879     1.38908   0.0018623
         804     1.41561     1.38911  0.00186027
         805     1.44485     1.38918  0.00185925
         806     1.43869     1.38924  0.00185796
         807     1.41942     1.38928  0.00185603
         808     1.45787     1.38936  0.00185567
         809     1.44242     1.38943  0.00185454
         810     1.40813     1.38945  0.00185239
         811      1.4454     1.38952  0.00185139
         812     1.41848     1.38956  0.00184946
         813     1.47841     1.38967  0.00185041
         814     1.50916     1.38981  0.00185395
         815     1.47551     1.38992  0.00185465
         816       1.425     1.38996  0.00185288
         817     1.40733     1.38998  0.00185073
         818     1.40375        1.39  0.00184855
         819     1.41736     1.39003  0.00184659
         820     1.46574     1.39013  0.00184665
         821     1.43105     1.39018  0.00184507
         822     1.40398     1.39019   0.0018429
         823     1.49502     1.39032  0.00184506
         824      1.4444     1.39038  0.00184399
         825     1.41506     1.39041  0.00184199
         826     1.41092     1.39044  0.00183993
         827     1.41605     1.39047  0.00183797
         828     1.40278     1.39049  0.00183581
         829     1.36562     1.39046  0.00183384
         830     1.33164     1.39038    0.001833
         831     1.34281     1.39033  0.00183168
         832     1.44215     1.39039  0.00183054
         833     1.35105     1.39034  0.00182895
         834       1.344     1.39029   0.0018276
         835     1.35058     1.39024  0.00182603
         836     1.24621     1.39007  0.00183196
         837     1.36955     1.39004  0.00182993
         838     1.38776     1.39004  0.00182775
         839     1.39257     1.39004  0.00182558
         840      1.4027     1.39006  0.00182346
         841     1.42381      1.3901  0.00182174
         842     1.39203      1.3901  0.00181958
         843     1.42657     1.39014  0.00181793
         844     1.46796     1.39024  0.00181811
         845     1.50156     1.39037  0.00182073
         846     1.51429     1.39051  0.00182446
         847     1.45432     1.39059  0.00182386
         848     1.43839     1.39065  0.00182258
         849     1.40478     1.39066  0.00182051
         850     1.40998     1.39069  0.00181851
         851     1.41373     1.39071  0.00181658
         852     1.37722      1.3907  0.00181451
         853     1.38572     1.39069  0.00181239
         854     1.34359     1.39064  0.00181111
         855     1.29815     1.39053  0.00181222
         856     1.25789     1.39037  0.00181672
         857     1.23002     1.39019  0.00182421
         858     1.34444     1.39013  0.00182286
         859     1.32947     1.39006   0.0018221
         860     1.35443     1.39002  0.00182046
         861     1.36961        1.39   0.0018185
         862      1.3835     1.38999   0.0018164
         863     1.48211      1.3901  0.00181743
         864     1.42844     1.39014  0.00181587
         865     1.42417     1.39018   0.0018142
         866       1.302     1.39008  0.00181496
         867     1.35892     1.39004  0.00181322
         868     1.39974     1.39005  0.00181116
         869     1.37433     1.39003  0.00180917
         870     1.27569      1.3899  0.00181186
         871     1.33846     1.38984  0.00181074
         872     1.41539     1.38987   0.0018089
         873     1.43976     1.38993  0.00180773
         874     1.40669     1.38995  0.00180577
         875     1.42737     1.38999  0.00180421
         876     1.39716        1.39  0.00180217
         877     1.43864     1.39006  0.00180097
         878     1.38388     1.39005  0.00179893
         879     1.36634     1.39002  0.00179708
         880      1.4092     1.39004  0.00179517
         881     1.36833     1.39002   0.0017933
         882     1.35285     1.38998  0.00179177
         883     1.34268     1.38992  0.00179054
         884     1.33473     1.38986   0.0017896
         885     1.28292     1.38974  0.00179165
         886     1.35751      1.3897     0.00179
         887     1.40548     1.38972  0.00178807
         888     1.32005     1.38964  0.00178778
         889     1.35128      1.3896  0.00178629
         890     1.33787     1.38954  0.00178523
         891     1.35378      1.3895  0.00178367
         892     1.37505     1.38949  0.00178175
         893     1.34142     1.38943  0.00178056
         894     1.35166     1.38939  0.00177907
         895     1.34278     1.38934  0.00177785
         896     1.34509     1.38929  0.00177655
         897     1.46606     1.38937  0.00177663
         898     1.40653     1.38939  0.00177475
         899      1.4511     1.38946  0.00177411
         900      1.4172     1.38949   0.0017724
         901     1.46846     1.38958   0.0017726
         902     1.41365     1.38961  0.00177084
         903     1.39308     1.38961  0.00176888
         904     1.44644     1.38967  0.00176804
         905     1.44026     1.38973  0.00176697
         906     1.44634     1.38979  0.00176612
         907     1.44914     1.38986  0.00176539
         908      1.4316      1.3899  0.00176404
         909      1.3864      1.3899  0.00176211
         910     1.34894     1.38985  0.00176075
         911     1.35328     1.38981  0.00175927
         912     1.34836     1.38977  0.00175793
         913     1.38861     1.38977    0.001756
         914     1.35935     1.38973   0.0017544
         915     1.36575     1.38971  0.00175268
         916      1.3536     1.38967  0.00175121
         917     1.34221     1.38962  0.00175006
         918     1.35882     1.38958  0.00174848
         919     1.39928     1.38959  0.00174661
         920     1.36763     1.38957  0.00174487
         921     1.41776      1.3896  0.00174324
         922     1.39886     1.38961  0.00174138
         923     1.41721     1.38964  0.00173975
         924     1.47799     1.38974  0.00174049
         925     1.40948     1.38976  0.00173874
         926     1.43539     1.38981  0.00173756
         927     1.41676     1.38984  0.00173593
         928     1.47502     1.38993  0.00173649
         929     1.43873     1.38998  0.00173541
         930     1.48253     1.39008   0.0017364
         931     1.42304     1.39011  0.00173489
         932      1.4363     1.39016  0.00173374
         933     1.39728     1.39017   0.0017319
         934     1.35856     1.39014  0.00173038
         935     1.35895      1.3901  0.00172885
         936     1.43514     1.39015  0.00172767
         937     1.42938     1.39019  0.00172633
         938     1.44424     1.39025  0.00172545
         939     1.40697     1.39027  0.00172371
         940     1.42121      1.3903  0.00172219
         941     1.43925     1.39035  0.00172114
         942     1.46187     1.39043  0.00172099
         943     1.47262     1.39052  0.00172137
         944       1.441     1.39057  0.00172038
         945     1.39849     1.39058  0.00171858
         946     1.39528     1.39058  0.00171677
         947     1.35198     1.39054  0.00171544
         948     1.34365     1.39049  0.00171434
         949     1.33289     1.39043  0.00171361
         950      1.2643      1.3903  0.00171694
         951     1.34598     1.39025  0.00171577
         952     1.27349     1.39013  0.00171834
         953     1.29462     1.39003  0.00171946
         954     1.32223     1.38996  0.00171913
         955     1.39049     1.38996  0.00171733
         956     1.44881     1.39002  0.00171663
         957     1.42407     1.39006  0.00171521
         958      1.3483     1.39001  0.00171397
         959     1.40374     1.39003  0.00171225
         960     1.42307     1.39006  0.00171081
         961     1.43037     1.39011  0.00170954
         962      1.4779      1.3902   0.0017102
         963     1.38827     1.39019  0.00170842
         964     1.36193     1.39017   0.0017069
         965     1.42407      1.3902   0.0017055
         966     1.39812     1.39021  0.00170375
         967      1.4044     1.39022  0.00170205
         968      1.4322     1.39027  0.00170085
         969      1.4974     1.39038  0.00170268
         970     1.42034     1.39041   0.0017012
         971     1.48546     1.39051  0.00170227
         972     1.41149     1.39053  0.00170065
         973     1.41375     1.39055  0.00169907
         974     1.51485     1.39068  0.00170211
         975     1.49378     1.39078  0.00170365
         976     1.41369     1.39081  0.00170207
         977     1.38912     1.39081  0.00170032
         978     1.42307     1.39084  0.00169891
         979     1.41192     1.39086  0.00169731
         980     1.39226     1.39086  0.00169558
         981     1.42848      1.3909  0.00169428
         982     1.40656     1.39092  0.00169263
         983     1.41413     1.39094  0.00169107
         984     1.38153     1.39093  0.00168938
         985     1.33223     1.39087  0.00168872
         986     1.35662     1.39084  0.00168736
         987     1.44493     1.39089  0.00168654
         988     1.38948     1.39089  0.00168484
         989     1.35517     1.39085  0.00168352
         990     1.32395     1.39079  0.00168317
         991     1.30913      1.3907  0.00168349
         992     1.39075      1.3907  0.00168179
         993     1.34112     1.39065  0.00168084
         994     1.41222     1.39068  0.00167929
         995     1.40155     1.39069  0.00167764
         996     1.42485     1.39072   0.0016763
         997     1.45172     1.39078  0.00167574
         998     1.40941      1.3908  0.00167416
         999     1.41624     1.39083  0.00167268
        1000     1.39248     1.39083  0.00167101
        1001     1.39854     1.39084  0.00166936
        1002     1.39504     1.39084   0.0016677
        1003     1.37487     1.39082  0.00166611
        1004     1.39085     1.39082  0.00166445
        1005     1.40693     1.39084  0.00166287
        1006     1.41952     1.39087  0.00166146
        1007      1.3958     1.39087  0.00165982
        1008     1.40785     1.39089  0.00165826
        1009     1.34338     1.39084  0.00165729
        1010     1.37596     1.39083  0.00165571
        1011     1.30461     1.39074  0.00165627
        1012     1.36045     1.39071   0.0016549
        1013     1.33373     1.39066  0.00165422
        1014     1.32446     1.39059  0.00165388
        1015     1.30483     1.39051  0.00165441
        1016     1.34389     1.39046  0.00165341
        1017     1.38635     1.39046  0.00165179
        1018     1.37146     1.39044  0.00165028
        1019     1.35739     1.39041  0.00164898
        1020     1.36984     1.39039  0.00164748
        1021     1.35875     1.39035  0.00164616
        1022     1.32906     1.39029  0.00164564
        1023     1.36227     1.39027  0.00164426
        1024     1.36534     1.39024  0.00164284
        1025     1.41169     1.39026  0.00164137
        1026     1.42572      1.3903  0.00164013
        1027     1.49653      1.3904  0.00164179
        1028     1.50024     1.39051  0.00164367
        1029     1.46382     1.39058  0.00164361
        1030     1.43748     1.39063  0.00164265
        1031     1.42581     1.39066  0.00164141
        1032     1.41756     1.39069  0.00164003
        1033     1.41402     1.39071  0.00163859
        1034     1.41766     1.39073  0.00163722
        1035     1.40833     1.39075  0.00163572
        1036     1.36395     1.39073  0.00163435
        1037     1.32237     1.39066   0.0016341
        1038     1.28481     1.39056  0.00163571
        1039     1.28188     1.39045  0.00163747
        1040     1.22661      1.3903  0.00164346
        1041      1.3041     1.39021  0.00164396
        1042     1.28738     1.39011  0.00164535
        1043     1.28249     1.39001    0.001647
        1044     1.29023     1.38992  0.00164819
        1045     1.32801     1.38986  0.00164768
        1046     1.38283     1.38985  0.00164612
        1047     1.27101     1.38974  0.00164846
        1048     1.27712     1.38963  0.00165038
        1049     1.27971     1.38952  0.00165213
        1050     1.24963     1.38939  0.00165592
        1051     1.27763     1.38928  0.00165776
        1052     1.24379     1.38915  0.00166194
        1053     1.26042     1.38902  0.00166485
        1054     1.30246     1.38894   0.0016653
        1055      1.2545     1.38881  0.00166859
        1056     1.30019     1.38873  0.00166912
        1057     1.32183     1.38867  0.00166874
        1058     1.27267     1.38856  0.00167076
        1059     1.31711     1.38849  0.00167054
        1060     1.27886     1.38839  0.00167216
        1061     1.31348     1.38832  0.00167208
        1062     1.36124     1.38829   0.0016707
        1063     1.40308      1.3883  0.00166918
        1064     1.35606     1.38827  0.00166789
        1065     1.34175     1.38823   0.0016669
        1066     1.44916     1.38829  0.00166631
        1067     1.33633     1.38824  0.00166546
        1068     1.36573     1.38822  0.00166404
        1069     1.33704     1.38817  0.00166317
        1070      1.3541     1.38814  0.00166192
        1071     1.38507     1.38813  0.00166037
        1072     1.32271     1.38807  0.00165994
        1073     1.42365     1.38811  0.00165873
        1074     1.47323     1.38819  0.00165907
        1075     1.47018     1.38826  0.00165928
        1076     1.44281     1.38831  0.00165851
        1077     1.44349     1.38836  0.00165777
        1078     1.42768      1.3884  0.00165663
        1079     1.36953     1.38838  0.00165519
        1080     1.33152     1.38833  0.00165449
        1081     1.39703     1.38834  0.00165298
        1082     1.34229      1.3883    0.001652
        1083     1.33357     1.38825  0.00165125
        1084     1.31458     1.38818  0.00165112
        1085     1.31392     1.38811  0.00165102
        1086      1.2938     1.38802  0.00165178
        1087     1.32832     1.38797  0.00165117
        1088      1.3212     1.38791   0.0016508
        1089     1.27195      1.3878  0.00165271
        1090     1.32925     1.38775  0.00165207
        1091     1.30755     1.38767  0.00165219
        1092     1.37115     1.38766  0.00165074
        1093     1.39453     1.38766  0.00164924
        1094     1.41265     1.38769   0.0016479
        1095     1.47309     1.38776  0.00164824
        1096     1.41652     1.38779  0.00164694
        1097     1.38825     1.38779  0.00164544
        1098     1.38202     1.38779  0.00164395
        1099     1.39761     1.38779  0.00164248
        1100     1.40042     1.38781  0.00164102
        1101      1.4284     1.38784  0.00163995
        1102     1.41997     1.38787  0.00163872
        1103     1.45027     1.38793  0.00163821
        1104     1.43281     1.38797  0.00163723
        1105      1.4968     1.38807  0.00163871
        1106     1.40251     1.38808  0.00163728
        1107     1.39501     1.38809  0.00163581
        1108     1.36289     1.38806  0.00163449
        1109        1.41     1.38808  0.00163314
        1110     1.28672     1.38799  0.00163422
        1111     1.29785     1.38791  0.00163476
        1112     1.33195     1.38786  0.00163406
        1113     1.35381     1.38783  0.00163288
        1114     1.39999     1.38784  0.00163145
        1115     1.35546     1.38781  0.00163025
        1116     1.34829     1.38778  0.00162917
        1117     1.37021     1.38776  0.00162779
        1118     1.43062      1.3878  0.00162678
        1119     1.45471     1.38786  0.00162643
        1120     1.40314     1.38787  0.00162503
        1121     1.39318     1.38788  0.00162359
        1122     1.45571     1.38794  0.00162327
        1123     1.45776       1.388  0.00162301
        1124     1.41926     1.38803  0.00162181
        1125     1.41063     1.38805  0.00162049
        1126     1.40623     1.38806  0.00161913
        1127     1.36861     1.38805  0.00161779
        1128      1.3879     1.38805  0.00161635
        1129     1.38376     1.38804  0.00161493
        1130     1.40905     1.38806  0.00161361
        1131     1.37144     1.38805  0.00161225
        1132      1.3924     1.38805  0.00161083
        1133     1.36295     1.38803  0.00160956
        1134     1.39987     1.38804  0.00160817
        1135     1.39503     1.38805  0.00160677
        1136     1.38223     1.38804  0.00160536
        1137     1.39194     1.38804  0.00160395
        1138     1.45179      1.3881  0.00160352
        1139     1.44634     1.38815  0.00160293
        1140     1.48932     1.38824  0.00160398
        1141     1.42462     1.38827  0.00160289
        1142     1.42325      1.3883  0.00160178
        1143     1.41469     1.38833  0.00160054
        1144     1.49321     1.38842  0.00160177
        1145     1.33669     1.38837    0.001601
        1146     1.34203     1.38833  0.00160012
        1147     1.28223     1.38824  0.00160139
        1148     1.34755      1.3882  0.00160039
        1149     1.37688     1.38819  0.00159903
        1150     1.36069     1.38817  0.00159782
        1151     1.41237     1.38819  0.00159657
        1152     1.35643     1.38816  0.00159542
        1153     1.36082     1.38814  0.00159421
        1154      1.4074     1.38816  0.00159292
        1155     1.46243     1.38822  0.00159284
        1156     1.43055     1.38826  0.00159188
        1157     1.40208     1.38827  0.00159055
        1158     1.44986     1.38832  0.00159006
        1159      1.4279     1.38836  0.00158906
        1160     1.40096     1.38837  0.00158773
        1161     1.34454     1.38833  0.00158681
        1162     1.39711     1.38834  0.00158546
        1163     1.42276     1.38837  0.00158437
        1164     1.37466     1.38836  0.00158305
        1165     1.41918     1.38838  0.00158192
        1166      1.3748     1.38837   0.0015806
        1167     1.39332     1.38837  0.00157925
        1168     1.43524     1.38841  0.00157841
        1169     1.38322     1.38841  0.00157707
        1170     1.41313     1.38843  0.00157586
        1171      1.4258     1.38846  0.00157484
        1172     1.45829     1.38852  0.00157462
        1173     1.44321     1.38857  0.00157397
        1174      1.4456     1.38862  0.00157338
        1175     1.37406     1.38861  0.00157209
        1176     1.39364     1.38861  0.00157076
        1177     1.33028     1.38856   0.0015702
        1178     1.35044     1.38853   0.0015692
        1179     1.38058     1.38852  0.00156789
        1180     1.35525     1.38849  0.00156681
        1181     1.33903     1.38845  0.00156605
        1182     1.43542     1.38849  0.00156522
        1183     1.46096     1.38855   0.0015651
        1184     1.33734     1.38851  0.00156438
        1185     1.31777     1.38845  0.00156419
        1186     1.39374     1.38845  0.00156288
        1187      1.3722     1.38844  0.00156162
        1188     1.39215     1.38844  0.00156031
        1189     1.37634     1.38843  0.00155903
        1190     1.34635      1.3884  0.00155813
        1191     1.36487     1.38838  0.00155694
        1192      1.3956     1.38838  0.00155565
        1193     1.37836     1.38838  0.00155437
        1194     1.31212     1.38831  0.00155438
        1195     1.39614     1.38832  0.00155309
        1196     1.42738     1.38835  0.00155213
        1197     1.43903     1.38839  0.00155141
        1198     1.29343     1.38831  0.00155214
        1199      1.3279     1.38826  0.00155167
        1200     1.39714     1.38827  0.00155039
        1201     1.33407     1.38823  0.00154976
        1202     1.30659     1.38816  0.00154996
        1203     1.35403     1.38813  0.00154893
        1204     1.31584     1.38807   0.0015488
        1205     1.34241     1.38803  0.00154798
        1206     1.38876     1.38803   0.0015467
        1207     1.35244       1.388   0.0015457
        1208     1.28196     1.38791  0.00154691
        1209     1.27233     1.38782  0.00154858
        1210     1.38209     1.38781  0.00154731
        1211     1.43033     1.38785  0.00154643
        1212     1.33295      1.3878  0.00154582
        1213     1.31585     1.38774  0.00154568
        1214     1.33243      1.3877  0.00154508
        1215     1.32651     1.38765  0.00154463
        1216      1.3177     1.38759  0.00154443
        1217     1.38464     1.38759  0.00154316
        1218     1.42696     1.38762  0.00154223
        1219      1.4267     1.38765   0.0015413
        1220     1.39967     1.38766  0.00154007
        1221     1.42114     1.38769  0.00153905
        1222     1.46725     1.38776  0.00153917
        1223     1.39172     1.38776  0.00153791
        1224     1.40479     1.38777  0.00153672
        1225     1.36685     1.38776  0.00153556
        1226     1.39327     1.38776  0.00153431
        1227      1.3808     1.38775  0.00153307
        1228     1.41773     1.38778  0.00153202
        1229     1.37209     1.38777  0.00153083
        1230     1.42939      1.3878  0.00152995
        1231     1.42357     1.38783  0.00152899
        1232     1.40694     1.38784  0.00152783
        1233     1.44887     1.38789  0.00152739
        1234     1.39386      1.3879  0.00152616
        1235     1.39217      1.3879  0.00152493
        1236     1.36943     1.38789  0.00152377
        1237     1.44714     1.38794  0.00152329
        1238     1.43195     1.38797  0.00152247
        1239     1.39103     1.38797  0.00152124
        1240     1.34491     1.38794  0.00152041
        1241     1.38505     1.38794  0.00151919
        1242     1.31788     1.38788  0.00151901
        1243     1.33396     1.38784  0.00151841
        1244     1.32179     1.38778  0.00151812
        1245      1.3532     1.38776  0.00151715
        1246     1.44507      1.3878  0.00151663
        1247     1.39593     1.38781  0.00151543
        1248     1.42943     1.38784  0.00151458
        1249     1.39418     1.38785  0.00151338
        1250     1.41887     1.38787  0.00151237
        1251     1.48267     1.38795  0.00151306
        1252      1.4237     1.38798  0.00151212
        1253     1.36625     1.38796  0.00151101
        1254       1.372     1.38795  0.00150986
        1255     1.39196     1.38795  0.00150866
        1256      1.3489     1.38792  0.00150778
        1257     1.38497     1.38792  0.00150658
        1258     1.45638     1.38797  0.00150637
        1259     1.40648     1.38798  0.00150524
        1260     1.42019     1.38801  0.00150427
        1261     1.39767     1.38802  0.00150309
        1262      1.3949     1.38802  0.00150191
        1263     1.36912     1.38801   0.0015008
        1264     1.36393     1.38799  0.00149973
        1265      1.3416     1.38795  0.00149899
        1266      1.3994     1.38796  0.00149784
        1267     1.41083     1.38798  0.00149676
        1268      1.4223     1.38801  0.00149583
        1269      1.3584     1.38798  0.00149483
        1270     1.37194     1.38797  0.00149371
        1271     1.39301     1.38797  0.00149254
        1272     1.50412     1.38807  0.00149415
        1273     1.49881     1.38815  0.00149551
        1274      1.4259     1.38818  0.00149463
        1275     1.39738     1.38819  0.00149348
        1276     1.35547     1.38816  0.00149253
        1277     1.37507     1.38815  0.00149139
        1278     1.37656     1.38814  0.00149025
        1279      1.4147     1.38817  0.00148923
        1280     1.38559     1.38816  0.00148807
        1281     1.40553     1.38818  0.00148697
        1282     1.43444     1.38821  0.00148625
        1283     1.42047     1.38824   0.0014853
        1284     1.37389     1.38823  0.00148419
        1285     1.40741     1.38824  0.00148311
        1286     1.35946     1.38822  0.00148212
        1287     1.44149     1.38826  0.00148155
        1288     1.43386      1.3883  0.00148082
        1289     1.43576     1.38833  0.00148013
        1290     1.45069     1.38838  0.00147977
        1291     1.44608     1.38843   0.0014793
        1292     1.40737     1.38844  0.00147823
        1293     1.37689     1.38843  0.00147711
        1294      1.4326     1.38847  0.00147637
        1295      1.4849     1.38854   0.0014771
        1296     1.40086     1.38855  0.00147599
        1297     1.43009     1.38858   0.0014752
        1298     1.40104     1.38859   0.0014741
        1299     1.49746     1.38868  0.00147534
        1300      1.4376     1.38871  0.00147469
        1301     1.42398     1.38874   0.0014738
        1302     1.39078     1.38874  0.00147267
        1303     1.46231      1.3888  0.00147262
        1304     1.47909     1.38887  0.00147312
        1305      1.3902     1.38887  0.00147199
        1306       1.409     1.38888  0.00147095
        1307     1.46269     1.38894  0.00147091
        1308     1.47395     1.38901  0.00147122
        1309     1.46226     1.38906  0.00147116
        1310     1.36526     1.38904  0.00147015
        1311     1.40237     1.38905  0.00146906
        1312     1.32501       1.389  0.00146875
        1313     1.30924     1.38894  0.00146889
        1314     1.36696     1.38893  0.00146786
        1315     1.33373     1.38889  0.00146735
        1316     1.31558     1.38883  0.00146729
        1317     1.31436     1.38877  0.00146727
        1318     1.36146     1.38875   0.0014663
        1319     1.35461     1.38873  0.00146542
        1320     1.39353     1.38873  0.00146431
        1321     1.41778     1.38875  0.00146337
        1322     1.34334     1.38872  0.00146266
        1323     1.33487     1.38868  0.00146212
        1324     1.35679     1.38865  0.00146122
        1325     1.35977     1.38863  0.00146028
        1326      1.2906     1.38856  0.00146105
        1327     1.36033     1.38854   0.0014601
        1328     1.29669     1.38847  0.00146064
        1329     1.38183     1.38846  0.00145955
        1330      1.4659     1.38852  0.00145961
        1331     1.51156     1.38861  0.00146144
        1332      1.4502     1.38866  0.00146107
        1333     1.39776     1.38867  0.00145999
        1334     1.37814     1.38866  0.00145892
        1335     1.42626     1.38869   0.0014581
        1336     1.37602     1.38868  0.00145704
        1337     1.39831     1.38868  0.00145597
        1338     1.33892     1.38865  0.00145535
        1339     1.41441     1.38867  0.00145439
        1340     1.38743     1.38866  0.00145331
        1341     1.39458     1.38867  0.00145223
        1342     1.29026      1.3886    0.001453
        1343     1.22766     1.38848  0.00145685
        1344      1.2958     1.38841   0.0014574
        1345     1.28022     1.38833  0.00145853
        1346     1.32301     1.38828  0.00145825
        1347     1.37704     1.38827   0.0014572
        1348     1.36009     1.38825  0.00145626
        1349     1.39732     1.38826   0.0014552
        1350     1.36272     1.38824  0.00145425
        1351     1.37073     1.38822  0.00145323
        1352     1.44175     1.38826  0.00145269
        1353     1.46615     1.38832  0.00145276
        1354     1.42494     1.38835  0.00145194
        1355     1.45971      1.3884  0.00145182
        1356     1.43072     1.38843  0.00145108
        1357     1.47582      1.3885  0.00145144
        1358     1.42478     1.38852  0.00145062
        1359     1.43134     1.38855   0.0014499
        1360     1.40459     1.38857  0.00144888
        1361     1.37627     1.38856  0.00144784
        1362     1.36189     1.38854  0.00144691
        1363     1.32356     1.38849  0.00144663
        1364     1.32254     1.38844  0.00144638
        1365     1.43354     1.38847   0.0014457
        1366     1.38377     1.38847  0.00144464
        1367     1.44128     1.38851   0.0014441
        1368     1.40049     1.38852  0.00144307
        1369     1.37581     1.38851  0.00144205
        1370     1.37988      1.3885  0.00144101
        1371     1.33577     1.38846  0.00144047
        1372     1.32906     1.38842  0.00144007
        1373     1.35076     1.38839  0.00143929
        1374     1.40464     1.38841  0.00143829
        1375     1.48894     1.38848   0.0014391
        1376     1.40766     1.38849  0.00143812
        1377     1.41588     1.38851  0.00143721
        1378      1.3471     1.38848  0.00143649
        1379     1.38008     1.38848  0.00143546
        1380     1.38665     1.38847  0.00143442
        1381     1.45433     1.38852  0.00143417
        1382     1.40441     1.38853  0.00143318
        1383     1.37871     1.38853  0.00143216
        1384     1.35897     1.38851  0.00143128
        1385      1.3693     1.38849  0.00143032
        1386     1.46988     1.38855  0.00143049
        1387     1.39123     1.38855  0.00142946
        1388       1.367     1.38854  0.00142852
        1389     1.42852     1.38857  0.00142778
        1390     1.40795     1.38858  0.00142682
        1391     1.38538     1.38858  0.00142579
        1392     1.34714     1.38855  0.00142508
        1393     1.41836     1.38857  0.00142422
        1394     1.33891     1.38853  0.00142364
        1395     1.42982     1.38856  0.00142293
        1396     1.47702     1.38863  0.00142332
        1397     1.43158     1.38866  0.00142263
        1398     1.33132     1.38862  0.00142221
        1399     1.37783     1.38861  0.00142121
        1400     1.41183     1.38862  0.00142029
        1401     1.34894      1.3886  0.00141956
        1402     1.43505     1.38863  0.00141894
        1403     1.44254     1.38867  0.00141844
        1404     1.37952     1.38866  0.00141745
        1405     1.42425     1.38869  0.00141667
        1406     1.41185      1.3887  0.00141575
        1407     1.46379     1.38876  0.00141575
        1408     1.46625     1.38881  0.00141582
        1409     1.49236     1.38889  0.00141672
        1410     1.44137     1.38892   0.0014162
        1411     1.46302     1.38898  0.00141617
        1412     1.49075     1.38905    0.001417
        1413     1.42025     1.38907  0.00141617
        1414     1.41562     1.38909  0.00141529
        1415     1.38313     1.38908   0.0014143
        1416      1.4387     1.38912  0.00141374
        1417      1.4048     1.38913  0.00141278
        1418     1.44422     1.38917  0.00141232
        1419     1.46838     1.38922  0.00141243
        1420     1.41688     1.38924  0.00141157
        1421     1.43127     1.38927  0.00141088
        1422     1.40498     1.38928  0.00140993
        1423     1.39568     1.38929  0.00140895
        1424     1.41657     1.38931  0.00140809
        1425     1.38881     1.38931   0.0014071
        1426     1.41923     1.38933  0.00140627
        1427     1.39731     1.38933   0.0014053
        1428     1.38983     1.38933  0.00140431
        1429     1.42217     1.38936  0.00140352
        1430     1.42097     1.38938  0.00140271
        1431     1.39527     1.38938  0.00140174
        1432     1.39705     1.38939  0.00140077
        1433      1.4293     1.38942  0.00140007
        1434     1.44235     1.38945  0.00139958
        1435     1.50674     1.38954  0.00140099
        1436     1.47187     1.38959  0.00140118
        1437     1.43406     1.38962  0.00140055
        1438     1.33661     1.38959  0.00140006
        1439     1.36897     1.38957  0.00139916
        1440     1.40705     1.38959  0.00139824
        1441      1.3962     1.38959  0.00139728
        1442     1.41119      1.3896  0.00139639
        1443     1.41003     1.38962   0.0013955
        1444     1.38403     1.38962  0.00139454
        1445     1.39409     1.38962  0.00139357
        1446     1.46062     1.38967  0.00139347
        1447     1.43257      1.3897  0.00139283
        1448     1.40678     1.38971  0.00139192
        1449     1.40021     1.38972  0.00139097
        1450     1.37188      1.3897  0.00139007
        1451     1.35597     1.38968  0.00138931
        1452      1.4256     1.38971  0.00138857
        1453     1.35766     1.38968  0.00138779
        1454      1.3782     1.38968  0.00138686
        1455     1.39454     1.38968  0.00138591
        1456     1.46594     1.38973  0.00138594
        1457     1.44128     1.38977  0.00138544
        1458      1.3898     1.38977  0.00138449
        1459      1.4463     1.38981  0.00138409
        1460      1.3804      1.3898  0.00138315
        1461     1.43903     1.38983  0.00138262
        1462     1.46315     1.38988  0.00138258
        1463     1.44026     1.38992  0.00138207
        1464     1.40404     1.38993  0.00138116
        1465     1.41593     1.38994  0.00138033
        1466     1.44019     1.38998  0.00137981
        1467     1.39593     1.38998  0.00137888
        1468     1.33294     1.38994  0.00137848
        1469     1.29927     1.38988  0.00137893
        1470     1.39692     1.38989    0.001378
        1471     1.38384     1.38988  0.00137707
        1472     1.49939     1.38996  0.00137814
        1473     1.44128     1.38999  0.00137764
        1474     1.44559     1.39003  0.00137723
        1475     1.39656     1.39003   0.0013763
        1476     1.31692     1.38998  0.00137626
        1477     1.38312     1.38998  0.00137533
        1478     1.38762     1.38998   0.0013744
        1479     1.48258     1.39004   0.0013749
        1480     1.39082     1.39004  0.00137397
        1481       1.442     1.39008  0.00137349
        1482     1.39878     1.39008  0.00137258
        1483     1.36892     1.39007  0.00137173
        1484     1.42425     1.39009  0.00137099
        1485     1.42026     1.39011  0.00137022
        1486     1.46377     1.39016   0.0013702
        1487     1.45944     1.39021  0.00137007
        1488     1.43529     1.39024  0.00136948
        1489     1.45439     1.39028  0.00136924
        1490      1.4097     1.39029  0.00136838
        1491     1.45293     1.39034  0.00136811
        1492     1.46064     1.39038    0.001368
        1493     1.46898     1.39044   0.0013681
        1494     1.52088     1.39052  0.00136997
        1495      1.4192     1.39054  0.00136918
        1496     1.46629     1.39059  0.00136921
        1497     1.47797     1.39065  0.00136953
        1498     1.47602     1.39071   0.0013698
        1499     1.45636     1.39075  0.00136959
        1500     1.44679     1.39079  0.00136919
