           1         1.8         1.8           0
           2         1.8         1.8           0
           3         1.8         1.8 1.21667e-08
           4         1.8         1.8           0
           5         1.8         1.8           0
           6         1.8         1.8           0
           7         1.8         1.8           0
           8         1.8         1.8           0
           9         1.8         1.8 7.02447e-09
          10         1.8         1.8           0
          11         1.8         1.8           0
          12         1.8         1.8           0
          13         1.8         1.8           0
          14         1.8         1.8           0
          15         1.8         1.8           0
          16         1.8         1.8           0
          17         1.8         1.8           0
          18         1.8         1.8 4.96705e-09
          19         1.8         1.8 8.37373e-09
          20         1.8         1.8   6.664e-09
          21         1.8         1.8  9.1972e-09
          22         1.8         1.8 7.78188e-09
          23         1.8         1.8 9.82553e-09
          24         1.8         1.8 8.60319e-09
          25         1.8         1.8 1.03238e-08
          26         1.8         1.8 9.24131e-09
          27         1.8         1.8 9.93411e-09
          28         1.8         1.8 8.90515e-09
          29         1.8         1.8 8.75026e-09
          30         1.8         1.8 8.60319e-09
          31         1.8         1.8 9.27107e-09
          32         1.8         1.8 9.12506e-09
          33         1.8         1.8 8.98574e-09
          34         1.8         1.8 8.08129e-09
          35         1.8         1.8 9.42432e-09
          36         1.8         1.8 9.29251e-09
          37         1.8         1.8 9.16607e-09
          38         1.8         1.8 9.04466e-09
          39         1.8         1.8 8.26568e-09
          40         1.8         1.8   9.996e-09
          41         1.8         1.8 1.04074e-08
          42         1.8         1.8 1.02828e-08
          43         1.8         1.8 1.06585e-08
          44         1.8         1.8 1.05367e-08
          45         1.8         1.8 1.08823e-08
          46         1.8         1.8 1.07633e-08
          47         1.8         1.8 1.19051e-08
          48         1.8         1.8 1.17804e-08
          49         1.8         1.8 1.16596e-08
          50         1.8         1.8 1.19209e-08
          51         1.8         1.8 1.18035e-08
          52         1.8         1.8 1.20492e-08
          53         1.8         1.8  1.1935e-08
          54         1.8         1.8  1.1824e-08
          55         1.8         1.8 1.20556e-08
          56         1.8         1.8 1.19475e-08
          57         1.8         1.8 1.21667e-08
          58         1.8         1.8 1.20614e-08
          59         1.8         1.8 1.22694e-08
          60         1.8         1.8 1.21667e-08
          61         1.8         1.8 1.20666e-08
          62         1.8         1.8 1.22645e-08
          63         1.8         1.8 1.21667e-08
          64         1.8         1.8 1.20713e-08
          65         1.8         1.8 1.19781e-08
          66         1.8         1.8  1.1887e-08
          67         1.8         1.8 1.20756e-08
          68         1.8         1.8 1.19865e-08
          69         1.8         1.8 1.18993e-08
          70         1.8         1.8  1.1814e-08
          71         1.8         1.8 1.17305e-08
          72         1.8         1.8 1.19106e-08
          73         1.8         1.8 1.18287e-08
          74         1.8         1.8 1.14903e-08
          75         1.8         1.8 1.08823e-08
          76         1.8         1.8 1.02557e-08
          77         1.8         1.8 1.04681e-08
          78         1.8         1.8 9.83812e-09
          79         1.8         1.8 9.18263e-09
          80         1.8         1.8 8.49497e-09
          81         1.8         1.8 8.44237e-09
          82         1.8         1.8 8.06155e-09
          83         1.8         1.8 7.31469e-09
          84         1.8         1.8 7.27102e-09
          85         1.8         1.8 6.46503e-09
          86         1.8         1.8 6.42733e-09
          87         1.8         1.8 5.53415e-09
          88         1.8         1.8 5.02318e-09
          89         1.8         1.8 4.99488e-09
          90         1.8         1.8 4.44267e-09
          91         1.8         1.8 4.41819e-09
          92         1.8         1.8 3.10711e-09
          93         1.8         1.8 3.09036e-09
          94         1.8         1.8           0
          95         1.8         1.8           0
          96         1.8         1.8 3.04169e-09
          97         1.8         1.8 3.02597e-09
          98         1.8         1.8 3.01049e-09
          99         1.8         1.8 2.99525e-09
         100         1.8         1.8 2.98023e-09
         101         1.8         1.8 4.19377e-09
         102         1.8         1.8 4.17316e-09
         103         1.8         1.8 5.08618e-09
         104         1.8         1.8 5.06167e-09
         105         1.8         1.8 5.81682e-09
         106         1.8         1.8 5.78931e-09
         107         1.8         1.8  5.7622e-09
         108         1.8         1.8 6.08337e-09
         109         1.8         1.8  6.0554e-09
         110         1.8         1.8 6.02782e-09
         111         1.8         1.8 6.32519e-09
         112         1.8         1.8 6.29689e-09
         113         1.8         1.8 6.26897e-09
         114         1.8         1.8 6.83712e-09
         115         1.8         1.8 6.80733e-09
         116         1.8         1.8 6.77792e-09
         117         1.8         1.8 7.28964e-09
         118         1.8         1.8 7.25869e-09
         119         1.8         1.8 7.22812e-09
         120         1.8         1.8 7.69493e-09
         121         1.8         1.8 7.41973e-09
         122         1.8         1.8 7.38926e-09
         123         1.8         1.8 7.83442e-09
         124         1.8         1.8 7.80277e-09
         125         1.8         1.8 7.77149e-09
         126         1.8         1.8 7.74059e-09
         127         1.8         1.8 7.93359e-09
         128         1.8         1.8 7.90253e-09
         129         1.8         1.8 7.87184e-09
         130         1.8         1.8 8.26568e-09
         131         1.8         1.8 8.23407e-09
         132         1.8         1.8 8.20282e-09
         133         1.8         1.8 8.17192e-09
         134         1.8         1.8 8.53875e-09
         135         1.8         1.8 8.50706e-09
         136         1.8         1.8 8.47573e-09
         137         1.8         1.8 8.25058e-09
         138         1.8         1.8 8.22063e-09
         139         1.8         1.8 8.57219e-09
         140         1.8         1.8 8.54152e-09
         141         1.8         1.8 8.51117e-09
         142         1.8         1.8 8.48115e-09
         143         1.8         1.8 8.81124e-09
         144         1.8         1.8 8.78059e-09
         145         1.8         1.8 8.75026e-09
         146         1.8         1.8 8.72025e-09
         147         1.8         1.8 8.69053e-09
         148         1.8         1.8 8.83265e-09
         149         1.8         1.8 8.80296e-09
         150         1.8         1.8 8.77357e-09
         151         1.8         1.8 8.74447e-09
         152         1.8         1.8 8.71565e-09
         153         1.8         1.8 9.01506e-09
         154         1.8         1.8 8.98574e-09
         155         1.8         1.8 8.95671e-09
         156         1.8         1.8 8.92795e-09
         157         1.8         1.8 8.89947e-09
         158         1.8         1.8 8.71141e-09
         159         1.8         1.8 8.99986e-09
         160         1.8         1.8 8.97169e-09
         161         1.8         1.8 8.94378e-09
         162         1.8         1.8 8.91613e-09
         163         1.8         1.8 8.88874e-09
         164         1.8         1.8  8.8616e-09
         165         1.8         1.8 9.13427e-09
         166         1.8         1.8 9.10672e-09
         167         1.8         1.8 9.07941e-09
         168         1.8         1.8 9.05235e-09
         169         1.8         1.8 9.02553e-09
         170         1.8         1.8 8.99894e-09
         171         1.8         1.8 9.25751e-09
         172         1.8         1.8 9.23056e-09
         173         1.8         1.8 9.20384e-09
         174         1.8         1.8 9.17735e-09
         175         1.8         1.8 9.15109e-09
         176         1.8         1.8 9.12506e-09
         177         1.8         1.8 9.09925e-09
         178         1.8         1.8  9.2101e-09
         179         1.8         1.8 9.18434e-09
         180         1.8         1.8 9.15879e-09
         181         1.8         1.8 9.13346e-09
         182         1.8         1.8 9.10833e-09
         183         1.8         1.8 9.08341e-09
         184         1.8         1.8  9.0587e-09
         185         1.8         1.8 9.03418e-09
         186         1.8         1.8 9.27107e-09
         187         1.8         1.8 9.11692e-09
         188         1.8         1.8 9.09264e-09
         189         1.8         1.8 9.06856e-09
         190         1.8         1.8 9.04466e-09
         191         1.8         1.8 9.02095e-09
         192         1.8         1.8 8.99743e-09
         193         1.8         1.8 8.97409e-09
         194         1.8         1.8 9.20312e-09
         195         1.8         1.8 9.17949e-09
         196         1.8         1.8 9.15605e-09
         197         1.8         1.8 9.13278e-09
         198         1.8         1.8 9.10969e-09
         199         1.8         1.8 9.08677e-09
         200         1.8         1.8 9.06402e-09
         201         1.8         1.8 9.04145e-09
         202         1.8         1.8 9.01904e-09
         203         1.8         1.8 9.23675e-09
         204         1.8         1.8 9.21409e-09
         205         1.8         1.8 9.19159e-09
         206         1.8         1.8 9.16925e-09
         207         1.8         1.8 9.14708e-09
         208         1.8         1.8 9.12506e-09
         209         1.8         1.8  9.1032e-09
         210         1.8         1.8  9.0815e-09
         211         1.8         1.8 9.05996e-09
         212         1.8         1.8 9.03856e-09
         213         1.8         1.8 9.24565e-09
         214         1.8         1.8 9.22402e-09
         215         1.8         1.8 9.20254e-09
         216         1.8         1.8 9.18122e-09
         217         1.8         1.8 9.16004e-09
         218         1.8         1.8   9.139e-09
         219         1.8         1.8 9.11811e-09
         220         1.8         1.8 9.09737e-09
         221         1.8         1.8 9.07676e-09
         222         1.8         1.8 9.05629e-09
         223         1.8         1.8 9.03597e-09
         224         1.8         1.8 9.12506e-09
         225         1.8         1.8 9.10476e-09
         226         1.8         1.8 9.08459e-09
         227         1.8         1.8 9.06456e-09
         228         1.8         1.8 8.93634e-09
         229         1.8         1.8 8.91681e-09
         230         1.8         1.8  8.8974e-09
         231         1.8         1.8 8.87812e-09
         232         1.8         1.8 8.85897e-09
         233         1.8         1.8 8.83994e-09
         234         1.8         1.8 8.82103e-09
         235         1.8         1.8 8.80224e-09
         236         1.8         1.8 8.99525e-09
         237         1.8         1.8 8.97625e-09
         238         1.8         1.8 8.95738e-09
         239         1.8         1.8 8.93862e-09
         240         1.8         1.8 8.91998e-09
         241         1.8         1.8 8.90145e-09
         242         1.8         1.8 8.88304e-09
         243         1.8         1.8 8.86474e-09
         244         1.8         1.8 8.84656e-09
         245         1.8         1.8 8.82849e-09
         246         1.8         1.8 8.81052e-09
         247         1.8         1.8 8.79267e-09
         248         1.8         1.8 8.77493e-09
         249         1.8         1.8 8.95863e-09
         250         1.8         1.8  8.9407e-09
         251         1.8         1.8 8.92287e-09
         252         1.8         1.8 8.90515e-09
         253         1.8         1.8 8.88753e-09
         254         1.8         1.8 8.87002e-09
         255         1.8         1.8 8.85261e-09
         256         1.8         1.8  8.8353e-09
         257         1.8         1.8  8.8181e-09
         258         1.8         1.8 8.80099e-09
         259         1.8         1.8 8.78398e-09
         260         1.8         1.8 8.76707e-09
         261         1.8         1.8 8.75026e-09
         262         1.8         1.8 8.73355e-09
         263         1.8         1.8 8.71693e-09
         264         1.8         1.8 8.89164e-09
         265         1.8         1.8 8.87485e-09
         266         1.8         1.8 8.85815e-09
         267         1.8         1.8 8.84155e-09
         268         1.8         1.8 8.82504e-09
         269         1.8         1.8 8.80862e-09
         270         1.8         1.8 8.79229e-09
         271         1.8         1.8 8.77606e-09
         272         1.8         1.8 8.75991e-09
         273         1.8         1.8 8.74385e-09
         274         1.8         1.8 8.72788e-09
         275         1.8         1.8   8.712e-09
         276         1.8         1.8  8.6962e-09
         277         1.8         1.8 8.68049e-09
         278         1.8         1.8 8.66486e-09
         279         1.8         1.8 8.64932e-09
         280         1.8         1.8 8.63386e-09
         281         1.8         1.8 8.79995e-09
         282         1.8         1.8 8.78433e-09
         283         1.8         1.8  8.7688e-09
         284         1.8         1.8 8.75334e-09
         285         1.8         1.8 8.73797e-09
         286         1.8         1.8 8.54282e-09
         287         1.8         1.8  8.3445e-09
         288         1.8         1.8 8.14279e-09
         289         1.8         1.8  7.9374e-09
         290         1.8         1.8  7.9237e-09
         291         1.8         1.8 7.81301e-09
         292         1.8         1.8 7.60213e-09
         293         1.8         1.8 7.28342e-09
         294         1.8         1.8 7.06022e-09
         295         1.8         1.8 7.04825e-09
         296         1.8         1.8 6.81978e-09
         297         1.8         1.8 6.69757e-09
         298         1.8         1.8 6.45961e-09
         299         1.8         1.8 6.21421e-09
         300         1.8         1.8 6.20385e-09
         301         1.8         1.8 5.95056e-09
         302         1.8         1.8 5.68778e-09
         303         1.8         1.8 5.54783e-09
         304         1.8         1.8  5.5387e-09
         305         1.8         1.8 5.25971e-09
         306         1.8         1.8 4.96705e-09
         307         1.8         1.8 4.65813e-09
         308         1.8         1.8 4.65056e-09
         309         1.8         1.8 4.32243e-09
         310         1.8         1.8 4.14615e-09
         311         1.8         1.8 4.13948e-09
         312         1.8         1.8 3.77275e-09
         313         1.8         1.8 3.36905e-09
         314         1.8         1.8 2.91304e-09
         315         1.8         1.8 2.90841e-09
         316         1.8         1.8 2.37095e-09
         317         1.8         1.8 2.05006e-09
         318         1.8         1.8 2.04683e-09
         319         1.8         1.8 1.17989e-09
         320         1.8         1.8 1.17804e-09
         321         1.8         1.8  1.1762e-09
         322         1.8         1.8 2.03408e-09
         323         1.8         1.8 2.62192e-09
         324         1.8         1.8 2.61787e-09
         325         1.8         1.8 2.86331e-09
         326         1.8         1.8  3.3012e-09
         327         1.8         1.8 3.29614e-09
         328         1.8         1.8 3.67958e-09
         329         1.8         1.8 3.67398e-09
         330         1.8         1.8 4.01854e-09
         331         1.8         1.8 4.33396e-09
         332         1.8         1.8 4.32743e-09
         333         1.8         1.8 4.47259e-09
         334         1.8         1.8  4.7543e-09
         335         1.8         1.8  4.7472e-09
         336         1.8         1.8 5.01121e-09
         337         1.8         1.8 5.00377e-09
         338         1.8         1.8 5.25275e-09
         339         1.8         1.8 5.48908e-09
         340         1.8         1.8   5.481e-09
         341         1.8         1.8 5.59067e-09
         342         1.8         1.8 5.58249e-09
         343         1.8         1.8 5.80196e-09
         344         1.8         1.8 6.01222e-09
         345         1.8         1.8  6.0035e-09
         346         1.8         1.8 6.20523e-09
         347         1.8         1.8 6.19628e-09
         348         1.8         1.8 6.39029e-09
         349         1.8         1.8 6.38113e-09
         350         1.8         1.8  6.4708e-09
         351         1.8         1.8  6.6545e-09
         352         1.8         1.8 6.64504e-09
         353         1.8         1.8 6.82258e-09
         354         1.8         1.8 6.81294e-09
         355         1.8         1.8 6.98479e-09
         356         1.8         1.8 6.97497e-09
         357         1.8         1.8 7.14156e-09
         358         1.8         1.8 7.13158e-09
         359         1.8         1.8 7.20796e-09
         360         1.8         1.8 7.19794e-09
         361         1.8         1.8 7.35712e-09
         362         1.8         1.8 7.34695e-09
         363         1.8         1.8 7.50172e-09
         364         1.8         1.8 7.65253e-09
         365         1.8         1.8 7.64204e-09
         366         1.8         1.8 7.78896e-09
         367         1.8         1.8 7.77834e-09
         368         1.8         1.8 7.84506e-09
         369         1.8         1.8 7.83442e-09
         370         1.8         1.8 7.97576e-09
         371         1.8         1.8 7.96501e-09
         372         1.8         1.8 8.10298e-09
         373         1.8         1.8 8.09211e-09
         374         1.8         1.8 8.22691e-09
         375         1.8         1.8 8.21593e-09
         376         1.8         1.8 8.34771e-09
         377         1.8         1.8 8.33663e-09
         378         1.8         1.8 8.32559e-09
         379         1.8         1.8 8.38477e-09
         380         1.8         1.8 8.37373e-09
         381         1.8         1.8 8.50097e-09
         382         1.8         1.8 8.48984e-09
         383         1.8         1.8 8.61441e-09
         384         1.8         1.8 8.60319e-09
         385         1.8         1.8 8.72523e-09
         386         1.8         1.8 8.71392e-09
         387         1.8         1.8 8.83353e-09
         388         1.8         1.8 8.82214e-09
         389         1.8         1.8 8.87534e-09
         390         1.8         1.8 8.86395e-09
         391         1.8         1.8 8.97999e-09
         392         1.8         1.8 8.96853e-09
         393         1.8         1.8 8.95711e-09
         394         1.8         1.8 9.07086e-09
         395         1.8         1.8 9.05937e-09
         396         1.8         1.8 9.17103e-09
         397         1.8         1.8 9.15947e-09
         398         1.8         1.8 9.26913e-09
         399         1.8         1.8 9.25751e-09
         400         1.8         1.8 9.24593e-09
         401         1.8         1.8 9.29416e-09
         402         1.8         1.8 9.28259e-09
         403         1.8         1.8 9.38918e-09
         404         1.8         1.8 9.37755e-09
         405         1.8         1.8 9.48232e-09
         406         1.8         1.8 9.47063e-09
         407         1.8         1.8 9.45899e-09
         408         1.8         1.8 9.56191e-09
         409         1.8         1.8 9.55021e-09
         410         1.8         1.8  9.7074e-09
         411         1.8         1.8 9.69558e-09
         412         1.8         1.8 9.68381e-09
         413         1.8         1.8  9.7275e-09
         414         1.8         1.8 9.71575e-09
         415         1.8         1.8 9.81369e-09
         416         1.8         1.8 9.80189e-09
         417         1.8         1.8 9.79013e-09
         418         1.8         1.8 9.88646e-09
         419         1.8         1.8 9.87466e-09
         420         1.8         1.8 9.96952e-09
         421         1.8         1.8 9.95768e-09
         422         1.8         1.8 9.94587e-09
         423         1.8         1.8 1.00392e-08
         424         1.8         1.8 1.00274e-08
         425         1.8         1.8 1.00676e-08
         426         1.8         1.8 1.00558e-08
         427         1.8         1.8  1.0044e-08
         428         1.8         1.8 1.01352e-08
         429         1.8         1.8 1.01233e-08
         430         1.8         1.8 1.01116e-08
         431         1.8         1.8 1.02013e-08
         432         1.8         1.8 1.01895e-08
         433         1.8         1.8  1.0278e-08
         434         1.8         1.8 1.02662e-08
         435         1.8         1.8 1.02544e-08
         436         1.8         1.8 1.03416e-08
         437         1.8         1.8 1.03297e-08
         438         1.8         1.8 1.03179e-08
         439         1.8         1.8 1.03551e-08
         440         1.8         1.8 1.03434e-08
         441         1.8         1.8 1.03316e-08
         442         1.8         1.8 1.04168e-08
         443         1.8         1.8 1.04051e-08
         444         1.8         1.8 1.03933e-08
         445         1.8         1.8 1.04773e-08
         446         1.8         1.8 1.04656e-08
         447         1.8         1.8 1.05485e-08
         448         1.8         1.8 1.05367e-08
         449         1.8         1.8  1.0525e-08
         450         1.8         1.8 1.06067e-08
         451         1.8         1.8  1.0595e-08
         452         1.8         1.8 1.05832e-08
         453         1.8         1.8 1.06178e-08
         454         1.8         1.8 1.06061e-08
         455         1.8         1.8 1.05944e-08
         456         1.8         1.8 1.06745e-08
         457         1.8         1.8 1.06628e-08
         458         1.8         1.8 1.06511e-08
         459         1.8         1.8 1.07301e-08
         460         1.8         1.8 1.07184e-08
         461         1.8         1.8 1.07068e-08
         462         1.8         1.8 1.06952e-08
         463         1.8         1.8  1.0773e-08
         464         1.8         1.8 1.07614e-08
         465         1.8         1.8 1.07498e-08
         466         1.8         1.8 1.08267e-08
         467         1.8         1.8 1.08151e-08
         468         1.8         1.8 1.08035e-08
         469         1.8         1.8 1.08358e-08
         470         1.8         1.8 1.08242e-08
         471         1.8         1.8 1.08127e-08
         472         1.8         1.8  1.0888e-08
         473         1.8         1.8 1.08765e-08
         474         1.8         1.8  1.0865e-08
         475         1.8         1.8 1.09394e-08
         476         1.8         1.8 1.09279e-08
         477         1.8         1.8 1.09164e-08
         478         1.8         1.8  1.0905e-08
         479         1.8         1.8 1.09784e-08
         480         1.8         1.8  1.0967e-08
         481         1.8         1.8 1.09556e-08
         482         1.8         1.8  1.1028e-08
         483         1.8         1.8 1.10166e-08
         484         1.8         1.8 1.10052e-08
         485         1.8         1.8 1.10355e-08
         486         1.8         1.8 1.10241e-08
         487         1.8         1.8 1.10128e-08
         488         1.8         1.8 1.10015e-08
         489         1.8         1.8 1.10725e-08
         490         1.8         1.8 1.10612e-08
         491         1.8         1.8   1.105e-08
         492         1.8         1.8 1.11202e-08
         493         1.8         1.8 1.11089e-08
         494         1.8         1.8 1.10977e-08
         495         1.8         1.8 1.10865e-08
         496         1.8         1.8 1.11558e-08
         497         1.8         1.8 1.11446e-08
         498         1.8         1.8 1.11334e-08
         499         1.8         1.8  1.1202e-08
         500         1.8         1.8 1.11908e-08
         501         1.8         1.8 1.11796e-08
         502         1.8         1.8 1.11684e-08
         503         1.8         1.8 1.11968e-08
         504         1.8         1.8 1.11857e-08
         505         1.8         1.8 1.11746e-08
         506         1.8         1.8 1.11636e-08
         507         1.8         1.8 1.12308e-08
         508         1.8         1.8 1.12198e-08
         509         1.8         1.8 1.12088e-08
         510         1.8         1.8 1.11978e-08
         511         1.8         1.8 1.12642e-08
         512         1.8         1.8 1.12532e-08
         513         1.8         1.8 1.12422e-08
         514         1.8         1.8  1.1308e-08
         515         1.8         1.8  1.1297e-08
         516         1.8         1.8  1.1286e-08
         517         1.8         1.8 1.12751e-08
         518         1.8         1.8 1.13401e-08
         519         1.8         1.8 1.13291e-08
         520         1.8         1.8 1.13182e-08
         521         1.8         1.8 1.13074e-08
         522         1.8         1.8 1.13341e-08
         523         1.8         1.8 1.13233e-08
         524         1.8         1.8 1.13125e-08
         525         1.8         1.8 1.13017e-08
         526         1.8         1.8 1.13655e-08
         527         1.8         1.8 1.13547e-08
         528         1.8         1.8 1.13439e-08
         529         1.8         1.8 1.13332e-08
         530         1.8         1.8 1.13963e-08
         531         1.8         1.8 1.13855e-08
         532         1.8         1.8 1.13748e-08
         533         1.8         1.8 1.13642e-08
         534         1.8         1.8 1.14265e-08
         535         1.8         1.8 1.14158e-08
         536         1.8         1.8 1.14052e-08
         537         1.8         1.8 1.13946e-08
         538         1.8         1.8  1.1384e-08
         539         1.8         1.8 1.14456e-08
         540         1.8         1.8  1.1435e-08
         541         1.8         1.8 1.14244e-08
         542         1.8         1.8 1.14139e-08
         543         1.8         1.8 1.14392e-08
         544         1.8         1.8 1.14287e-08
         545         1.8         1.8 1.14182e-08
         546         1.8         1.8 1.14077e-08
         547         1.8         1.8 1.14683e-08
         548         1.8         1.8 1.14578e-08
         549         1.8         1.8 1.14474e-08
         550         1.8         1.8  1.1437e-08
         551         1.8         1.8 1.14266e-08
         552         1.8         1.8 1.14865e-08
         553         1.8         1.8 1.14761e-08
         554         1.8         1.8 1.14657e-08
         555         1.8         1.8 1.14554e-08
         556         1.8         1.8 1.15147e-08
         557         1.8         1.8 1.15043e-08
         558         1.8         1.8  1.1494e-08
         559         1.8         1.8 1.14837e-08
         560         1.8         1.8 1.14735e-08
         561         1.8         1.8 1.15321e-08
         562         1.8         1.8 1.15218e-08
         563         1.8         1.8 1.15116e-08
         564         1.8         1.8 1.15014e-08
         565         1.8         1.8 1.15254e-08
         566         1.8         1.8 1.15152e-08
         567         1.8         1.8  1.1505e-08
         568         1.8         1.8 1.14949e-08
         569         1.8         1.8 1.14848e-08
         570         1.8         1.8 1.15424e-08
         571         1.8         1.8 1.15323e-08
         572         1.8         1.8 1.15222e-08
         573         1.8         1.8 1.15121e-08
         574         1.8         1.8 1.15021e-08
         575         1.8         1.8 1.15591e-08
         576         1.8         1.8 1.15491e-08
         577         1.8         1.8 1.15391e-08
         578         1.8         1.8 1.15291e-08
         579         1.8         1.8 1.15855e-08
         580         1.8         1.8 1.15755e-08
         581         1.8         1.8 1.15655e-08
         582         1.8         1.8 1.15556e-08
         583         1.8         1.8 1.15457e-08
         584         1.8         1.8 1.16015e-08
         585         1.8         1.8 1.15916e-08
         586         1.8         1.8 1.15817e-08
         587         1.8         1.8 1.15718e-08
         588         1.8         1.8  1.1562e-08
         589         1.8         1.8 1.15848e-08
         590         1.8         1.8 1.15749e-08
         591         1.8         1.8 1.15652e-08
         592         1.8         1.8 1.15554e-08
         593         1.8         1.8 1.15456e-08
         594         1.8         1.8 1.15359e-08
         595         1.8         1.8 1.15908e-08
         596         1.8         1.8 1.15811e-08
         597         1.8         1.8 1.15714e-08
         598         1.8         1.8 1.15617e-08
         599         1.8         1.8  1.1552e-08
         600         1.8         1.8 1.16063e-08
         601         1.8         1.8 1.15967e-08
         602         1.8         1.8  1.1587e-08
         603         1.8         1.8 1.15774e-08
         604         1.8         1.8 1.15678e-08
         605         1.8         1.8 1.16216e-08
         606         1.8         1.8  1.1612e-08
         607         1.8         1.8 1.16024e-08
         608         1.8         1.8 1.15929e-08
         609         1.8         1.8 1.15834e-08
         610         1.8         1.8 1.16366e-08
         611         1.8         1.8 1.16271e-08
         612         1.8         1.8 1.16176e-08
         613         1.8         1.8 1.16081e-08
         614         1.8         1.8 1.15986e-08
         615         1.8         1.8 1.15892e-08
         616         1.8         1.8 1.16109e-08
         617         1.8         1.8 1.16015e-08
         618         1.8         1.8 1.15921e-08
         619         1.8         1.8 1.15827e-08
         620         1.8         1.8 1.15734e-08
         621         1.8         1.8 1.16257e-08
         622         1.8         1.8 1.16164e-08
         623         1.8         1.8 1.16071e-08
         624         1.8         1.8 1.15977e-08
         625         1.8         1.8 1.15885e-08
         626         1.8         1.8 1.15792e-08
         627         1.8         1.8  1.1631e-08
         628         1.8         1.8 1.16218e-08
         629         1.8         1.8 1.16125e-08
         630         1.8         1.8 1.16033e-08
         631         1.8         1.8 1.15941e-08
         632         1.8         1.8 1.15849e-08
         633         1.8         1.8 1.16362e-08
         634         1.8         1.8 1.15969e-08
         635         1.8         1.8 1.15575e-08
         636         1.8         1.8 1.15182e-08
         637         1.8         1.8 1.14788e-08
         638         1.8         1.8 1.14698e-08
         639         1.8         1.8 1.14911e-08
         640         1.8         1.8 1.14519e-08
         641         1.8         1.8 1.14126e-08
         642         1.8         1.8 1.13733e-08
         643         1.8         1.8 1.13645e-08
         644         1.8         1.8 1.13253e-08
         645         1.8         1.8 1.13165e-08
         646         1.8         1.8 1.12773e-08
         647         1.8         1.8 1.12686e-08
         648         1.8         1.8 1.12294e-08
         649         1.8         1.8 1.11902e-08
         650         1.8         1.8  1.1151e-08
         651         1.8         1.8  1.1173e-08
         652         1.8         1.8 1.11644e-08
         653         1.8         1.8 1.11254e-08
         654         1.8         1.8 1.10863e-08
         655         1.8         1.8 1.10472e-08
         656         1.8         1.8 1.10387e-08
         657         1.8         1.8 1.10609e-08
         658         1.8         1.8 1.10219e-08
         659         1.8         1.8 1.09829e-08
         660         1.8         1.8 1.09746e-08
         661         1.8         1.8 1.09356e-08
         662         1.8         1.8 1.08966e-08
         663         1.8         1.8 1.09498e-08
         664         1.8         1.8 1.09109e-08
         665         1.8         1.8  1.0872e-08
         666         1.8         1.8 1.08331e-08
         667         1.8         1.8  1.0825e-08
         668         1.8         1.8 1.07861e-08
         669         1.8         1.8 1.07472e-08
         670         1.8         1.8   1.077e-08
         671         1.8         1.8  1.0762e-08
         672         1.8         1.8 1.07232e-08
         673         1.8         1.8 1.06844e-08
         674         1.8         1.8 1.06765e-08
         675         1.8         1.8 1.06377e-08
         676         1.8         1.8 1.06298e-08
         677         1.8         1.8  1.0591e-08
         678         1.8         1.8 1.05832e-08
         679         1.8         1.8 1.05445e-08
         680         1.8         1.8 1.05057e-08
         681         1.8         1.8  1.0498e-08
         682         1.8         1.8 1.04592e-08
         683         1.8         1.8 1.04826e-08
         684         1.8         1.8 1.04749e-08
         685         1.8         1.8 1.04362e-08
         686         1.8         1.8 1.03976e-08
         687         1.8         1.8   1.039e-08
         688         1.8         1.8 1.03513e-08
         689         1.8         1.8 1.03126e-08
         690         1.8         1.8 1.03363e-08
         691         1.8         1.8 1.03288e-08
         692         1.8         1.8 1.02902e-08
         693         1.8         1.8 1.02516e-08
         694         1.8         1.8 1.02442e-08
         695         1.8         1.8 1.02056e-08
         696         1.8         1.8 1.01669e-08
         697         1.8         1.8 1.02221e-08
         698         1.8         1.8 1.01836e-08
         699         1.8         1.8  1.0145e-08
         700         1.8         1.8 1.01378e-08
         701         1.8         1.8 1.00992e-08
         702         1.8         1.8 1.00607e-08
         703         1.8         1.8 1.00535e-08
         704         1.8         1.8 1.00777e-08
         705         1.8         1.8 1.00706e-08
         706         1.8         1.8 1.00321e-08
         707         1.8         1.8 9.99365e-09
         708         1.8         1.8 9.98659e-09
         709         1.8         1.8 9.94811e-09
         710         1.8         1.8 9.90959e-09
         711         1.8         1.8 9.93411e-09
         712         1.8         1.8 9.89566e-09
         713         1.8         1.8 9.85718e-09
         714         1.8         1.8 9.85027e-09
         715         1.8         1.8 9.81178e-09
         716         1.8         1.8 9.80493e-09
         717         1.8         1.8 9.76643e-09
         718         1.8         1.8 9.72789e-09
         719         1.8         1.8 9.78445e-09
         720         1.8         1.8 9.74606e-09
         721         1.8         1.8 9.70763e-09
         722         1.8         1.8  9.7009e-09
         723         1.8         1.8 9.66246e-09
         724         1.8         1.8 9.65579e-09
         725         1.8         1.8 9.61733e-09
         726         1.8         1.8 9.57883e-09
         727         1.8         1.8 9.63584e-09
         728         1.8         1.8  9.5975e-09
         729         1.8         1.8  9.5591e-09
         730         1.8         1.8 9.55255e-09
         731         1.8         1.8 9.51414e-09
         732         1.8         1.8 9.50764e-09
         733         1.8         1.8 9.46922e-09
         734         1.8         1.8 9.49468e-09
         735         1.8         1.8 9.48822e-09
         736         1.8         1.8  9.4499e-09
         737         1.8         1.8 9.44348e-09
         738         1.8         1.8 9.40515e-09
         739         1.8         1.8 9.36676e-09
         740         1.8         1.8 9.36043e-09
         741         1.8         1.8 9.32202e-09
         742         1.8         1.8 9.37976e-09
         743         1.8         1.8 9.34151e-09
         744         1.8         1.8 9.33523e-09
         745         1.8         1.8 9.29696e-09
         746         1.8         1.8 9.25863e-09
         747         1.8         1.8 9.25244e-09
         748         1.8         1.8 9.21409e-09
         749         1.8         1.8 9.20793e-09
         750         1.8         1.8 9.20179e-09
         751         1.8         1.8 9.19567e-09
         752         1.8         1.8 9.15736e-09
         753         1.8         1.8   9.119e-09
         754         1.8         1.8 9.11295e-09
         755         1.8         1.8 9.07456e-09
         756         1.8         1.8 9.06856e-09
         757         1.8         1.8 9.03014e-09
         758         1.8         1.8 9.02418e-09
         759         1.8         1.8 9.05062e-09
         760         1.8         1.8  9.0123e-09
         761         1.8         1.8 9.00638e-09
         762         1.8         1.8 8.96803e-09
         763         1.8         1.8 8.96215e-09
         764         1.8         1.8 8.92378e-09
         765         1.8         1.8 8.91794e-09
         766         1.8         1.8 8.87953e-09
         767         1.8         1.8 8.93875e-09
         768         1.8         1.8 8.90051e-09
         769         1.8         1.8  8.8622e-09
         770         1.8         1.8 8.85644e-09
         771         1.8         1.8  8.8181e-09
         772         1.8         1.8 8.81238e-09
         773         1.8         1.8   8.774e-09
         774         1.8         1.8 8.76833e-09
         775         1.8         1.8 8.72992e-09
         776         1.8         1.8 8.78964e-09
         777         1.8         1.8 8.75139e-09
         778         1.8         1.8 8.74576e-09
         779         1.8         1.8 8.70747e-09
         780         1.8         1.8 8.70189e-09
         781         1.8         1.8 8.66356e-09
         782         1.8         1.8 8.62516e-09
         783         1.8         1.8 8.61965e-09
         784         1.8         1.8 8.58121e-09
         785         1.8         1.8 8.64146e-09
         786         1.8         1.8 8.60319e-09
         787         1.8         1.8 8.59772e-09
         788         1.8         1.8 8.55941e-09
         789         1.8         1.8 8.55398e-09
         790         1.8         1.8 8.51562e-09
         791         1.8         1.8 8.51024e-09
         792         1.8         1.8 8.47184e-09
         793         1.8         1.8 8.46649e-09
         794         1.8         1.8 8.46116e-09
         795         1.8         1.8 8.45584e-09
         796         1.8         1.8 8.41745e-09
         797         1.8         1.8 8.41217e-09
         798         1.8         1.8 8.37373e-09
         799         1.8         1.8 8.36849e-09
         800         1.8         1.8    8.33e-09
         801         1.8         1.8  8.3248e-09
         802         1.8         1.8 8.28626e-09
         803         1.8         1.8 8.34762e-09
         804         1.8         1.8 8.30926e-09
         805         1.8         1.8 8.30409e-09
         806         1.8         1.8 8.26568e-09
         807         1.8         1.8 8.26055e-09
         808         1.8         1.8 8.22209e-09
         809         1.8         1.8   8.217e-09
         810         1.8         1.8 8.17848e-09
         811         1.8         1.8 8.17343e-09
         812         1.8         1.8 8.20181e-09
         813         1.8         1.8 8.19676e-09
         814         1.8         1.8 8.15836e-09
         815         1.8         1.8 8.15335e-09
         816         1.8         1.8 8.11489e-09
         817         1.8         1.8 8.10992e-09
         818         1.8         1.8  8.0714e-09
         819         1.8         1.8 8.06647e-09
         820         1.8         1.8 8.02789e-09
         821         1.8         1.8   8.023e-09
         822         1.8         1.8 8.05174e-09
         823         1.8         1.8 8.04685e-09
         824         1.8         1.8 8.00839e-09
         825         1.8         1.8 8.00353e-09
         826         1.8         1.8 7.99868e-09
         827         1.8         1.8 7.96019e-09
         828         1.8         1.8 7.95538e-09
         829         1.8         1.8 7.91682e-09
         830         1.8         1.8 7.91205e-09
         831         1.8         1.8 7.87342e-09
         832         1.8         1.8 7.93623e-09
         833         1.8         1.8 7.89779e-09
         834         1.8         1.8 7.89305e-09
         835         1.8         1.8 7.85454e-09
         836         1.8         1.8 7.84984e-09
         837         1.8         1.8 7.81126e-09
         838         1.8         1.8  7.8066e-09
         839         1.8         1.8 7.76795e-09
         840         1.8         1.8 7.76333e-09
         841         1.8         1.8 7.75871e-09
         842         1.8         1.8  7.7541e-09
         843         1.8         1.8  7.7495e-09
         844         1.8         1.8 7.71087e-09
         845         1.8         1.8  7.7063e-09
         846         1.8         1.8 7.66759e-09
         847         1.8         1.8 7.66306e-09
         848         1.8         1.8 7.62428e-09
         849         1.8         1.8 7.61979e-09
         850         1.8         1.8 7.58092e-09
         851         1.8         1.8 7.57647e-09
         852         1.8         1.8 7.57202e-09
         853         1.8         1.8  7.6019e-09
         854         1.8         1.8 7.59745e-09
         855         1.8         1.8 7.55872e-09
         856         1.8         1.8 7.55431e-09
         857         1.8         1.8  7.5155e-09
         858         1.8         1.8 7.51112e-09
         859         1.8         1.8 7.50675e-09
         860         1.8         1.8 7.46789e-09
         861         1.8         1.8 7.46355e-09
         862         1.8         1.8 7.42461e-09
         863         1.8         1.8 7.48933e-09
         864         1.8         1.8 7.45058e-09
         865         1.8         1.8 7.44627e-09
         866         1.8         1.8 7.40744e-09
         867         1.8         1.8 7.40317e-09
         868         1.8         1.8  7.3989e-09
         869         1.8         1.8 7.36001e-09
         870         1.8         1.8 7.35577e-09
         871         1.8         1.8 7.31679e-09
         872         1.8         1.8 7.31259e-09
         873         1.8         1.8 7.27352e-09
         874         1.8         1.8 7.33892e-09
         875         1.8         1.8 7.33473e-09
         876         1.8         1.8 7.29588e-09
         877         1.8         1.8 7.29172e-09
         878         1.8         1.8 7.25278e-09
         879         1.8         1.8 7.24865e-09
         880         1.8         1.8 7.24453e-09
         881         1.8         1.8 7.20553e-09
         882         1.8         1.8 7.20144e-09
         883         1.8         1.8 7.16234e-09
         884         1.8         1.8 7.15829e-09
         885         1.8         1.8 7.11908e-09
         886         1.8         1.8 7.18517e-09
         887         1.8         1.8 7.18112e-09
         888         1.8         1.8 7.14215e-09
         889         1.8         1.8 7.13813e-09
         890         1.8         1.8 7.09906e-09
         891         1.8         1.8 7.09507e-09
         892         1.8         1.8  7.0911e-09
         893         1.8         1.8 7.05195e-09
         894         1.8         1.8 7.04801e-09
         895         1.8         1.8 7.00876e-09
         896         1.8         1.8 7.00485e-09
         897         1.8         1.8 7.03621e-09
         898         1.8         1.8 6.99704e-09
         899         1.8         1.8 6.99315e-09
         900         1.8         1.8 6.95388e-09
         901         1.8         1.8 6.95002e-09
         902         1.8         1.8 6.94616e-09
         903         1.8         1.8  6.9068e-09
         904         1.8         1.8 6.90298e-09
         905         1.8         1.8 6.86351e-09
         906         1.8         1.8 6.85972e-09
         907         1.8         1.8 6.85594e-09
         908         1.8         1.8 6.81638e-09
         909         1.8         1.8 6.88397e-09
         910         1.8         1.8 6.84463e-09
         911         1.8         1.8 6.84087e-09
         912         1.8         1.8 6.83712e-09
         913         1.8         1.8 6.79769e-09
         914         1.8         1.8 6.79397e-09
         915         1.8         1.8 6.79026e-09
         916         1.8         1.8 6.75074e-09
         917         1.8         1.8 6.74706e-09
         918         1.8         1.8 6.70742e-09
         919         1.8         1.8 6.70377e-09
         920         1.8         1.8 6.70012e-09
         921         1.8         1.8 6.73239e-09
         922         1.8         1.8 6.72874e-09
         923         1.8         1.8 6.68922e-09
         924         1.8         1.8  6.6856e-09
         925         1.8         1.8 6.68199e-09
         926         1.8         1.8 6.64238e-09
         927         1.8         1.8 6.63879e-09
         928         1.8         1.8 6.63522e-09
         929         1.8         1.8  6.5955e-09
         930         1.8         1.8 6.59196e-09
         931         1.8         1.8 6.55212e-09
         932         1.8         1.8  6.5486e-09
         933         1.8         1.8 6.54509e-09
         934         1.8         1.8 6.57783e-09
         935         1.8         1.8 6.57431e-09
         936         1.8         1.8 6.57079e-09
         937         1.8         1.8  6.5311e-09
         938         1.8         1.8 6.52762e-09
         939         1.8         1.8 6.52414e-09
         940         1.8         1.8 6.48435e-09
         941         1.8         1.8  6.4809e-09
         942         1.8         1.8 6.44097e-09
         943         1.8         1.8 6.43755e-09
         944         1.8         1.8 6.43414e-09
         945         1.8         1.8 6.39409e-09
         946         1.8         1.8 6.39071e-09
         947         1.8         1.8 6.46034e-09
         948         1.8         1.8 6.42055e-09
         949         1.8         1.8 6.41717e-09
         950         1.8         1.8 6.41379e-09
         951         1.8         1.8 6.37389e-09
         952         1.8         1.8 6.37054e-09
         953         1.8         1.8  6.3305e-09
         954         1.8         1.8 6.32718e-09
         955         1.8         1.8 6.32387e-09
         956         1.8         1.8  6.2837e-09
         957         1.8         1.8 6.28042e-09
         958         1.8         1.8 6.27714e-09
         959         1.8         1.8 6.23685e-09
         960         1.8         1.8  6.2706e-09
         961         1.8         1.8 6.26733e-09
         962         1.8         1.8 6.22712e-09
         963         1.8         1.8 6.22389e-09
         964         1.8         1.8 6.22066e-09
         965         1.8         1.8 6.18031e-09
         966         1.8         1.8 6.17711e-09
         967         1.8         1.8 6.17392e-09
         968         1.8         1.8 6.13344e-09
         969         1.8         1.8 6.13028e-09
         970         1.8         1.8 6.12712e-09
         971         1.8         1.8 6.08651e-09
         972         1.8         1.8 6.08337e-09
         973         1.8         1.8 6.08025e-09
         974         1.8         1.8 6.11452e-09
         975         1.8         1.8 6.11139e-09
         976         1.8         1.8 6.07089e-09
         977         1.8         1.8 6.06779e-09
         978         1.8         1.8 6.06468e-09
         979         1.8         1.8 6.02405e-09
         980         1.8         1.8 6.02098e-09
         981         1.8         1.8 6.01791e-09
         982         1.8         1.8 5.97713e-09
         983         1.8         1.8 5.97409e-09
         984         1.8         1.8 5.97106e-09
         985         1.8         1.8 5.93013e-09
         986         1.8         1.8 5.92712e-09
         987         1.8         1.8 5.92412e-09
         988         1.8         1.8 5.95896e-09
         989         1.8         1.8 5.95594e-09
         990         1.8         1.8 5.95293e-09
         991         1.8         1.8 5.91215e-09
         992         1.8         1.8 5.90917e-09
         993         1.8         1.8  5.9062e-09
         994         1.8         1.8 5.90322e-09
         995         1.8         1.8 5.86231e-09
         996         1.8         1.8 5.85937e-09
         997         1.8         1.8 5.85643e-09
         998         1.8         1.8 5.81536e-09
         999         1.8         1.8 5.81245e-09
        1000         1.8         1.8 5.80954e-09
        1001         1.8         1.8 5.76831e-09
        1002         1.8         1.8  5.8418e-09
        1003         1.8         1.8 5.83889e-09
        1004         1.8         1.8 5.79796e-09
        1005         1.8         1.8 5.79507e-09
        1006         1.8         1.8 5.79219e-09
        1007         1.8         1.8  5.7511e-09
        1008         1.8         1.8 5.74825e-09
        1009         1.8         1.8  5.7454e-09
        1010         1.8         1.8 5.70414e-09
        1011         1.8         1.8 5.70132e-09
        1012         1.8         1.8  5.6985e-09
        1013         1.8         1.8 5.65707e-09
        1014         1.8         1.8 5.65428e-09
        1015         1.8         1.8  5.6515e-09
        1016         1.8         1.8 5.60989e-09
        1017         1.8         1.8 5.68448e-09
        1018         1.8         1.8 5.68168e-09
        1019         1.8         1.8  5.6789e-09
        1020         1.8         1.8 5.63763e-09
        1021         1.8         1.8 5.63487e-09
        1022         1.8         1.8 5.63211e-09
        1023         1.8         1.8 5.59067e-09
        1024         1.8         1.8 5.58794e-09
        1025         1.8         1.8 5.58521e-09
        1026         1.8         1.8 5.54358e-09
        1027         1.8         1.8 5.54088e-09
        1028         1.8         1.8 5.53819e-09
        1029         1.8         1.8 5.49638e-09
        1030         1.8         1.8 5.49371e-09
        1031         1.8         1.8 5.49104e-09
        1032         1.8         1.8 5.52745e-09
        1033         1.8         1.8 5.48572e-09
        1034         1.8         1.8 5.48307e-09
        1035         1.8         1.8 5.48042e-09
        1036         1.8         1.8 5.43851e-09
        1037         1.8         1.8 5.43589e-09
        1038         1.8         1.8 5.43327e-09
        1039         1.8         1.8 5.39115e-09
        1040         1.8         1.8 5.38856e-09
        1041         1.8         1.8 5.38597e-09
        1042         1.8         1.8 5.38339e-09
        1043         1.8         1.8  5.3411e-09
        1044         1.8         1.8 5.33854e-09
        1045         1.8         1.8 5.33598e-09
        1046         1.8         1.8 5.29348e-09
        1047         1.8         1.8 5.29095e-09
        1048         1.8         1.8 5.36796e-09
        1049         1.8         1.8  5.3258e-09
        1050         1.8         1.8 5.32326e-09
        1051         1.8         1.8 5.32073e-09
        1052         1.8         1.8  5.3182e-09
        1053         1.8         1.8 5.27586e-09
        1054         1.8         1.8 5.27335e-09
        1055         1.8         1.8 5.27085e-09
        1056         1.8         1.8 5.22829e-09
        1057         1.8         1.8 5.22582e-09
        1058         1.8         1.8 5.22335e-09
        1059         1.8         1.8 5.22088e-09
        1060         1.8         1.8 5.17812e-09
        1061         1.8         1.8 5.17568e-09
        1062         1.8         1.8 5.17324e-09
        1063         1.8         1.8 5.13025e-09
        1064         1.8         1.8  5.2086e-09
        1065         1.8         1.8 5.20615e-09
        1066         1.8         1.8 5.20371e-09
        1067         1.8         1.8 5.16111e-09
        1068         1.8         1.8 5.15869e-09
        1069         1.8         1.8 5.15628e-09
        1070         1.8         1.8 5.11344e-09
        1071         1.8         1.8 5.11106e-09
        1072         1.8         1.8 5.10867e-09
        1073         1.8         1.8 5.10629e-09
        1074         1.8         1.8 5.06324e-09
        1075         1.8         1.8 5.06089e-09
        1076         1.8         1.8 5.05854e-09
        1077         1.8         1.8 5.01525e-09
        1078         1.8         1.8 5.01292e-09
        1079         1.8         1.8  5.0106e-09
        1080         1.8         1.8 5.00827e-09
        1081         1.8         1.8 5.04682e-09
        1082         1.8         1.8 5.04449e-09
        1083         1.8         1.8 5.04216e-09
        1084         1.8         1.8 5.03983e-09
        1085         1.8         1.8 4.99672e-09
        1086         1.8         1.8 4.99442e-09
        1087         1.8         1.8 4.99212e-09
        1088         1.8         1.8 4.94876e-09
        1089         1.8         1.8 4.94649e-09
        1090         1.8         1.8 4.94422e-09
        1091         1.8         1.8 4.94195e-09
        1092         1.8         1.8 4.89835e-09
        1093         1.8         1.8 4.89611e-09
        1094         1.8         1.8 4.89387e-09
        1095         1.8         1.8 4.89164e-09
        1096         1.8         1.8 4.84779e-09
        1097         1.8         1.8 4.84558e-09
        1098         1.8         1.8 4.92617e-09
        1099         1.8         1.8 4.92393e-09
        1100         1.8         1.8 4.88051e-09
        1101         1.8         1.8 4.87829e-09
        1102         1.8         1.8 4.87607e-09
        1103         1.8         1.8 4.83238e-09
        1104         1.8         1.8 4.83019e-09
        1105         1.8         1.8 4.82801e-09
        1106         1.8         1.8 4.82582e-09
        1107         1.8         1.8 4.78188e-09
        1108         1.8         1.8 4.77972e-09
        1109         1.8         1.8 4.77757e-09
        1110         1.8         1.8 4.77541e-09
        1111         1.8         1.8 4.73121e-09
        1112         1.8         1.8 4.72908e-09
        1113         1.8         1.8 4.72696e-09
        1114         1.8         1.8 4.72483e-09
        1115         1.8         1.8 4.68036e-09
        1116         1.8         1.8  4.7206e-09
        1117         1.8         1.8 4.71848e-09
        1118         1.8         1.8 4.71637e-09
        1119         1.8         1.8 4.67198e-09
        1120         1.8         1.8  4.6699e-09
        1121         1.8         1.8 4.66782e-09
        1122         1.8         1.8 4.62312e-09
        1123         1.8         1.8 4.62107e-09
        1124         1.8         1.8 4.61901e-09
        1125         1.8         1.8 4.61696e-09
        1126         1.8         1.8 4.57198e-09
        1127         1.8         1.8 4.56995e-09
        1128         1.8         1.8 4.56792e-09
        1129         1.8         1.8  4.5659e-09
        1130         1.8         1.8 4.52062e-09
        1131         1.8         1.8 4.51862e-09
        1132         1.8         1.8 4.51662e-09
        1133         1.8         1.8 4.51463e-09
        1134         1.8         1.8 4.46903e-09
        1135         1.8         1.8 4.55381e-09
        1136         1.8         1.8 4.55181e-09
        1137         1.8         1.8 4.54981e-09
        1138         1.8         1.8 4.41722e-09
        1139         1.8         1.8  4.3709e-09
        1140         1.8         1.8 4.27889e-09
        1141         1.8         1.8 4.18503e-09
        1142         1.8         1.8 4.04135e-09
        1143         1.8         1.8 4.03958e-09
        1144         1.8         1.8 3.94051e-09
        1145         1.8         1.8 3.88924e-09
        1146         1.8         1.8 3.73503e-09
        1147         1.8         1.8 3.62821e-09
        1148         1.8         1.8 3.51835e-09
        1149         1.8         1.8 3.51682e-09
        1150         1.8         1.8 3.34646e-09
        1151         1.8         1.8 3.28682e-09
        1152         1.8         1.8 3.16589e-09
        1153         1.8         1.8 3.04037e-09
        1154         1.8         1.8 2.90967e-09
        1155         1.8         1.8 2.84154e-09
        1156         1.8         1.8 2.70167e-09
        1157         1.8         1.8 2.62848e-09
        1158         1.8         1.8 2.47708e-09
        1159         1.8         1.8 2.23185e-09
        1160         1.8         1.8 2.23089e-09
        1161         1.8         1.8 2.05123e-09
        1162         1.8         1.8 1.85461e-09
        1163         1.8         1.8 1.63491e-09
        1164         1.8         1.8 1.38116e-09
        1165         1.8         1.8 1.06938e-09
        1166         1.8         1.8 1.06892e-09
        1167         1.8         1.8           0
        1168         1.8         1.8 8.72025e-10
        1169         1.8         1.8 1.06755e-09
        1170         1.8         1.8 1.37761e-09
        1171         1.8         1.8 1.50845e-09
        1172         1.8         1.8 1.74107e-09
        1173         1.8         1.8 1.94575e-09
        1174         1.8         1.8 2.13055e-09
        1175         1.8         1.8  2.2166e-09
        1176         1.8         1.8  2.2993e-09
        1177         1.8         1.8 2.45701e-09
        1178         1.8         1.8 2.60495e-09
        1179         1.8         1.8 2.74469e-09
        1180         1.8         1.8 2.81128e-09
        1181         1.8         1.8 2.94086e-09
        1182         1.8         1.8 3.00284e-09
        1183         1.8         1.8 3.12413e-09
        1184         1.8         1.8 3.29806e-09
        1185         1.8         1.8 3.29667e-09
        1186         1.8         1.8 3.40701e-09
        1187         1.8         1.8 3.51372e-09
        1188         1.8         1.8 3.56506e-09
        1189         1.8         1.8 3.61558e-09
        1190         1.8         1.8 3.71589e-09
        1191         1.8         1.8 3.81339e-09
        1192         1.8         1.8 3.90831e-09
        1193         1.8         1.8 4.04707e-09
        1194         1.8         1.8 4.04538e-09
        1195         1.8         1.8 4.08938e-09
        1196         1.8         1.8 4.17752e-09
        1197         1.8         1.8 4.30698e-09
        1198         1.8         1.8 4.30518e-09
        1199         1.8         1.8 4.38861e-09
        1200         1.8         1.8 4.47035e-09
        1201         1.8         1.8 4.50967e-09
        1202         1.8         1.8 4.54859e-09
        1203         1.8         1.8 4.62718e-09
        1204         1.8         1.8 4.70433e-09
        1205         1.8         1.8  4.7801e-09
        1206         1.8         1.8  4.8165e-09
        1207         1.8         1.8 4.89033e-09
        1208         1.8         1.8 4.92576e-09
        1209         1.8         1.8 4.99777e-09
        1210         1.8         1.8 4.99571e-09
        1211         1.8         1.8 5.10261e-09
        1212         1.8         1.8 5.17184e-09
        1213         1.8         1.8 5.24005e-09
        1214         1.8         1.8 5.23789e-09
        1215         1.8         1.8 5.30508e-09
        1216         1.8         1.8 5.37133e-09
        1217         1.8         1.8 5.43666e-09
        1218         1.8         1.8 5.43443e-09
        1219         1.8         1.8 5.49886e-09
        1220         1.8         1.8 5.59506e-09
        1221         1.8         1.8 5.62519e-09
        1222         1.8         1.8 5.62288e-09
        1223         1.8         1.8 5.68482e-09
        1224         1.8         1.8 5.74599e-09
        1225         1.8         1.8 5.83756e-09
        1226         1.8         1.8 5.83517e-09
        1227         1.8         1.8 5.89452e-09
        1228         1.8         1.8 5.92273e-09
        1229         1.8         1.8 5.95076e-09
        1230         1.8         1.8 6.00873e-09
        1231         1.8         1.8 6.06605e-09
        1232         1.8         1.8 6.12275e-09
        1233         1.8         1.8 6.12027e-09
        1234         1.8         1.8 6.20539e-09
        1235         1.8         1.8  6.2318e-09
        1236         1.8         1.8 6.28669e-09
        1237         1.8         1.8 6.28415e-09
        1238         1.8         1.8 6.33846e-09
        1239         1.8         1.8  6.4202e-09
        1240         1.8         1.8 6.41761e-09
        1241         1.8         1.8 6.47056e-09
        1242         1.8         1.8 6.49554e-09
        1243         1.8         1.8 6.54772e-09
        1244         1.8         1.8  6.5723e-09
        1245         1.8         1.8 6.62374e-09
        1246         1.8         1.8 6.67469e-09
        1247         1.8         1.8 6.67201e-09
        1248         1.8         1.8  6.7489e-09
        1249         1.8         1.8  6.7725e-09
        1250         1.8         1.8 6.76979e-09
        1251         1.8         1.8 6.81934e-09
        1252         1.8         1.8 6.86845e-09
        1253         1.8         1.8 6.94271e-09
        1254         1.8         1.8 6.93994e-09
        1255         1.8         1.8   6.988e-09
        1256         1.8         1.8 7.01048e-09
        1257         1.8         1.8 7.00769e-09
        1258         1.8         1.8 7.08009e-09
        1259         1.8         1.8 7.12695e-09
        1260         1.8         1.8 7.12412e-09
        1261         1.8         1.8 7.17058e-09
        1262         1.8         1.8 7.21666e-09
        1263         1.8         1.8 7.23813e-09
        1264         1.8         1.8 7.25951e-09
        1265         1.8         1.8 7.28079e-09
        1266         1.8         1.8 7.32595e-09
        1267         1.8         1.8 7.34695e-09
        1268         1.8         1.8 7.39159e-09
        1269         1.8         1.8 7.43589e-09
        1270         1.8         1.8 7.43296e-09
        1271         1.8         1.8 7.45351e-09
        1272         1.8         1.8 7.52054e-09
        1273         1.8         1.8 7.51759e-09
        1274         1.8         1.8 7.56088e-09
        1275         1.8         1.8 7.60386e-09
        1276         1.8         1.8 7.60088e-09
        1277         1.8         1.8 7.66625e-09
        1278         1.8         1.8 7.68589e-09
        1279         1.8         1.8 7.68288e-09
        1280         1.8         1.8 7.72493e-09
        1281         1.8         1.8 7.76668e-09
        1282         1.8         1.8 7.78592e-09
        1283         1.8         1.8 7.82724e-09
        1284         1.8         1.8 7.86827e-09
        1285         1.8         1.8 7.86521e-09
        1286         1.8         1.8 7.88408e-09
        1287         1.8         1.8 7.94642e-09
        1288         1.8         1.8 7.94333e-09
        1289         1.8         1.8 7.98352e-09
        1290         1.8         1.8 8.02345e-09
        1291         1.8         1.8 8.02034e-09
        1292         1.8         1.8 8.08129e-09
        1293         1.8         1.8 8.09939e-09
        1294         1.8         1.8 8.09626e-09
        1295         1.8         1.8  8.1354e-09
        1296         1.8         1.8 8.17429e-09
        1297         1.8         1.8 8.19206e-09
        1298         1.8         1.8 8.23058e-09
        1299         1.8         1.8 8.26886e-09
        1300         1.8         1.8 8.26568e-09
        1301         1.8         1.8 8.28313e-09
        1302         1.8         1.8 8.27995e-09
        1303         1.8         1.8 8.33831e-09
        1304         1.8         1.8 8.37587e-09
        1305         1.8         1.8 8.37266e-09
        1306         1.8         1.8 8.40998e-09
        1307         1.8         1.8 8.44709e-09
        1308         1.8         1.8 8.46394e-09
        1309         1.8         1.8 8.48073e-09
        1310         1.8         1.8 8.51739e-09
        1311         1.8         1.8 8.51414e-09
        1312         1.8         1.8 8.55057e-09
        1313         1.8         1.8 8.60646e-09
        1314         1.8         1.8 8.60319e-09
        1315         1.8         1.8  8.6391e-09
        1316         1.8         1.8 8.63581e-09
        1317         1.8         1.8 8.65204e-09
        1318         1.8         1.8 8.68763e-09
        1319         1.8         1.8  8.7037e-09
        1320         1.8         1.8 8.73899e-09
        1321         1.8         1.8 8.77408e-09
        1322         1.8         1.8 8.77076e-09
        1323         1.8         1.8 8.80565e-09
        1324         1.8         1.8 8.82135e-09
        1325         1.8         1.8 8.83701e-09
        1326         1.8         1.8  8.8715e-09
        1327         1.8         1.8 8.86816e-09
        1328         1.8         1.8 8.90246e-09
        1329         1.8         1.8 8.95526e-09
        1330         1.8         1.8 8.95189e-09
        1331         1.8         1.8 8.98574e-09
        1332         1.8         1.8 8.98236e-09
        1333         1.8         1.8 8.99753e-09
        1334         1.8         1.8 9.03109e-09
        1335         1.8         1.8 9.04611e-09
        1336         1.8         1.8 9.07941e-09
        1337         1.8         1.8 9.07602e-09
        1338         1.8         1.8 9.10913e-09
        1339         1.8         1.8 9.14208e-09
        1340         1.8         1.8 9.15678e-09
        1341         1.8         1.8 9.17144e-09
        1342         1.8         1.8 9.20405e-09
        1343         1.8         1.8 9.20062e-09
        1344         1.8         1.8 9.23305e-09
        1345         1.8         1.8 9.22962e-09
        1346         1.8         1.8 9.27968e-09
        1347         1.8         1.8  9.3117e-09
        1348         1.8         1.8 9.30825e-09
        1349         1.8         1.8 9.32247e-09
        1350         1.8         1.8 9.31902e-09
        1351         1.8         1.8 9.35079e-09
        1352         1.8         1.8 9.39989e-09
        1353         1.8         1.8 9.39642e-09
        1354         1.8         1.8  9.4278e-09
        1355         1.8         1.8 9.42432e-09
        1356         1.8         1.8 9.45555e-09
        1357         1.8         1.8 9.48662e-09
        1358         1.8         1.8 9.48313e-09
        1359         1.8         1.8 9.51405e-09
        1360         1.8         1.8 9.51055e-09
        1361         1.8         1.8 9.54131e-09
        1362         1.8         1.8 9.57193e-09
        1363         1.8         1.8 9.58543e-09
        1364         1.8         1.8 9.61584e-09
        1365         1.8         1.8 9.61231e-09
        1366         1.8         1.8  9.6257e-09
        1367         1.8         1.8 9.62218e-09
        1368         1.8         1.8 9.65235e-09
        1369         1.8         1.8 9.69912e-09
        1370         1.8         1.8 9.69558e-09
        1371         1.8         1.8 9.72541e-09
        1372         1.8         1.8 9.72186e-09
        1373         1.8         1.8 9.75155e-09
        1374         1.8         1.8 9.76456e-09
        1375         1.8         1.8 9.77754e-09
        1376         1.8         1.8 9.80695e-09
        1377         1.8         1.8 9.80339e-09
        1378         1.8         1.8 9.83266e-09
        1379         1.8         1.8  9.8291e-09
        1380         1.8         1.8 9.87454e-09
        1381         1.8         1.8 9.90349e-09
        1382         1.8         1.8  9.8999e-09
        1383         1.8         1.8 9.91253e-09
        1384         1.8         1.8 9.90895e-09
        1385         1.8         1.8 9.93769e-09
        1386         1.8         1.8 9.95022e-09
        1387         1.8         1.8 9.97877e-09
        1388         1.8         1.8 1.00072e-08
        1389         1.8         1.8 1.00036e-08
        1390         1.8         1.8 1.00319e-08
        1391         1.8         1.8 1.00283e-08
        1392         1.8         1.8 1.00565e-08
        1393         1.8         1.8 1.00528e-08
        1394         1.8         1.8 1.00809e-08
        1395         1.8         1.8 1.01088e-08
        1396         1.8         1.8 1.01052e-08
        1397         1.8         1.8  1.0133e-08
        1398         1.8         1.8  1.0145e-08
        1399         1.8         1.8 1.01727e-08
        1400         1.8         1.8  1.0169e-08
        1401         1.8         1.8  1.0181e-08
        1402         1.8         1.8 1.01774e-08
        1403         1.8         1.8 1.02048e-08
        1404         1.8         1.8 1.02476e-08
        1405         1.8         1.8 1.02439e-08
        1406         1.8         1.8 1.02711e-08
        1407         1.8         1.8 1.02674e-08
        1408         1.8         1.8 1.02945e-08
        1409         1.8         1.8 1.02908e-08
        1410         1.8         1.8 1.03177e-08
        1411         1.8         1.8 1.03141e-08
        1412         1.8         1.8 1.03409e-08
        1413         1.8         1.8 1.03676e-08
        1414         1.8         1.8 1.03639e-08
        1415         1.8         1.8 1.03905e-08
        1416         1.8         1.8 1.03868e-08
        1417         1.8         1.8 1.04283e-08
        1418         1.8         1.8 1.04247e-08
        1419         1.8         1.8  1.0436e-08
        1420         1.8         1.8 1.04323e-08
        1421         1.8         1.8 1.04586e-08
        1422         1.8         1.8 1.04549e-08
        1423         1.8         1.8 1.04959e-08
        1424         1.8         1.8 1.05219e-08
        1425         1.8         1.8 1.05182e-08
        1426         1.8         1.8 1.05441e-08
        1427         1.8         1.8 1.05404e-08
        1428         1.8         1.8 1.05515e-08
        1429         1.8         1.8 1.05625e-08
        1430         1.8         1.8 1.05882e-08
        1431         1.8         1.8 1.05845e-08
        1432         1.8         1.8   1.061e-08
        1433         1.8         1.8 1.06063e-08
        1434         1.8         1.8 1.06318e-08
        1435         1.8         1.8 1.06426e-08
        1436         1.8         1.8  1.0668e-08
        1437         1.8         1.8 1.06787e-08
        1438         1.8         1.8  1.0675e-08
        1439         1.8         1.8 1.07002e-08
        1440         1.8         1.8 1.06965e-08
        1441         1.8         1.8 1.07215e-08
        1442         1.8         1.8 1.07322e-08
        1443         1.8         1.8 1.07571e-08
        1444         1.8         1.8 1.07534e-08
        1445         1.8         1.8 1.07782e-08
        1446         1.8         1.8 1.07745e-08
        1447         1.8         1.8  1.0785e-08
        1448         1.8         1.8 1.07955e-08
        1449         1.8         1.8 1.08201e-08
        1450         1.8         1.8 1.08164e-08
        1451         1.8         1.8 1.08409e-08
        1452         1.8         1.8 1.08372e-08
        1453         1.8         1.8 1.08617e-08
        1454         1.8         1.8 1.08579e-08
        1455         1.8         1.8 1.08963e-08
        1456         1.8         1.8 1.08925e-08
        1457         1.8         1.8 1.09028e-08
        1458         1.8         1.8  1.0927e-08
        1459         1.8         1.8 1.09232e-08
        1460         1.8         1.8 1.09473e-08
        1461         1.8         1.8 1.09574e-08
        1462         1.8         1.8 1.09814e-08
        1463         1.8         1.8 1.09776e-08
        1464         1.8         1.8 1.10015e-08
        1465         1.8         1.8 1.09977e-08
        1466         1.8         1.8 1.10077e-08
        1467         1.8         1.8  1.1004e-08
        1468         1.8         1.8 1.10414e-08
        1469         1.8         1.8 1.10377e-08
        1470         1.8         1.8 1.10612e-08
        1471         1.8         1.8 1.10575e-08
        1472         1.8         1.8  1.1081e-08
        1473         1.8         1.8 1.10772e-08
        1474         1.8         1.8 1.11006e-08
        1475         1.8         1.8 1.11104e-08
        1476         1.8         1.8 1.11202e-08
        1477         1.8         1.8 1.11164e-08
        1478         1.8         1.8 1.11397e-08
        1479         1.8         1.8 1.11359e-08
        1480         1.8         1.8 1.11591e-08
        1481         1.8         1.8 1.11687e-08
        1482         1.8         1.8 1.11918e-08
        1483         1.8         1.8  1.1188e-08
        1484         1.8         1.8  1.1211e-08
        1485         1.8         1.8 1.12072e-08
        1486         1.8         1.8 1.12167e-08
        1487         1.8         1.8  1.1213e-08
        1488         1.8         1.8 1.12491e-08
        1489         1.8         1.8 1.12453e-08
        1490         1.8         1.8  1.1268e-08
        1491         1.8         1.8 1.12642e-08
        1492         1.8         1.8 1.12868e-08
        1493         1.8         1.8 1.12831e-08
        1494         1.8         1.8 1.13056e-08
        1495         1.8         1.8  1.1315e-08
        1496         1.8         1.8 1.13243e-08
        1497         1.8         1.8 1.13205e-08
        1498         1.8         1.8 1.13429e-08
        1499         1.8         1.8 1.13391e-08
        1500         1.8         1.8 1.13614e-08
