           1    -6.41725    -6.41725           0
           2    -6.29841    -6.35783    0.042016
           3    -6.20381    -6.30649   0.0504171
           4    -6.11422    -6.25842   0.0562379
           5    -6.06337    -6.21941   0.0569354
           6    -5.96709    -6.17736   0.0610322
           7    -5.93259    -6.14239   0.0615199
           8    -5.90521    -6.11274   0.0605538
           9    -5.81748    -6.07994   0.0620799
          10    -5.79243    -6.05119   0.0621741
          11    -5.77719    -6.02628   0.0613087
          12    -5.79155    -6.00672   0.0592379
          13    -5.70041    -5.98315   0.0591819
          14    -5.67778    -5.96134   0.0588371
          15    -5.59332    -5.93681   0.0598116
          16    -5.65191      -5.919    0.058664
          17     -5.5653     -5.8982    0.058787
          18    -5.42486     -5.8719   0.0611203
          19    -5.43931    -5.84913   0.0619992
          20    -5.45909    -5.82963   0.0618905
          21    -5.40732    -5.80952   0.0621246
          22    -5.44844    -5.79311   0.0614306
          23     -5.4816    -5.77956   0.0602342
          24    -5.51636     -5.7686   0.0587143
          25     -5.4849    -5.75725   0.0574519
          26     -5.4212    -5.74432   0.0566774
          27    -5.49337    -5.73503    0.055335
          28    -5.49827    -5.72657    0.054001
          29    -5.44949    -5.71702   0.0529774
          30    -5.45376    -5.70824   0.0519332
          31    -5.50365    -5.70164   0.0506756
          32    -5.54668     -5.6968   0.0493228
          33    -5.56122    -5.69269    0.047999
          34    -5.59581    -5.68984   0.0466717
          35    -5.54479     -5.6857   0.0455219
          36     -5.5467    -5.68184   0.0444208
          37    -5.43427    -5.67515   0.0437213
          38    -5.44937    -5.66921   0.0429725
          39    -5.46523    -5.66398   0.0421877
          40    -5.38517      -5.657   0.0417049
          41    -5.36872    -5.64997   0.0412761
          42    -5.30386    -5.64173   0.0411078
          43    -5.30961    -5.63401    0.040871
          44     -5.3633    -5.62786   0.0404025
          45    -5.34592    -5.62159   0.0399875
          46    -5.32429    -5.61513   0.0396371
          47    -5.41446    -5.61086    0.039023
          48    -5.44599    -5.60742   0.0383609
          49    -5.45248    -5.60426   0.0377081
          50    -5.48911    -5.60196   0.0370242
          51    -5.56718    -5.60128   0.0363045
          52    -5.54127    -5.60012   0.0356247
          53    -5.58886    -5.59991   0.0349532
          54    -5.59529    -5.59982    0.034306
          55    -5.59059    -5.59966   0.0336827
          56    -5.54198    -5.59863   0.0330969
          57     -5.5579    -5.59791    0.032524
          58    -5.55298    -5.59714   0.0319725
          59     -5.5402    -5.59617   0.0314451
          60    -5.50709    -5.59469   0.0309561
          61    -5.54351    -5.59385     0.03046
          62    -5.48399    -5.59208   0.0300202
          63    -5.54407    -5.59131   0.0295533
          64    -5.52816    -5.59033    0.029108
          65    -5.56773    -5.58998   0.0286623
          66    -5.55183     -5.5894   0.0282338
          67    -5.54418    -5.58873   0.0278205
          68    -5.54381    -5.58807   0.0274192
          69    -5.53806    -5.58734   0.0270314
          70    -5.46984    -5.58566   0.0266973
          71    -5.41179    -5.58321   0.0264334
          72    -5.42074    -5.58096   0.0261624
          73    -5.52246    -5.58016   0.0258163
          74    -5.51258    -5.57924   0.0254836
          75    -5.52692    -5.57855   0.0251533
          76    -5.50308    -5.57755   0.0248419
          77    -5.53102    -5.57695   0.0245267
          78    -5.52419    -5.57627   0.0242216
          79    -5.49402    -5.57523   0.0239373
          80    -5.45947    -5.57378   0.0236818
          81    -5.44897    -5.57224   0.0234395
          82    -5.50683    -5.57145   0.0231672
          83      -5.485     -5.5704   0.0229115
          84    -5.52723    -5.56989   0.0226445
          85     -5.5174    -5.56927   0.0223865
          86    -5.58768    -5.56949   0.0221272
          87    -5.55247    -5.56929   0.0218738
          88    -5.59945    -5.56963   0.0216279
          89    -5.49205    -5.56876   0.0214024
          90    -5.53141    -5.56835   0.0211687
          91    -5.54405    -5.56808   0.0209377
          92    -5.51478     -5.5675   0.0207181
          93    -5.50585    -5.56684    0.020506
          94     -5.5055    -5.56618   0.0202982
          95    -5.49929    -5.56548   0.0200968
          96     -5.4447    -5.56422   0.0199268
          97    -5.51251    -5.56369   0.0197285
          98    -5.53983    -5.56345   0.0195286
          99    -5.51008    -5.56291   0.0193388
         100    -5.40772    -5.56136   0.0192076
         101    -5.41583    -5.55991   0.0190714
         102    -5.39099    -5.55826   0.0189562
         103    -5.32986    -5.55604   0.0189014
         104    -5.34078    -5.55397   0.0188326
         105    -5.42809    -5.55277   0.0186914
         106     -5.4829    -5.55211   0.0185267
         107    -5.46178    -5.55127   0.0183728
         108    -5.44066    -5.55024   0.0182312
         109    -5.41582    -5.54901   0.0181056
         110    -5.43284    -5.54795   0.0179718
         111      -5.393    -5.54656    0.017864
         112    -5.43849    -5.54559   0.0177305
         113    -5.49744    -5.54517   0.0175788
         114    -5.43963    -5.54424   0.0174489
         115    -5.43241    -5.54327   0.0173243
         116    -5.45663    -5.54252    0.017191
         117    -5.41046    -5.54139   0.0170811
         118    -5.42436     -5.5404   0.0169651
         119    -5.50234    -5.54008   0.0168256
         120    -5.47429    -5.53953   0.0166943
         121     -5.4911    -5.53913   0.0165611
         122    -5.48519    -5.53869   0.0164313
         123    -5.55791    -5.53885   0.0162984
         124      -5.546    -5.53891   0.0161671
         125    -5.43394    -5.53807   0.0160595
         126    -5.52066    -5.53793   0.0159327
         127    -5.49693     -5.5376   0.0158105
         128    -5.48385    -5.53719   0.0156925
         129    -5.44376    -5.53646   0.0155876
         130    -5.38483    -5.53529   0.0155113
         131    -5.31064    -5.53358   0.0154874
         132    -5.32746    -5.53202   0.0154486
         133    -5.38987    -5.53095   0.0153693
         134    -5.44113    -5.53028   0.0152692
         135    -5.29624    -5.52855   0.0152542
         136    -5.37934    -5.52745   0.0151815
         137     -5.4592    -5.52695   0.0150788
         138    -5.55727    -5.52717   0.0149712
         139    -5.55496    -5.52737   0.0148648
         140    -5.53292    -5.52741   0.0147587
         141    -5.55551    -5.52761   0.0146553
         142    -5.58537    -5.52802   0.0145578
         143    -5.53254    -5.52805    0.014456
         144    -5.47508    -5.52768   0.0143603
         145    -5.50927    -5.52755   0.0142618
         146    -5.50793    -5.52742   0.0141648
         147    -5.49888    -5.52722   0.0140697
         148    -5.52074    -5.52718   0.0139747
         149    -5.56868    -5.52746   0.0138837
         150    -5.51151    -5.52735   0.0137916
         151    -5.40823    -5.52656   0.0137228
         152    -5.39102    -5.52567   0.0136614
         153    -5.36537    -5.52462   0.0136123
         154    -5.37876    -5.52368   0.0135568
         155    -5.33365    -5.52245   0.0135247
         156    -5.42752    -5.52184   0.0134516
         157    -5.42811    -5.52125   0.0133792
         158     -5.4885    -5.52104   0.0132961
         159    -5.51927    -5.52103   0.0132125
         160     -5.4864    -5.52081   0.0131317
         161    -5.48653     -5.5206   0.0130519
         162    -5.48828     -5.5204   0.0129728
         163    -5.47319    -5.52011   0.0128965
         164    -5.52767    -5.52015   0.0128179
         165    -5.55183    -5.52035   0.0127417
         166    -5.53256    -5.52042   0.0126651
         167    -5.54659    -5.52058   0.0125903
         168    -5.57017    -5.52087   0.0125188
         169    -5.56922    -5.52116    0.012448
         170    -5.48492    -5.52094   0.0123766
         171    -5.50979    -5.52088   0.0123044
         172    -5.51429    -5.52084   0.0122329
         173    -5.40513    -5.52017   0.0121804
         174    -5.36051    -5.51925    0.012145
         175    -5.41231    -5.51864   0.0120909
         176     -5.4227     -5.5181   0.0120345
         177    -5.53045    -5.51817   0.0119667
         178    -5.47714    -5.51794   0.0119017
         179    -5.47117    -5.51768   0.0118381
         180    -5.47227    -5.51742    0.011775
         181    -5.51969    -5.51744     0.01171
         182    -5.50961    -5.51739   0.0116457
         183     -5.5442    -5.51754    0.011583
         184    -5.58236    -5.51789   0.0115254
         185    -5.43226    -5.51743   0.0114724
         186    -5.48024    -5.51723   0.0114124
         187    -5.48249    -5.51704   0.0113529
         188    -5.47135     -5.5168   0.0112951
         189    -5.44457    -5.51642   0.0112418
         190    -5.50604    -5.51636   0.0111828
         191    -5.38992     -5.5157   0.0111438
         192    -5.50026    -5.51562   0.0110861
         193    -5.48167    -5.51545     0.01103
         194    -5.42232    -5.51497   0.0109836
         195    -5.41575    -5.51446   0.0109391
         196    -5.40351    -5.51389   0.0108979
         197    -5.39968    -5.51331    0.010858
         198    -5.34416    -5.51246   0.0108367
         199     -5.3956    -5.51187   0.0107981
         200    -5.41975    -5.51141    0.010754
         201    -5.42085    -5.51096   0.0107099
         202    -5.40702    -5.51044   0.0106692
         203    -5.43844    -5.51009   0.0106226
         204    -5.46545    -5.50987   0.0105728
         205     -5.4339     -5.5095   0.0105277
         206    -5.42946    -5.50911   0.0104837
         207    -5.37609    -5.50847   0.0104528
         208    -5.40436    -5.50797   0.0104145
         209     -5.4229    -5.50756   0.0103726
         210    -5.41942    -5.50714   0.0103317
         211    -5.44351    -5.50684   0.0102871
         212    -5.45206    -5.50658   0.0102419
         213    -5.46974    -5.50641   0.0101952
         214    -5.52922    -5.50651   0.0101482
         215    -5.63854    -5.50713   0.0101195
         216    -5.63411    -5.50772   0.0100897
         217    -5.61163     -5.5082   0.0100546
         218    -5.62753    -5.50874   0.0100234
         219    -5.69809    -5.50961   0.0100148
         220    -5.65136    -5.51025     0.00999
         221    -5.64499    -5.51086  0.00996338
         222    -5.58038    -5.51117  0.00992342
         223    -5.56868    -5.51143  0.00988227
         224    -5.47215    -5.51126  0.00983971
         225    -5.36115    -5.51059  0.00981857
         226    -5.45379    -5.51034  0.00977834
         227    -5.38138    -5.50977  0.00975175
         228     -5.3035    -5.50887  0.00975085
         229    -5.34586    -5.50815  0.00973422
         230    -5.36905    -5.50755  0.00971066
         231    -5.40068    -5.50709  0.00967964
         232    -5.42699    -5.50674  0.00964407
         233    -5.43797    -5.50645   0.0096072
         234    -5.50383    -5.50644  0.00956615
         235    -5.50099    -5.50641  0.00952547
         236    -5.50462     -5.5064  0.00948511
         237     -5.5338    -5.50652  0.00944579
         238    -5.55521    -5.50672  0.00940832
         239    -5.50099     -5.5067  0.00936899
         240    -5.48279     -5.5066  0.00933048
         241    -5.49712    -5.50656  0.00929185
         242    -5.49905    -5.50653   0.0092535
         243     -5.4971    -5.50649   0.0092155
         244    -5.53474    -5.50661  0.00917846
         245    -5.58178    -5.50691  0.00914612
         246    -5.55159     -5.5071  0.00911075
         247    -5.58211     -5.5074  0.00907892
         248    -5.53517    -5.50751    0.009043
         249    -5.49076    -5.50744  0.00900694
         250    -5.36262    -5.50687  0.00898952
         251    -5.26781    -5.50591  0.00900401
         252    -5.34556    -5.50528  0.00899074
         253    -5.44614    -5.50504  0.00895824
         254    -5.45664    -5.50485    0.008925
         255     -5.4244    -5.50454  0.00889557
         256    -5.38288    -5.50406  0.00887351
         257    -5.41826    -5.50373  0.00884526
         258    -5.39568    -5.50331  0.00882089
         259    -5.45842    -5.50314  0.00878853
         260    -5.48966    -5.50308  0.00875488
         261    -5.50541    -5.50309  0.00872134
         262     -5.5048     -5.5031  0.00868806
         263    -5.52427    -5.50318   0.0086554
         264    -5.53899    -5.50332  0.00862367
         265    -5.48909    -5.50326   0.0085913
         266    -5.49487    -5.50323  0.00855906
         267    -5.52995    -5.50333  0.00852759
         268     -5.4789    -5.50324  0.00849625
         269    -5.47446    -5.50313  0.00846534
         270    -5.45071    -5.50294  0.00843622
         271    -5.49991    -5.50293  0.00840509
         272    -5.45374    -5.50275  0.00837614
         273    -5.48919     -5.5027   0.0083456
         274    -5.50266     -5.5027  0.00831514
         275    -5.48476    -5.50263  0.00828516
         276    -5.42275    -5.50234   0.0082602
         277    -5.45888    -5.50218  0.00823187
         278    -5.49292    -5.50215  0.00820233
         279    -5.49355    -5.50212  0.00817298
         280    -5.47775    -5.50203  0.00814426
         281    -5.51577    -5.50208  0.00811542
         282    -5.48905    -5.50204  0.00808678
         283    -5.33167    -5.50143  0.00808058
         284    -5.38255    -5.50102  0.00806296
         285    -5.43636    -5.50079  0.00803786
         286    -5.46814    -5.50067  0.00801056
         287    -5.41491    -5.50038  0.00798822
         288    -5.40727    -5.50005  0.00796703
         289    -5.43934    -5.49984  0.00794223
         290    -5.45443    -5.49969  0.00791638
         291    -5.43694    -5.49947  0.00789212
         292    -5.36505    -5.49901   0.0078785
         293    -5.35401    -5.49851  0.00786714
         294    -5.35279    -5.49802  0.00785598
         295    -5.41867    -5.49775  0.00783396
         296    -5.38949    -5.49738  0.00781602
         297    -5.40013    -5.49706  0.00779656
         298    -5.40679    -5.49675  0.00777628
         299    -5.40816    -5.49646  0.00775591
         300    -5.43108    -5.49624  0.00773312
         301    -5.36329     -5.4958  0.00772004
         302    -5.39872    -5.49548  0.00770116
         303    -5.38451    -5.49511  0.00768445
         304    -5.41979    -5.49486  0.00766316
         305     -5.4132    -5.49459  0.00764271
         306    -5.40605    -5.49431  0.00762321
         307     -5.3936    -5.49398  0.00760544
         308    -5.39517    -5.49366  0.00758751
         309    -5.40359    -5.49337  0.00756855
         310    -5.38312    -5.49301  0.00755248
         311    -5.37038    -5.49262  0.00753848
         312    -5.38769    -5.49228  0.00752182
         313    -5.44744    -5.49214  0.00749915
         314    -5.42973    -5.49194   0.0074779
         315    -5.42736    -5.49173  0.00745697
         316    -5.42367    -5.49152  0.00743648
         317    -5.44673    -5.49138  0.00741437
         318     -5.5165    -5.49145  0.00739147
         319    -5.47802    -5.49141  0.00736842
         320    -5.48407    -5.49139  0.00734543
         321    -5.47201    -5.49133   0.0073228
         322    -5.52038    -5.49142  0.00730061
         323    -5.55426    -5.49161   0.0072806
         324    -5.51593    -5.49169  0.00725852
         325    -5.57775    -5.49195  0.00724101
         326    -5.56609    -5.49218  0.00722237
         327    -5.61119    -5.49254  0.00720945
         328    -5.61045     -5.4929  0.00719642
         329       -5.56    -5.49311  0.00717744
         330    -5.58647    -5.49339  0.00716126
         331    -5.61296    -5.49375  0.00714873
         332    -5.62582    -5.49415  0.00713826
         333    -5.68352    -5.49472  0.00713944
         334    -5.72317     -5.4954  0.00715075
         335    -5.73992    -5.49613  0.00716656
         336    -5.61477    -5.49649  0.00715393
         337    -5.61139    -5.49683  0.00714082
         338    -5.60214    -5.49714  0.00712649
         339    -5.55298     -5.4973  0.00710737
         340    -5.57031    -5.49752  0.00708971
         341    -5.58816    -5.49778   0.0070739
         342    -5.54531    -5.49792  0.00705458
         343    -5.54837    -5.49807  0.00703554
         344    -5.56589    -5.49827  0.00701785
         345    -5.57999     -5.4985  0.00700151
         346    -5.60692    -5.49882  0.00698828
         347    -5.58813    -5.49907  0.00697288
         348    -5.48774    -5.49904  0.00695292
         349    -5.41086    -5.49879  0.00693758
         350    -5.47249    -5.49871  0.00691817
         351    -5.47153    -5.49864  0.00689889
         352    -5.44761    -5.49849  0.00688082
         353    -5.47804    -5.49843  0.00686157
         354    -5.53745    -5.49854  0.00684307
         355    -5.52197    -5.49861  0.00682411
         356    -5.55932    -5.49878  0.00680707
         357    -5.58068    -5.49901  0.00679187
         358    -5.52957     -5.4991  0.00677344
         359    -5.53296    -5.49919  0.00675523
         360    -5.53792     -5.4993  0.00673732
         361    -5.57459    -5.49951  0.00672188
         362    -5.53352     -5.4996  0.00670397
         363    -5.45929    -5.49949  0.00668642
         364    -5.47012    -5.49941  0.00666854
         365    -5.49638     -5.4994  0.00665028
         366    -5.53749     -5.4995  0.00663292
         367    -5.52822    -5.49958  0.00661531
         368    -5.56308    -5.49975  0.00659958
         369    -5.59504    -5.50001  0.00658675
         370    -5.57985    -5.50023  0.00657248
         371    -5.55523    -5.50038  0.00655643
         372    -5.51418    -5.50041  0.00653891
         373    -5.51029    -5.50044  0.00652144
         374    -5.48481     -5.5004  0.00650413
         375    -5.47781    -5.50034  0.00648707
         376    -5.54316    -5.50045  0.00647082
         377    -5.52375    -5.50051  0.00645395
         378    -5.56342    -5.50068  0.00643902
         379     -5.6078    -5.50096  0.00642823
         380    -5.57495    -5.50116  0.00641426
         381    -5.53443    -5.50125  0.00639802
         382    -5.56198     -5.5014  0.00638325
         383     -5.6163     -5.5017  0.00637362
         384    -5.57063    -5.50188  0.00635955
         385    -5.57225    -5.50207  0.00634566
         386    -5.48081    -5.50201  0.00632946
         387    -5.48875    -5.50198   0.0063132
         388     -5.4768    -5.50191  0.00629726
         389    -5.49153    -5.50189  0.00628113
         390    -5.47426    -5.50181  0.00626542
         391    -5.50658    -5.50183  0.00624941
         392    -5.63508    -5.50217   0.0062427
         393    -5.63383     -5.5025   0.0062358
         394    -5.64593    -5.50287  0.00623059
         395    -5.64781    -5.50323  0.00622562
         396    -5.60631    -5.50349  0.00621533
         397    -5.66288    -5.50389  0.00621263
         398    -5.66187    -5.50429  0.00620969
         399    -5.64755    -5.50465   0.0062045
         400    -5.61561    -5.50493  0.00619518
         401    -5.61684    -5.50521  0.00618602
         402    -5.60685    -5.50546  0.00617579
         403    -5.48703    -5.50541  0.00616064
         404    -5.48121    -5.50535  0.00614568
         405    -5.48388     -5.5053  0.00613074
         406    -5.42942    -5.50511  0.00611848
         407    -5.40429    -5.50487  0.00610846
         408    -5.49191    -5.50483  0.00609357
         409    -5.54049    -5.50492   0.0060793
         410    -5.51311    -5.50494   0.0060645
         411    -5.47016    -5.50486  0.00605034
         412    -5.56811    -5.50501   0.0060376
         413    -5.51611    -5.50504  0.00602304
         414    -5.51152    -5.50505  0.00600851
         415    -5.50669    -5.50506  0.00599404
         416    -5.48772    -5.50502  0.00597977
         417    -5.52575    -5.50507  0.00596564
         418    -5.48474    -5.50502  0.00595157
         419     -5.4771    -5.50495  0.00593774
         420    -5.41397    -5.50473  0.00592755
         421    -5.38898    -5.50446  0.00591984
         422    -5.41726    -5.50425  0.00590942
         423    -5.42533    -5.50407  0.00589839
         424    -5.38237    -5.50378  0.00589146
         425    -5.32828    -5.50337  0.00589205
         426    -5.36655    -5.50304  0.00588697
         427    -5.33498    -5.50265  0.00588632
         428    -5.35473     -5.5023  0.00588271
         429    -5.38629    -5.50203  0.00587521
         430    -5.42484    -5.50185  0.00586429
         431    -5.50429    -5.50186  0.00585068
         432    -5.56004      -5.502  0.00583869
         433    -5.56011    -5.50213  0.00582675
         434    -5.46594    -5.50205  0.00581392
         435    -5.36001    -5.50172  0.00580971
         436    -5.40943    -5.50151  0.00580024
         437    -5.38169    -5.50123  0.00579345
         438    -5.34331    -5.50087  0.00579143
         439    -5.36984    -5.50057  0.00578592
         440    -5.32368    -5.50017  0.00578673
         441    -5.34168    -5.49981  0.00578475
         442    -5.30044    -5.49936  0.00578923
         443    -5.38142     -5.4991  0.00578228
         444    -5.40369    -5.49888  0.00577324
         445    -5.46287     -5.4988  0.00576084
         446    -5.32239     -5.4984  0.00576148
         447    -5.41264    -5.49821  0.00575179
         448    -5.37977    -5.49795  0.00574502
         449     -5.4285    -5.49779  0.00573431
         450    -5.38846    -5.49755  0.00572671
         451    -5.35503    -5.49723  0.00572273
         452    -5.38229    -5.49698  0.00571571
         453    -5.35969    -5.49668  0.00571112
         454    -5.39588    -5.49646  0.00570286
         455    -5.44263    -5.49634  0.00569155
         456    -5.44887    -5.49623  0.00568002
         457    -5.47041    -5.49618  0.00566787
         458    -5.47703    -5.49613  0.00565565
         459    -5.43295      -5.496  0.00564501
         460     -5.4652    -5.49593  0.00563313
         461    -5.52015    -5.49598  0.00562116
         462    -5.53511    -5.49607  0.00560963
         463    -5.53479    -5.49615  0.00559814
         464    -5.44959    -5.49605  0.00558697
         465    -5.38421    -5.49581  0.00558013
         466    -5.39636     -5.4956  0.00557224
         467    -5.40232     -5.4954  0.00556388
         468    -5.49326    -5.49539    0.005552
         469    -5.59712    -5.49561  0.00554439
         470    -5.59363    -5.49582  0.00553652
         471    -5.51923    -5.49587  0.00552499
         472     -5.5824    -5.49605  0.00551632
         473    -5.54698    -5.49616  0.00550571
         474    -5.57545    -5.49633  0.00549663
         475    -5.49627    -5.49633  0.00548506
         476    -5.46194    -5.49625  0.00547401
         477    -5.41108    -5.49607  0.00546545
         478    -5.36489     -5.4958   0.0054609
         479      -5.369    -5.49554  0.00545592
         480    -5.41423    -5.49537  0.00544718
         481     -5.4072    -5.49518  0.00543894
         482    -5.42963    -5.49505  0.00542935
         483    -5.58463    -5.49523  0.00542128
         484     -5.4754    -5.49519  0.00541023
         485    -5.51964    -5.49524  0.00539931
         486    -5.59826    -5.49545  0.00539236
         487    -5.65283    -5.49578  0.00539096
         488    -5.69905    -5.49619  0.00539598
         489    -5.63718    -5.49648  0.00539265
         490    -5.68401    -5.49686   0.0053952
         491    -5.65261    -5.49718  0.00539353
         492    -5.62554    -5.49744  0.00538888
         493    -5.61414    -5.49768  0.00538314
         494    -5.53821    -5.49776  0.00537287
         495    -5.57093    -5.49791  0.00536405
         496     -5.5849    -5.49808   0.0053561
         497    -5.62066    -5.49833    0.005351
         498    -5.61945    -5.49857  0.00534578
         499    -5.54424    -5.49867  0.00533585
         500    -5.56451     -5.4988   0.0053268
         501    -5.51811    -5.49884  0.00531631
         502    -5.47999     -5.4988  0.00530585
         503    -5.42819    -5.49866  0.00529716
         504    -5.44723    -5.49856  0.00528763
         505    -5.46365    -5.49849  0.00527761
         506    -5.42913    -5.49835  0.00526896
         507    -5.41297    -5.49818  0.00526126
         508     -5.4115    -5.49801  0.00525367
         509    -5.35834    -5.49774  0.00525051
         510    -5.31037    -5.49737  0.00525305
         511    -5.35589    -5.49709  0.00525006
         512    -5.30964    -5.49673  0.00525256
         513    -5.30574    -5.49635   0.0052555
         514    -5.45688    -5.49628  0.00524583
         515    -5.47602    -5.49624  0.00523579
         516    -5.45961    -5.49617  0.00522613
         517    -5.56665     -5.4963   0.0052178
         518    -5.57893    -5.49646  0.00521016
         519    -5.62363    -5.49671  0.00520588
         520    -5.58288    -5.49687  0.00519851
         521    -5.52541    -5.49693  0.00518882
         522    -5.54242    -5.49702  0.00517961
         523    -5.51552    -5.49705  0.00516983
         524    -5.52493     -5.4971  0.00516024
         525    -5.56925    -5.49724  0.00515224
         526     -5.4967    -5.49724  0.00514244
         527    -5.46871    -5.49719  0.00513297
         528    -5.45243     -5.4971  0.00512395
         529     -5.4449      -5.497  0.00511521
         530    -5.45524    -5.49692  0.00510617
         531    -5.44481    -5.49683  0.00509749
         532    -5.49656    -5.49683  0.00508791
         533    -5.47901    -5.49679  0.00507848
         534    -5.57666    -5.49694  0.00507117
         535    -5.62877    -5.49719  0.00506767
         536    -5.50314     -5.4972  0.00505823
         537    -5.46874    -5.49715  0.00504909
         538    -5.52127    -5.49719   0.0050399
         539    -5.50475     -5.4972  0.00503057
         540    -5.43656    -5.49709  0.00502251
         541    -5.44563      -5.497  0.00501412
         542    -5.37691    -5.49678  0.00500977
         543    -5.39261    -5.49658  0.00500421
         544    -5.36964    -5.49635  0.00500045
         545    -5.42843    -5.49623  0.00499283
         546    -5.45872    -5.49616  0.00498416
         547     -5.4944    -5.49615  0.00497505
         548    -5.56723    -5.49628  0.00496766
         549    -5.55085    -5.49638   0.0049596
         550    -5.53456    -5.49645  0.00495107
         551     -5.4893    -5.49644   0.0049421
         552    -5.50395    -5.49645  0.00493317
         553    -5.41318     -5.4963  0.00492654
         554    -5.44743    -5.49621  0.00491844
         555    -5.48374    -5.49619  0.00490963
         556    -5.52135    -5.49624  0.00490101
         557    -5.52807    -5.49629  0.00489254
         558    -5.51745    -5.49633  0.00488392
         559    -5.45621    -5.49626  0.00487571
         560    -5.51794     -5.4963  0.00486716
         561    -5.49983    -5.49631  0.00485849
         562    -5.46154    -5.49624  0.00485024
         563    -5.42609    -5.49612  0.00484322
         564    -5.40008    -5.49595  0.00483763
         565    -5.47935    -5.49592  0.00482915
         566    -5.52754    -5.49598  0.00482095
         567    -5.47568    -5.49594  0.00481258
         568    -5.41717     -5.4958   0.0048061
         569    -5.37201    -5.49558  0.00480258
         570    -5.38807    -5.49539  0.00479785
         571    -5.47854    -5.49536  0.00478954
         572    -5.49722    -5.49537  0.00478117
         573    -5.50294    -5.49538  0.00477284
         574    -5.50343     -5.4954  0.00476455
         575    -5.52374    -5.49544  0.00475652
         576    -5.56657    -5.49557  0.00474986
         577    -5.52113    -5.49561  0.00474184
         578    -5.52398    -5.49566  0.00473389
         579    -5.59452    -5.49583  0.00472879
         580    -5.60509    -5.49602  0.00472439
         581    -5.57871    -5.49616   0.0047184
         582    -5.52451    -5.49621  0.00471054
         583    -5.61026    -5.49641  0.00470652
         584    -5.55492    -5.49651  0.00469953
         585    -5.51972    -5.49655  0.00469166
         586    -5.47843    -5.49652  0.00468376
         587    -5.49331    -5.49651  0.00467578
         588    -5.46356    -5.49645  0.00466817
         589    -5.44742    -5.49637  0.00466099
         590    -5.49388    -5.49637  0.00465309
         591    -5.42446    -5.49625   0.0046468
         592    -5.50165    -5.49625  0.00463896
         593    -5.46414     -5.4962  0.00463146
         594    -5.44822    -5.49612  0.00462436
         595    -5.43351    -5.49601  0.00461779
         596    -5.39958    -5.49585  0.00461288
         597    -5.50082    -5.49586  0.00460516
         598    -5.46767    -5.49581   0.0045977
         599    -5.46748    -5.49577  0.00459026
         600    -5.53365    -5.49583  0.00458305
         601    -5.50875    -5.49585  0.00457547
         602    -5.55233    -5.49595  0.00456883
         603    -5.58364    -5.49609  0.00456357
         604    -5.55126    -5.49618  0.00455693
         605    -5.52336    -5.49623  0.00454962
         606    -5.52022    -5.49627  0.00454228
         607    -5.47978    -5.49624  0.00453488
         608    -5.46619    -5.49619  0.00452769
         609    -5.48811    -5.49618  0.00452028
         610    -5.50595    -5.49619  0.00451289
         611    -5.55267    -5.49629  0.00450645
         612     -5.5685     -5.4964  0.00450064
         613    -5.59665    -5.49657  0.00449626
         614    -5.51776     -5.4966  0.00448907
         615    -5.61393    -5.49679  0.00448583
         616    -5.60135    -5.49696  0.00448175
         617     -5.6193    -5.49716  0.00447887
         618    -5.58689    -5.49731  0.00447398
         619    -5.50552    -5.49732  0.00446677
         620    -5.50891    -5.49734  0.00445961
         621    -5.57806    -5.49747  0.00445432
         622    -5.64209     -5.4977  0.00445322
         623     -5.5857    -5.49784  0.00444831
         624    -5.57442    -5.49796  0.00444288
         625    -5.65207    -5.49821  0.00444261
         626    -5.61363    -5.49839  0.00443933
         627     -5.5925    -5.49854  0.00443479
         628    -5.59374     -5.4987  0.00443032
         629    -5.52593    -5.49874  0.00442349
         630    -5.47896    -5.49871  0.00441658
         631    -5.46676    -5.49866  0.00440987
         632    -5.43525    -5.49856  0.00440403
         633    -5.47221    -5.49852  0.00439727
         634    -5.40075    -5.49836  0.00439304
         635    -5.36926    -5.49816  0.00439082
         636    -5.36514    -5.49795   0.0043889
         637    -5.29483    -5.49763  0.00439357
         638    -5.31339    -5.49734  0.00439617
         639    -5.36934    -5.49714  0.00439385
         640    -5.32051    -5.49686  0.00439564
         641    -5.38344    -5.49669  0.00439235
         642    -5.41833    -5.49657   0.0043872
         643    -5.48937    -5.49655  0.00438039
         644    -5.47288    -5.49652  0.00437374
         645    -5.57621    -5.49664  0.00436871
         646     -5.5053    -5.49665  0.00436196
         647    -5.63868    -5.49687  0.00436074
         648    -5.64008     -5.4971  0.00435961
         649    -5.61968    -5.49728  0.00435698
         650    -5.52241    -5.49732  0.00435045
         651    -5.53038    -5.49737  0.00434406
         652    -5.54083    -5.49744  0.00433791
         653    -5.54568    -5.49751   0.0043319
         654    -5.52931    -5.49756  0.00432555
         655    -5.55313    -5.49765  0.00431978
         656    -5.51374    -5.49767  0.00431326
         657    -5.44644    -5.49759   0.0043074
         658    -5.34314    -5.49736  0.00430724
         659    -5.34681    -5.49713  0.00430676
         660    -5.39445    -5.49698  0.00430305
         661    -5.37799     -5.4968   0.0043003
         662     -5.4098    -5.49666  0.00429581
         663    -5.44411    -5.49658  0.00429006
         664    -5.47314    -5.49655  0.00428375
         665    -5.47706    -5.49652  0.00427741
         666    -5.51731    -5.49655   0.0042711
         667    -5.44668    -5.49648  0.00426535
         668    -5.32579    -5.49622  0.00426661
         669     -5.3873    -5.49606  0.00426334
         670     -5.5145    -5.49609  0.00425706
         671    -5.59798    -5.49624  0.00425343
         672    -5.57526    -5.49636  0.00424872
         673    -5.60267    -5.49651  0.00424534
         674    -5.63201    -5.49671   0.0042438
         675    -5.64239    -5.49693    0.004243
         676     -5.6418    -5.49714  0.00424213
         677    -5.61284    -5.49732  0.00423931
         678     -5.6201     -5.4975  0.00423692
         679    -5.63958    -5.49771  0.00423585
         680    -5.59305    -5.49785  0.00423194
         681    -5.62106    -5.49803  0.00422959
         682    -5.57198    -5.49814  0.00422478
         683    -5.59236    -5.49827  0.00422084
         684    -5.71112    -5.49858  0.00422613
         685    -5.68976    -5.49886  0.00422916
         686    -5.68692    -5.49914  0.00423187
         687    -5.68223     -5.4994   0.0042341
         688    -5.67224    -5.49966  0.00423539
         689    -5.68995    -5.49993  0.00423824
         690     -5.5591    -5.50002  0.00423296
         691    -5.55493     -5.5001  0.00422758
         692    -5.55174    -5.50017  0.00422213
         693    -5.62775    -5.50036  0.00422005
         694    -5.55808    -5.50044  0.00421479
         695    -5.58349    -5.50056  0.00421042
         696    -5.57642    -5.50067  0.00420578
         697     -5.5898    -5.50079  0.00420169
         698    -5.53754    -5.50085    0.004196
         699    -5.50974    -5.50086  0.00419002
         700    -5.50007    -5.50086  0.00418403
         701    -5.52762     -5.5009  0.00417824
         702    -5.54116    -5.50095  0.00417268
         703    -5.49693    -5.50095  0.00416675
         704    -5.44892    -5.50088  0.00416148
         705    -5.49163    -5.50086   0.0041556
         706    -5.53681    -5.50091  0.00415003
         707    -5.55878    -5.50099  0.00414496
         708    -5.58879    -5.50112  0.00414096
         709    -5.57615    -5.50122  0.00413648
         710    -5.60851    -5.50138  0.00413341
         711    -5.57826    -5.50148  0.00412901
         712    -5.59274    -5.50161   0.0041252
         713    -5.57992    -5.50172  0.00412088
         714    -5.48597     -5.5017  0.00411516
         715    -5.52276    -5.50173  0.00410951
         716    -5.55142     -5.5018  0.00410436
         717    -5.53504    -5.50185   0.0040989
         718    -5.52867    -5.50188  0.00409336
         719     -5.5319    -5.50192  0.00408788
         720       -5.44    -5.50184   0.0040831
         721    -5.37686    -5.50166  0.00408112
         722    -5.40586    -5.50153  0.00407762
         723    -5.47561     -5.5015  0.00407214
         724    -5.50412     -5.5015  0.00406652
         725    -5.51109    -5.50151  0.00406093
         726    -5.52201    -5.50154  0.00405544
         727    -5.53225    -5.50158  0.00405008
         728    -5.47796    -5.50155  0.00404464
         729    -5.59472    -5.50168  0.00404111
         730    -5.54572    -5.50174  0.00403603
         731    -5.50651    -5.50175  0.00403051
         732     -5.4486    -5.50167  0.00402566
         733    -5.42182    -5.50156  0.00402164
         734    -5.40695    -5.50144  0.00401823
         735    -5.41123    -5.50131  0.00401464
         736    -5.42716    -5.50121  0.00401044
         737     -5.4432    -5.50113  0.00400578
         738    -5.37357    -5.50096  0.00400408
         739    -5.36206    -5.50077  0.00400307
         740    -5.36473    -5.50059  0.00400188
         741    -5.51507    -5.50061  0.00399652
         742     -5.4179     -5.5005  0.00399269
         743    -5.46347    -5.50045  0.00398763
         744    -5.48083    -5.50042  0.00398236
         745    -5.45415    -5.50036   0.0039775
         746    -5.56996    -5.50045  0.00397326
         747    -5.55958    -5.50053  0.00396873
         748    -5.56201    -5.50061  0.00396427
         749    -5.56588     -5.5007  0.00395994
         750    -5.63368    -5.50088  0.00395862
         751    -5.61995    -5.50104  0.00395653
         752    -5.63013    -5.50121  0.00395499
         753     -5.5502    -5.50127  0.00395027
         754    -5.52326     -5.5013  0.00394514
         755    -5.52762    -5.50134  0.00394007
         756    -5.56471    -5.50142  0.00393575
         757    -5.54583    -5.50148  0.00393099
         758    -5.53272    -5.50152  0.00392602
         759    -5.54506    -5.50158  0.00392126
         760    -5.54018    -5.50163  0.00391643
         761    -5.54772    -5.50169  0.00391175
         762    -5.61803    -5.50184   0.0039096
         763    -5.62788    -5.50201  0.00390796
         764    -5.53632    -5.50205  0.00390311
         765    -5.45182    -5.50199  0.00389856
         766    -5.52422    -5.50202  0.00389358
         767    -5.59178    -5.50213  0.00389026
         768    -5.57833    -5.50223  0.00388646
         769    -5.59925    -5.50236  0.00388345
         770    -5.52713    -5.50239  0.00387854
         771    -5.52619    -5.50242  0.00387363
         772    -5.53457    -5.50246  0.00386884
         773     -5.5225    -5.50249  0.00386392
         774    -5.61393    -5.50263  0.00386161
         775    -5.63115     -5.5028  0.00386019
         776    -5.65443    -5.50299  0.00386015
         777    -5.65393    -5.50319  0.00386007
         778    -5.62608    -5.50335  0.00385834
         779    -5.62455     -5.5035  0.00385652
         780     -5.6149    -5.50364  0.00385422
         781    -5.65465    -5.50384  0.00385413
         782     -5.6229    -5.50399  0.00385221
         783    -5.67077     -5.5042  0.00385318
         784    -5.65092    -5.50439   0.0038528
         785    -5.61078    -5.50453  0.00385028
         786    -5.58278    -5.50462  0.00384667
         787    -5.46207    -5.50457  0.00384216
         788    -5.43791    -5.50449  0.00383821
         789    -5.44178    -5.50441  0.00383417
         790    -5.41993     -5.5043  0.00383081
         791    -5.31458    -5.50406  0.00383347
         792    -5.29175    -5.50379  0.00383799
         793    -5.26423    -5.50349  0.00384502
         794    -5.32398    -5.50326  0.00384682
         795    -5.40675    -5.50314   0.0038439
         796    -5.38622      -5.503  0.00384187
         797    -5.41283    -5.50288  0.00383872
         798    -5.42273    -5.50278  0.00383522
         799    -5.42415    -5.50268  0.00383168
         800     -5.4718    -5.50264  0.00382709
         801    -5.39721    -5.50251  0.00382457
         802    -5.42763    -5.50242  0.00382094
         803    -5.49593    -5.50241  0.00381619
         804    -5.48898     -5.5024  0.00381148
         805    -5.49458    -5.50239  0.00380676
         806    -5.52294    -5.50241  0.00380212
         807    -5.49042     -5.5024  0.00379744
         808    -5.42757     -5.5023  0.00379387
         809    -5.44403    -5.50223  0.00378986
         810    -5.47342     -5.5022  0.00378535
         811    -5.50251     -5.5022  0.00378068
         812    -5.44265    -5.50212  0.00377674
         813    -5.49083    -5.50211  0.00377212
         814    -5.59812    -5.50223  0.00376933
         815    -5.52834    -5.50226  0.00376484
         816    -5.53389     -5.5023  0.00376043
         817    -5.48446    -5.50228  0.00375589
         818    -5.49731    -5.50227   0.0037513
         819    -5.49337    -5.50226  0.00374674
         820    -5.48752    -5.50224  0.00374221
         821    -5.47012     -5.5022  0.00373786
         822    -5.42421    -5.50211  0.00373451
         823    -5.49138    -5.50209     0.00373
         824    -5.45033    -5.50203    0.003726
         825    -5.41938    -5.50193  0.00372283
         826     -5.4307    -5.50184  0.00371932
         827     -5.4063    -5.50173  0.00371662
         828    -5.34208    -5.50154  0.00371713
         829    -5.37436    -5.50138  0.00371581
         830    -5.37724    -5.50123  0.00371434
         831    -5.43181    -5.50115  0.00371081
         832    -5.48303    -5.50113  0.00370641
         833    -5.49619    -5.50112  0.00370197
         834    -5.44792    -5.50106  0.00369808
         835    -5.43079    -5.50097  0.00369461
         836    -5.46348    -5.50093  0.00369046
         837    -5.47433     -5.5009  0.00368619
         838     -5.4822    -5.50088  0.00368186
         839    -5.52562     -5.5009  0.00367759
         840    -5.50338    -5.50091  0.00367321
         841    -5.45801    -5.50086   0.0036692
         842    -5.39467    -5.50073  0.00366701
         843    -5.47328     -5.5007   0.0036628
         844    -5.46136    -5.50065  0.00365876
         845    -5.54512     -5.5007  0.00365481
         846    -5.42037    -5.50061  0.00365172
         847    -5.35931    -5.50044  0.00365122
         848    -5.30374    -5.50021  0.00365427
         849    -5.34805    -5.50003  0.00365436
         850    -5.39838    -5.49991  0.00365202
         851    -5.41004    -5.49981  0.00364925
         852    -5.47233    -5.49977  0.00364511
         853    -5.47569    -5.49975  0.00364095
         854    -5.46022     -5.4997  0.00363698
         855      -5.493    -5.49969  0.00363273
         856    -5.52763    -5.49972  0.00362864
         857    -5.49007    -5.49971  0.00362442
         858    -5.51602    -5.49973  0.00362025
         859    -5.52801    -5.49976  0.00361618
         860    -5.53248     -5.4998  0.00361218
         861    -5.52377    -5.49983  0.00360809
         862    -5.47069     -5.4998  0.00360406
         863      -5.482    -5.49978  0.00359994
         864    -5.56155    -5.49985  0.00359649
         865    -5.59124    -5.49995  0.00359388
         866    -5.57592    -5.50004   0.0035908
         867    -5.57891    -5.50013  0.00358781
         868    -5.60438    -5.50025  0.00358569
         869    -5.63338    -5.50041  0.00358483
         870    -5.69683    -5.50063  0.00358781
         871    -5.63218    -5.50078  0.00358687
         872    -5.60513     -5.5009  0.00358475
         873     -5.6256    -5.50104  0.00358349
         874    -5.64837    -5.50121  0.00358336
         875    -5.62431    -5.50135  0.00358202
         876     -5.5277    -5.50138  0.00357806
         877     -5.5054    -5.50139  0.00357398
         878    -5.50541    -5.50139  0.00356991
         879    -5.50537     -5.5014  0.00356585
         880    -5.52021    -5.50142  0.00356187
         881    -5.47873    -5.50139  0.00355792
         882     -5.4872    -5.50138  0.00355392
         883    -5.41801    -5.50128  0.00355115
         884    -5.54874    -5.50134  0.00354754
         885    -5.55001    -5.50139  0.00354395
         886    -5.48228    -5.50137  0.00354002
         887    -5.49919    -5.50137  0.00353603
         888    -5.53182     -5.5014  0.00353221
         889    -5.45796    -5.50135  0.00352858
         890    -5.42992    -5.50127  0.00352553
         891    -5.35771    -5.50111  0.00352525
         892    -5.27749    -5.50086   0.0035302
         893    -5.24527    -5.50057  0.00353783
         894    -5.34846     -5.5004  0.00353796
         895    -5.35699    -5.50024  0.00353764
         896    -5.49038    -5.50023  0.00353371
         897    -5.50447    -5.50024  0.00352977
         898     -5.4162    -5.50014  0.00352708
         899     -5.5349    -5.50018  0.00352337
         900    -5.65847    -5.50036  0.00352384
         901    -5.63131     -5.5005  0.00352292
         902    -5.61738    -5.50063   0.0035214
         903    -5.59833    -5.50074  0.00351916
         904    -5.53437    -5.50078  0.00351547
         905     -5.5383    -5.50082  0.00351183
         906    -5.54318    -5.50087  0.00350826
         907    -5.59888    -5.50098  0.00350606
         908    -5.58489    -5.50107  0.00350341
         909    -5.62693    -5.50121   0.0035023
         910    -5.60767    -5.50132   0.0035004
         911    -5.59975    -5.50143  0.00349822
         912    -5.62137    -5.50156  0.00349686
         913    -5.54557    -5.50161  0.00349336
         914    -5.52041    -5.50163   0.0034896
         915    -5.50716    -5.50164  0.00348579
         916    -5.56226     -5.5017  0.00348261
         917    -5.54945    -5.50176  0.00347921
         918    -5.65729    -5.50193  0.00347954
         919    -5.61016    -5.50204  0.00347775
         920    -5.63278    -5.50218  0.00347687
         921    -5.59492    -5.50229  0.00347455
         922     -5.5841    -5.50237  0.00347191
         923     -5.5169    -5.50239  0.00346819
         924    -5.52081    -5.50241  0.00346449
         925    -5.49194     -5.5024  0.00346077
         926    -5.45446    -5.50235  0.00345741
         927    -5.49305    -5.50234   0.0034537
         928    -5.50566    -5.50234  0.00344998
         929    -5.47551    -5.50231  0.00344639
         930    -5.45067    -5.50226  0.00344313
         931    -5.44635     -5.5022  0.00343995
         932    -5.40032    -5.50209    0.003438
         933    -5.41981      -5.502  0.00343545
         934    -5.39888    -5.50189  0.00343354
         935    -5.44678    -5.50183  0.00343037
         936    -5.44099    -5.50176  0.00342733
         937    -5.46382    -5.50172  0.00342391
         938    -5.47958     -5.5017  0.00342034
         939    -5.47791    -5.50167  0.00341679
         940    -5.53142    -5.50171   0.0034133
         941    -5.48167    -5.50169  0.00340974
         942    -5.45684    -5.50164  0.00340645
         943    -5.49772    -5.50163  0.00340284
         944    -5.48729    -5.50162  0.00339927
         945    -5.49288    -5.50161  0.00339569
         946    -5.43219    -5.50154  0.00339289
         947    -5.41539    -5.50144  0.00339053
         948    -5.42941    -5.50137   0.0033878
         949    -5.39832    -5.50126  0.00338597
         950    -5.38251    -5.50114  0.00338471
         951     -5.3859    -5.50101  0.00338332
         952    -5.38398    -5.50089    0.003382
         953    -5.44323    -5.50083  0.00337899
         954      -5.416    -5.50074  0.00337662
         955    -5.44729    -5.50069  0.00337355
         956    -5.48168    -5.50067  0.00337008
         957    -5.45352    -5.50062  0.00336692
         958    -5.49591    -5.50061  0.00336341
         959    -5.45413    -5.50056  0.00336025
         960    -5.42739    -5.50049  0.00335761
         961    -5.40441    -5.50039  0.00335561
         962    -5.46812    -5.50035  0.00335229
         963    -5.44658     -5.5003  0.00334927
         964    -5.40025    -5.50019   0.0033474
         965    -5.37804    -5.50007  0.00334633
         966    -5.35361    -5.49992   0.0033463
         967    -5.37158    -5.49978  0.00334547
         968    -5.37154    -5.49965  0.00334463
         969     -5.4114    -5.49956  0.00334242
         970    -5.44269     -5.4995  0.00333949
         971    -5.43339    -5.49943  0.00333674
         972    -5.44854    -5.49938  0.00333372
         973    -5.41408    -5.49929  0.00333145
         974    -5.45457    -5.49925  0.00332835
         975    -5.45782     -5.4992   0.0033252
         976    -5.37726    -5.49908  0.00332414
         977    -5.34472    -5.49892  0.00332449
         978     -5.2282    -5.49864   0.0033326
         979    -5.37755    -5.49852  0.00333149
         980    -5.44276    -5.49846  0.00332857
         981    -5.38812    -5.49835  0.00332708
         982    -5.38482    -5.49824   0.0033257
         983    -5.41817    -5.49815  0.00332332
         984    -5.44697     -5.4981  0.00332035
         985    -5.41281    -5.49802   0.0033181
         986     -5.4446    -5.49796  0.00331518
         987    -5.41456    -5.49788   0.0033129
         988    -5.42267     -5.4978  0.00331042
         989    -5.45395    -5.49776  0.00330737
         990     -5.5016    -5.49776  0.00330403
         991    -5.48925    -5.49775  0.00330071
         992    -5.52364    -5.49778  0.00329748
         993    -5.47498    -5.49775  0.00329424
         994    -5.43075    -5.49769  0.00329162
         995    -5.51858    -5.49771  0.00328838
         996    -5.48639     -5.4977   0.0032851
         997    -5.50505     -5.4977  0.00328181
         998    -5.50584    -5.49771  0.00327853
         999    -5.47206    -5.49769  0.00327535
        1000    -5.44245    -5.49763  0.00327254
        1001    -5.40563    -5.49754  0.00327056
        1002    -5.43287    -5.49748  0.00326793
        1003    -5.42759    -5.49741  0.00326542
        1004    -5.44255    -5.49735  0.00326262
        1005    -5.44382     -5.4973  0.00325981
        1006    -5.41987    -5.49722  0.00325748
        1007    -5.44466    -5.49717  0.00325466
        1008    -5.47625    -5.49715   0.0032515
        1009    -5.47066    -5.49712  0.00324838
        1010     -5.4668    -5.49709  0.00324531
        1011    -5.52655    -5.49712  0.00324223
        1012    -5.62774    -5.49725  0.00324159
        1013    -5.55678    -5.49731  0.00323892
        1014    -5.57754    -5.49739   0.0032367
        1015    -5.56447    -5.49745  0.00323418
        1016     -5.5566    -5.49751  0.00323152
        1017     -5.5549    -5.49757  0.00322884
        1018    -5.58627    -5.49766  0.00322684
        1019    -5.50008    -5.49766  0.00322368
        1020    -5.45223    -5.49761  0.00322082
        1021    -5.43932    -5.49756  0.00321817
        1022    -5.49677    -5.49756  0.00321503
        1023    -5.42469    -5.49748  0.00321267
        1024    -5.38378    -5.49737  0.00321145
        1025    -5.36183    -5.49724  0.00321104
        1026    -5.33196    -5.49708  0.00321195
        1027    -5.31603     -5.4969  0.00321366
        1028    -5.36519    -5.49678  0.00321308
        1029    -5.34473    -5.49663  0.00321336
        1030    -5.43052    -5.49656  0.00321088
        1031    -5.51318    -5.49658   0.0032078
        1032    -5.50806    -5.49659  0.00320471
        1033    -5.52583    -5.49662  0.00320174
        1034    -5.56329    -5.49668  0.00319929
        1035    -5.57104    -5.49676    0.003197
        1036    -5.59949    -5.49685  0.00319546
        1037    -5.57523    -5.49693  0.00319327
        1038    -5.46851     -5.4969  0.00319031
        1039    -5.52164    -5.49693  0.00318733
        1040    -5.65752    -5.49708    0.003188
        1041    -5.65248    -5.49723  0.00318843
        1042    -5.58127    -5.49731  0.00318639
        1043    -5.58361    -5.49739  0.00318441
        1044    -5.48468    -5.49738  0.00318138
        1045    -5.44294    -5.49733  0.00317877
        1046    -5.47876    -5.49731  0.00317578
        1047    -5.47133    -5.49729  0.00317284
        1048    -5.47574    -5.49727  0.00316988
        1049    -5.45478    -5.49723  0.00316712
        1050    -5.48443    -5.49721  0.00316412
        1051    -5.48866    -5.49721  0.00316112
        1052    -5.50555    -5.49721  0.00315813
        1053     -5.5322    -5.49725   0.0031553
        1054    -5.48863    -5.49724  0.00315232
        1055    -5.47236    -5.49721  0.00314942
        1056    -5.50959    -5.49723  0.00314646
        1057    -5.50094    -5.49723  0.00314349
        1058    -5.51744    -5.49725  0.00314057
        1059    -5.46161    -5.49722  0.00313779
        1060    -5.46662    -5.49719  0.00313496
        1061    -5.36964    -5.49707  0.00313431
        1062    -5.40419    -5.49698  0.00313258
        1063    -5.41447     -5.4969  0.00313059
        1064    -5.45442    -5.49686  0.00312791
        1065    -5.46958    -5.49684  0.00312507
        1066    -5.48435    -5.49682  0.00312216
        1067    -5.54001    -5.49686   0.0031195
        1068    -5.50576    -5.49687  0.00311659
        1069    -5.44535    -5.49682  0.00311405
        1070    -5.41854    -5.49675    0.003112
        1071    -5.46352    -5.49672  0.00310925
        1072    -5.55282    -5.49677  0.00310679
        1073     -5.6083    -5.49688  0.00310563
        1074    -5.62652      -5.497  0.00310508
        1075    -5.60775     -5.4971   0.0031039
        1076    -5.50719    -5.49711  0.00310103
        1077    -5.52032    -5.49713  0.00309823
        1078    -5.53375    -5.49717  0.00309554
        1079     -5.5863    -5.49725  0.00309377
        1080    -5.55295     -5.4973  0.00309134
        1081    -5.51852    -5.49732  0.00308854
        1082    -5.50803    -5.49733   0.0030857
        1083    -5.48911    -5.49732  0.00308286
        1084    -5.48032    -5.49731  0.00308006
        1085    -5.55028    -5.49735  0.00307761
        1086    -5.51553    -5.49737  0.00307482
        1087    -5.45495    -5.49733  0.00307224
        1088    -5.43552    -5.49728  0.00306994
        1089    -5.47701    -5.49726  0.00306718
        1090    -5.55532    -5.49731  0.00306482
        1091    -5.49915    -5.49731  0.00306202
        1092    -5.38979    -5.49721  0.00306079
        1093    -5.49888    -5.49721  0.00305799
        1094    -5.52986    -5.49724  0.00305534
        1095    -5.48964    -5.49724  0.00305256
        1096    -5.49262    -5.49723  0.00304978
        1097    -5.39504    -5.49714  0.00304842
        1098     -5.3641    -5.49702  0.00304805
        1099    -5.33794    -5.49687  0.00304871
        1100    -5.41876     -5.4968  0.00304677
        1101    -5.50251    -5.49681  0.00304401
        1102    -5.56937    -5.49687  0.00304196
        1103    -5.45763    -5.49684  0.00303941
        1104    -5.49444    -5.49684  0.00303665
        1105    -5.48405    -5.49683  0.00303393
        1106    -5.55153    -5.49687  0.00303159
        1107    -5.57966    -5.49695  0.00302977
        1108     -5.5584      -5.497  0.00302755
        1109     -5.4427    -5.49696  0.00302521
        1110    -5.42671    -5.49689  0.00302315
        1111     -5.4172    -5.49682  0.00302128
        1112    -5.44285    -5.49677  0.00301895
        1113    -5.46922    -5.49675  0.00301634
        1114     -5.4999    -5.49675  0.00301363
        1115     -5.4778    -5.49673  0.00301098
        1116    -5.47832    -5.49672  0.00300833
        1117    -5.50114    -5.49672  0.00300564
        1118    -5.46846     -5.4967  0.00300305
        1119    -5.46268    -5.49667  0.00300052
        1120     -5.4486    -5.49662  0.00299815
        1121    -5.46157    -5.49659  0.00299564
        1122    -5.38737    -5.49649  0.00299455
        1123    -5.48948    -5.49649  0.00299189
        1124    -5.59315    -5.49657  0.00299046
        1125     -5.5045    -5.49658  0.00298781
        1126    -5.45371    -5.49654   0.0029854
        1127    -5.55226    -5.49659  0.00298316
        1128    -5.62112     -5.4967  0.00298256
        1129     -5.5907    -5.49679  0.00298108
        1130     -5.5593    -5.49684  0.00297896
        1131    -5.58276    -5.49692  0.00297729
        1132    -5.54524    -5.49696  0.00297497
        1133    -5.56101    -5.49702  0.00297288
        1134    -5.52118    -5.49704  0.00297033
        1135    -5.51464    -5.49705  0.00296776
        1136    -5.48439    -5.49704  0.00296517
        1137    -5.54676    -5.49709  0.00296288
        1138    -5.56772    -5.49715  0.00296093
        1139    -5.55821     -5.4972  0.00295881
        1140    -5.55901    -5.49726  0.00295671
        1141    -5.51966    -5.49727  0.00295419
        1142     -5.5061    -5.49728  0.00295161
        1143    -5.48575    -5.49727  0.00294905
        1144    -5.44464    -5.49723  0.00294683
        1145    -5.36285    -5.49711  0.00294659
        1146     -5.4503    -5.49707   0.0029443
        1147    -5.44062    -5.49702  0.00294215
        1148    -5.38858    -5.49692   0.0029411
        1149    -5.40229    -5.49684  0.00293969
        1150    -5.49805    -5.49684  0.00293714
        1151    -5.55236    -5.49689  0.00293498
        1152    -5.57578    -5.49696  0.00293323
        1153    -5.53789      -5.497   0.0029309
        1154    -5.49591    -5.49699  0.00292836
        1155    -5.50259      -5.497  0.00292583
        1156    -5.47576    -5.49698  0.00292336
        1157    -5.45198    -5.49694  0.00292109
        1158    -5.47086    -5.49692  0.00291865
        1159    -5.51651    -5.49694  0.00291618
        1160    -5.49435    -5.49693  0.00291367
        1161    -5.45859     -5.4969  0.00291135
        1162    -5.41463    -5.49683   0.0029097
        1163     -5.4563     -5.4968  0.00290741
        1164    -5.46717    -5.49677  0.00290502
        1165    -5.56833    -5.49683  0.00290318
        1166    -5.46436     -5.4968  0.00290082
        1167    -5.46146    -5.49677   0.0028985
        1168    -5.47225    -5.49675  0.00289609
        1169     -5.3982    -5.49667  0.00289484
        1170    -5.46028    -5.49664  0.00289253
        1171    -5.49484    -5.49664  0.00289006
        1172     -5.4988    -5.49664   0.0028876
        1173    -5.47006    -5.49661  0.00288523
        1174    -5.48403     -5.4966  0.00288279
        1175    -5.43058    -5.49655  0.00288088
        1176    -5.53484    -5.49658  0.00287862
        1177    -5.51834     -5.4966  0.00287623
        1178    -5.51494    -5.49661  0.00287383
        1179    -5.54714    -5.49666  0.00287171
        1180    -5.55896    -5.49671  0.00286976
        1181    -5.53611    -5.49674  0.00286753
        1182     -5.5648     -5.4968  0.00286568
        1183    -5.52761    -5.49683  0.00286338
        1184     -5.5604    -5.49688  0.00286146
        1185    -5.54609    -5.49692  0.00285935
        1186     -5.5292    -5.49695  0.00285707
        1187    -5.45439    -5.49691  0.00285488
        1188    -5.42609    -5.49685   0.0028531
        1189    -5.44933    -5.49681  0.00285098
        1190    -5.48146     -5.4968  0.00284862
        1191    -5.53029    -5.49683  0.00284636
        1192    -5.54242    -5.49687  0.00284423
        1193    -5.53802     -5.4969  0.00284206
        1194    -5.56294    -5.49696  0.00284022
        1195    -5.43284     -5.4969  0.00283835
        1196    -5.41621    -5.49684  0.00283677
        1197    -5.37535    -5.49673  0.00283622
        1198    -5.40932    -5.49666  0.00283479
        1199    -5.42072     -5.4966  0.00283313
        1200    -5.46732    -5.49657  0.00283088
        1201    -5.53968    -5.49661  0.00282875
        1202    -5.58756    -5.49669  0.00282741
        1203    -5.50709    -5.49669  0.00282507
        1204    -5.50554     -5.4967  0.00282273
        1205    -5.52733    -5.49673  0.00282051
        1206    -5.51724    -5.49674  0.00281822
        1207    -5.44048     -5.4967  0.00281627
        1208    -5.49011    -5.49669  0.00281394
        1209      -5.533    -5.49672  0.00281178
        1210    -5.57619    -5.49679  0.00281022
        1211    -5.57994    -5.49686  0.00280874
        1212    -5.51847    -5.49687  0.00280648
        1213    -5.55122    -5.49692  0.00280452
        1214    -5.56509    -5.49698  0.00280277
        1215    -5.56407    -5.49703  0.00280101
        1216    -5.63513    -5.49714  0.00280101
        1217    -5.53555    -5.49718  0.00279888
        1218    -5.52235     -5.4972  0.00279666
        1219    -5.40982    -5.49712  0.00279529
        1220    -5.42571    -5.49707  0.00279361
        1221    -5.43492    -5.49702  0.00279178
        1222    -5.53806    -5.49705   0.0027897
        1223    -5.54721    -5.49709  0.00278772
        1224    -5.53395    -5.49712  0.00278561
        1225    -5.47132     -5.4971  0.00278341
        1226    -5.40929    -5.49703  0.00278206
        1227    -5.49063    -5.49702   0.0027798
        1228    -5.53387    -5.49705   0.0027777
        1229    -5.57402    -5.49711  0.00277614
        1230     -5.5492    -5.49716  0.00277421
        1231    -5.51585    -5.49717    0.002772
        1232    -5.59248    -5.49725  0.00277083
        1233    -5.54376    -5.49729  0.00276884
        1234    -5.60524    -5.49737  0.00276797
        1235    -5.56964    -5.49743  0.00276635
        1236    -5.52643    -5.49746  0.00276421
        1237    -5.48462    -5.49745    0.002762
        1238    -5.51096    -5.49746  0.00275979
        1239    -5.46681    -5.49743  0.00275767
        1240    -5.48636    -5.49742  0.00275546
        1241     -5.4964    -5.49742  0.00275324
        1242    -5.44708    -5.49738  0.00275132
        1243    -5.45112    -5.49734  0.00274936
        1244    -5.47893    -5.49733  0.00274719
        1245    -5.53342    -5.49736  0.00274514
        1246    -5.52883    -5.49738  0.00274305
        1247    -5.54967    -5.49743  0.00274117
        1248    -5.51514    -5.49744  0.00273901
        1249    -5.51671    -5.49746  0.00273686
        1250    -5.52102    -5.49747  0.00273474
        1251    -5.44321    -5.49743   0.0027329
        1252    -5.50805    -5.49744  0.00273073
        1253    -5.41551    -5.49737  0.00272933
        1254    -5.41922    -5.49731  0.00272786
        1255    -5.45561    -5.49728  0.00272589
        1256    -5.45593    -5.49725  0.00272392
        1257    -5.47181    -5.49723  0.00272183
        1258    -5.46357     -5.4972   0.0027198
        1259    -5.41006    -5.49713  0.00271852
        1260    -5.47944    -5.49712   0.0027164
        1261    -5.43639    -5.49707  0.00271467
        1262    -5.45477    -5.49703  0.00271273
        1263    -5.45692      -5.497  0.00271076
        1264    -5.47893    -5.49699  0.00270866
        1265    -5.49405    -5.49699  0.00270652
        1266    -5.47868    -5.49697  0.00270442
        1267    -5.55236    -5.49701  0.00270264
        1268    -5.55418    -5.49706  0.00270088
        1269    -5.55845    -5.49711  0.00269919
        1270    -5.52797    -5.49713  0.00269717
        1271    -5.56437    -5.49719  0.00269557
        1272    -5.52852    -5.49721  0.00269356
        1273    -5.56215    -5.49726  0.00269193
        1274    -5.52845    -5.49729  0.00268992
        1275    -5.45875    -5.49726  0.00268799
        1276    -5.44834    -5.49722  0.00268615
        1277    -5.55127    -5.49726  0.00268438
        1278    -5.54896     -5.4973  0.00268259
        1279    -5.48209    -5.49729  0.00268052
        1280    -5.51473     -5.4973  0.00267846
        1281    -5.50313    -5.49731  0.00267637
        1282    -5.56821    -5.49736  0.00267485
        1283    -5.49111    -5.49736  0.00267277
        1284    -5.57568    -5.49742  0.00267139
        1285    -5.57995    -5.49748  0.00267008
        1286    -5.59213    -5.49756  0.00266902
        1287    -5.57599    -5.49762  0.00266764
        1288    -5.55391    -5.49766  0.00266593
        1289    -5.47927    -5.49765   0.0026639
        1290    -5.49921    -5.49765  0.00266183
        1291    -5.47795    -5.49763  0.00265981
        1292    -5.46148     -5.4976   0.0026579
        1293    -5.41034    -5.49754   0.0026567
        1294    -5.43659    -5.49749  0.00265507
        1295     -5.3943    -5.49741  0.00265421
        1296    -5.46095    -5.49738  0.00265231
        1297    -5.56536    -5.49743  0.00265079
        1298    -5.56425    -5.49749  0.00264924
        1299    -5.51128     -5.4975  0.00264723
        1300    -5.56169    -5.49755  0.00264565
        1301    -5.62859    -5.49765  0.00264553
        1302     -5.5598    -5.49769  0.00264393
        1303    -5.55647    -5.49774  0.00264229
        1304    -5.42704    -5.49768  0.00264082
        1305    -5.46036    -5.49766  0.00263895
        1306    -5.49733    -5.49766  0.00263693
        1307    -5.40015    -5.49758  0.00263597
        1308    -5.48358    -5.49757  0.00263397
        1309    -5.53114     -5.4976  0.00263208
        1310      -5.504     -5.4976  0.00263008
        1311    -5.49689     -5.4976  0.00262807
        1312    -5.51201    -5.49761  0.00262609
        1313     -5.5105    -5.49762  0.00262411
        1314     -5.5462    -5.49766  0.00262238
        1315    -5.54432    -5.49769  0.00262062
        1316    -5.54774    -5.49773  0.00261891
        1317    -5.50141    -5.49773  0.00261692
        1318    -5.50567    -5.49774  0.00261494
        1319    -5.53729    -5.49777  0.00261313
        1320    -5.48795    -5.49776  0.00261116
        1321    -5.55453    -5.49781  0.00260954
        1322    -5.58189    -5.49787  0.00260834
        1323    -5.50189    -5.49787  0.00260637
        1324    -5.50741    -5.49788  0.00260441
        1325    -5.45589    -5.49785  0.00260264
        1326    -5.44577    -5.49781  0.00260097
        1327    -5.38202    -5.49772  0.00260047
        1328    -5.38295    -5.49764  0.00259995
        1329    -5.35134    -5.49753  0.00260032
        1330    -5.42054    -5.49747  0.00259901
        1331    -5.42575    -5.49741  0.00259762
        1332    -5.44231    -5.49737    0.002596
        1333    -5.43879    -5.49733  0.00259442
        1334    -5.50137    -5.49733  0.00259248
        1335    -5.52368    -5.49735  0.00259061
        1336    -5.45372    -5.49732  0.00258888
        1337    -5.45375    -5.49729  0.00258715
        1338    -5.42458    -5.49723  0.00258579
        1339    -5.46368    -5.49721  0.00258398
        1340    -5.51211    -5.49722  0.00258207
        1341    -5.49747    -5.49722  0.00258015
        1342    -5.52369    -5.49724   0.0025783
        1343    -5.58912    -5.49731  0.00257729
        1344    -5.51299    -5.49732   0.0025754
        1345    -5.54427    -5.49735  0.00257372
        1346    -5.53963    -5.49738    0.002572
        1347    -5.49248    -5.49738  0.00257009
        1348    -5.48518    -5.49737   0.0025682
        1349    -5.51361    -5.49738  0.00256632
        1350    -5.52396     -5.4974   0.0025645
        1351    -5.53349    -5.49743  0.00256274
        1352    -5.52481    -5.49745  0.00256092
        1353    -5.48269    -5.49744  0.00255905
        1354    -5.47841    -5.49742   0.0025572
        1355    -5.43116    -5.49738  0.00255578
        1356     -5.4181    -5.49732  0.00255457
        1357    -5.41404    -5.49726  0.00255342
        1358    -5.44191    -5.49722  0.00255187
        1359    -5.43347    -5.49717  0.00255042
        1360    -5.53549     -5.4972   0.0025487
        1361    -5.46345    -5.49717  0.00254695
        1362    -5.43063    -5.49712  0.00254555
        1363    -5.44224    -5.49708    0.002544
        1364    -5.41085    -5.49702  0.00254292
        1365    -5.30049    -5.49688  0.00254513
        1366    -5.31392    -5.49674  0.00254679
        1367    -5.31104    -5.49661  0.00254854
        1368    -5.36971    -5.49651  0.00254837
        1369     -5.4284    -5.49646  0.00254699
        1370    -5.43801    -5.49642  0.00254549
        1371    -5.43269    -5.49637  0.00254406
        1372    -5.42045    -5.49632  0.00254281
        1373     -5.3984    -5.49625  0.00254195
        1374    -5.41123    -5.49619  0.00254086
        1375    -5.40409    -5.49612  0.00253989
        1376    -5.36229    -5.49602  0.00253991
        1377    -5.28705    -5.49587  0.00254259
        1378    -5.29446    -5.49572  0.00254494
        1379    -5.24255    -5.49554  0.00254971
        1380    -5.34887    -5.49543  0.00255008
        1381    -5.40941    -5.49537  0.00254899
        1382    -5.46349    -5.49535  0.00254725
        1383    -5.47885    -5.49534  0.00254544
        1384    -5.51348    -5.49535  0.00254363
        1385    -5.50032    -5.49535   0.0025418
        1386    -5.55503     -5.4954  0.00254033
        1387    -5.54747    -5.49543  0.00253878
        1388    -5.50886    -5.49544  0.00253697
        1389     -5.5476    -5.49548  0.00253542
        1390    -5.58011    -5.49554  0.00253432
        1391    -5.53004    -5.49557  0.00253262
        1392     -5.6007    -5.49564  0.00253193
        1393    -5.57062     -5.4957  0.00253068
        1394    -5.62283    -5.49579  0.00253051
        1395    -5.55119    -5.49583  0.00252901
        1396    -5.59374     -5.4959  0.00252817
        1397     -5.5825    -5.49596  0.00252712
        1398    -5.62257    -5.49605  0.00252693
        1399    -5.62711    -5.49614  0.00252686
        1400    -5.65692    -5.49626  0.00252767
        1401    -5.68045    -5.49639  0.00252928
        1402    -5.71172    -5.49654  0.00253214
        1403    -5.70082    -5.49669  0.00253451
        1404    -5.67451    -5.49682  0.00253587
        1405    -5.61869     -5.4969  0.00253555
        1406    -5.58962    -5.49697   0.0025346
        1407    -5.58999    -5.49703  0.00253366
        1408    -5.54259    -5.49707  0.00253207
        1409    -5.57053    -5.49712  0.00253081
        1410    -5.54826    -5.49715  0.00252928
        1411    -5.52389    -5.49717  0.00252755
        1412    -5.49484    -5.49717  0.00252576
        1413    -5.45182    -5.49714  0.00252418
        1414    -5.49776    -5.49714   0.0025224
        1415    -5.47189    -5.49712  0.00252068
        1416    -5.58356    -5.49718  0.00251963
        1417    -5.54312    -5.49722  0.00251807
        1418    -5.54852    -5.49725  0.00251655
        1419    -5.63583    -5.49735  0.00251667
        1420    -5.55116    -5.49739  0.00251518
        1421    -5.47124    -5.49737  0.00251348
        1422    -5.52462    -5.49739  0.00251179
        1423    -5.57889    -5.49745  0.00251067
        1424    -5.64741    -5.49755  0.00251112
        1425     -5.6246    -5.49764  0.00251094
        1426    -5.65931    -5.49775  0.00251174
        1427    -5.61025    -5.49783  0.00251121
        1428    -5.60921    -5.49791  0.00251066
        1429     -5.5622    -5.49796  0.00250931
        1430    -5.60356    -5.49803  0.00250864
        1431    -5.60355     -5.4981  0.00250797
        1432    -5.66084    -5.49822   0.0025088
        1433    -5.62304     -5.4983  0.00250856
        1434    -5.61983    -5.49839  0.00250824
        1435    -5.62392    -5.49848  0.00250802
        1436    -5.59192    -5.49854  0.00250711
        1437    -5.57822     -5.4986  0.00250598
        1438    -5.57292    -5.49865  0.00250477
        1439     -5.5576    -5.49869  0.00250337
        1440    -5.55699    -5.49873  0.00250195
        1441    -5.47799    -5.49872  0.00250026
        1442    -5.56966    -5.49876  0.00249901
        1443    -5.58991    -5.49883  0.00249808
        1444    -5.61616    -5.49891  0.00249767
        1445    -5.55957    -5.49895  0.00249629
        1446    -5.57246      -5.499  0.00249508
        1447     -5.5578    -5.49904  0.00249369
        1448    -5.53025    -5.49906  0.00249206
        1449     -5.4916    -5.49906  0.00249035
        1450    -5.49134    -5.49905  0.00248863
        1451    -5.49697    -5.49905  0.00248692
        1452    -5.40048    -5.49898  0.00248613
        1453    -5.41537    -5.49893  0.00248509
        1454    -5.37912    -5.49884  0.00248474
        1455    -5.44362    -5.49881  0.00248333
        1456     -5.4185    -5.49875  0.00248223
        1457    -5.45771    -5.49872  0.00248069
        1458    -5.52003    -5.49874  0.00247903
        1459    -5.49259    -5.49873  0.00247734
        1460    -5.40409    -5.49867  0.00247649
        1461    -5.39865     -5.4986  0.00247574
        1462    -5.43331    -5.49856  0.00247445
        1463    -5.33512    -5.49844  0.00247528
        1464    -5.31803    -5.49832  0.00247665
        1465    -5.36798    -5.49823  0.00247656
        1466    -5.32153    -5.49811   0.0024778
        1467    -5.38591    -5.49803  0.00247729
        1468      -5.349    -5.49793  0.00247768
        1469    -5.38776    -5.49786  0.00247713
        1470    -5.39501    -5.49779  0.00247643
        1471    -5.36342     -5.4977  0.00247643
        1472    -5.35282     -5.4976  0.00247671
        1473     -5.3864    -5.49752  0.00247618
        1474    -5.34498    -5.49742  0.00247666
        1475    -5.31817     -5.4973  0.00247796
        1476    -5.37765    -5.49722   0.0024776
        1477    -5.44358    -5.49718  0.00247619
        1478    -5.40951    -5.49712  0.00247523
        1479    -5.41702    -5.49707  0.00247415
        1480    -5.41996    -5.49701  0.00247302
        1481    -5.40295    -5.49695  0.00247217
        1482    -5.49448    -5.49695   0.0024705
        1483    -5.49999    -5.49695  0.00246884
        1484    -5.52071    -5.49697  0.00246723
        1485    -5.53748    -5.49699  0.00246571
        1486    -5.45448    -5.49697  0.00246422
        1487    -5.47498    -5.49695  0.00246261
        1488    -5.47686    -5.49694  0.00246099
        1489     -5.4176    -5.49688  0.00245991
        1490     -5.4183    -5.49683  0.00245883
        1491    -5.41251    -5.49678  0.00245783
        1492    -5.42709    -5.49673  0.00245663
        1493    -5.39098    -5.49666    0.002456
        1494    -5.34318    -5.49656  0.00245651
        1495    -5.41779     -5.4965  0.00245543
        1496    -5.47734    -5.49649  0.00245382
        1497    -5.57714    -5.49654  0.00245277
        1498    -5.57033    -5.49659  0.00245163
        1499    -5.58709    -5.49665  0.00245074
        1500    -5.54436    -5.49668  0.00244931
