           1         1.2         1.2           0
           2         1.2         1.2           0
           3         1.2         1.2           0
           4         1.2         1.2           0
           5         1.2         1.2           0
           6         1.2         1.2           0
           7         1.2         1.2 1.12642e-08
           8         1.2         1.2           0
           9         1.2         1.2           0
          10         1.2         1.2  8.1617e-09
          11         1.2         1.2 7.78188e-09
          12         1.2         1.2 7.45058e-09
          13         1.2         1.2 1.09345e-08
          14         1.2         1.2 1.05367e-08
          15         1.2         1.2 1.01794e-08
          16         1.2         1.2 9.85619e-09
          17         1.2         1.2 9.56191e-09
          18         1.2         1.2 9.29251e-09
          19         1.2         1.2 9.04466e-09
          20         1.2         1.2 8.81565e-09
          21         1.2         1.2 8.60319e-09
          22         1.2         1.2 1.00464e-08
          23         1.2         1.2 9.32132e-09
          24         1.2         1.2 8.60319e-09
          25         1.2         1.2 8.42937e-09
          26         1.2         1.2 7.73183e-09
          27         1.2         1.2 6.41244e-09
          28         1.2         1.2 5.63211e-09
          29         1.2         1.2 2.76708e-09
          30         1.2         1.2 2.72057e-09
          31         1.2         1.2  3.7849e-09
          32         1.2         1.2 3.72529e-09
          33         1.2         1.2 3.66841e-09
          34         1.2         1.2 6.25974e-09
          35         1.2         1.2 6.16967e-09
          36         1.2         1.2 6.08337e-09
          37         1.2         1.2  6.9289e-09
          38         1.2         1.2 7.25186e-09
          39         1.2         1.2 7.15829e-09
          40         1.2         1.2 7.06824e-09
          41         1.2         1.2 7.71835e-09
          42         1.2         1.2 7.62591e-09
          43         1.2         1.2 7.87184e-09
          44         1.2         1.2 7.78188e-09
          45         1.2         1.2 7.69493e-09
          46         1.2         1.2 8.50916e-09
          47         1.2         1.2 8.41815e-09
          48         1.2         1.2    8.33e-09
          49         1.2         1.2 8.24456e-09
          50         1.2         1.2 8.42937e-09
          51         1.2         1.2 8.34632e-09
          52         1.2         1.2 8.76707e-09
          53         1.2         1.2 8.68397e-09
          54         1.2         1.2 8.60319e-09
          55         1.2         1.2 8.52462e-09
          56         1.2         1.2 8.44816e-09
          57         1.2         1.2 8.37373e-09
          58         1.2         1.2 8.30123e-09
          59         1.2         1.2 8.45612e-09
          60         1.2         1.2  9.0231e-09
          61         1.2         1.2 8.94884e-09
          62         1.2         1.2 8.87637e-09
          63         1.2         1.2 8.80565e-09
          64         1.2         1.2 8.73658e-09
          65         1.2         1.2 8.66912e-09
          66         1.2         1.2 8.60319e-09
          67         1.2         1.2 8.53875e-09
          68         1.2         1.2 8.47573e-09
          69         1.2         1.2 8.41409e-09
          70         1.2         1.2 8.72523e-09
          71         1.2         1.2 8.66356e-09
          72         1.2         1.2 8.78059e-09
          73         1.2         1.2 8.72025e-09
          74         1.2         1.2 8.66112e-09
          75         1.2         1.2 8.60319e-09
          76         1.2         1.2  8.5464e-09
          77         1.2         1.2 8.49072e-09
          78         1.2         1.2 8.43612e-09
          79         1.2         1.2 8.38256e-09
          80         1.2         1.2    8.33e-09
          81         1.2         1.2 8.27842e-09
          82         1.2         1.2 8.22779e-09
          83         1.2         1.2 8.17807e-09
          84         1.2         1.2 8.12925e-09
          85         1.2         1.2 8.08129e-09
          86         1.2         1.2 8.34935e-09
          87         1.2         1.2 8.30123e-09
          88         1.2         1.2 8.25393e-09
          89         1.2         1.2 8.20743e-09
          90         1.2         1.2  8.1617e-09
          91         1.2         1.2 8.11673e-09
          92         1.2         1.2  8.0725e-09
          93         1.2         1.2 8.02898e-09
          94         1.2         1.2 7.98616e-09
          95         1.2         1.2 7.94402e-09
          96         1.2         1.2 7.90253e-09
          97         1.2         1.2 7.86169e-09
          98         1.2         1.2 7.82148e-09
          99         1.2         1.2 7.78188e-09
         100         1.2         1.2 7.74287e-09
         101         1.2         1.2 7.70444e-09
         102         1.2         1.2 7.66658e-09
         103         1.2         1.2 7.62928e-09
         104         1.2         1.2 7.59251e-09
         105         1.2         1.2 7.55627e-09
         106         1.2         1.2 7.52054e-09
         107         1.2         1.2 7.48532e-09
         108         1.2         1.2 7.16932e-09
         109         1.2         1.2 7.13636e-09
         110         1.2         1.2 6.96032e-09
         111         1.2         1.2  6.9289e-09
         112         1.2         1.2 6.45239e-09
         113         1.2         1.2 6.42378e-09
         114         1.2         1.2 6.08337e-09
         115         1.2         1.2 6.05687e-09
         116         1.2         1.2 5.53415e-09
         117         1.2         1.2 5.51045e-09
         118         1.2         1.2 5.13267e-09
         119         1.2         1.2 5.11106e-09
         120         1.2         1.2 4.71216e-09
         121         1.2         1.2 4.69265e-09
         122         1.2         1.2 4.04726e-09
         123         1.2         1.2 4.03078e-09
         124         1.2         1.2 4.01449e-09
         125         1.2         1.2 3.52626e-09
         126         1.2         1.2 3.51224e-09
         127         1.2         1.2 2.64453e-09
         128         1.2         1.2 2.63418e-09
         129         1.2         1.2 2.62395e-09
         130         1.2         1.2 1.84826e-09
         131         1.2         1.2 1.84119e-09
         132         1.2         1.2           0
         133         1.2         1.2           0
         134         1.2         1.2           0
         135         1.2         1.2 2.22133e-09
         136         1.2         1.2 2.21315e-09
         137         1.2         1.2 2.20506e-09
         138         1.2         1.2 2.83639e-09
         139         1.2         1.2 2.82617e-09
         140         1.2         1.2 2.81605e-09
         141         1.2         1.2  3.5494e-09
         142         1.2         1.2 3.53688e-09
         143         1.2         1.2  3.5245e-09
         144         1.2         1.2  3.9268e-09
         145         1.2         1.2 3.91324e-09
         146         1.2         1.2 3.89981e-09
         147         1.2         1.2 3.88652e-09
         148         1.2         1.2 4.24307e-09
         149         1.2         1.2  4.2288e-09
         150         1.2         1.2 4.21468e-09
         151         1.2         1.2 4.69653e-09
         152         1.2         1.2 4.68106e-09
         153         1.2         1.2 4.66573e-09
         154         1.2         1.2 4.49287e-09
         155         1.2         1.2 4.78756e-09
         156         1.2         1.2 4.77219e-09
         157         1.2         1.2 4.75697e-09
         158         1.2         1.2 4.74189e-09
         159         1.2         1.2 5.15108e-09
         160         1.2         1.2 5.13496e-09
         161         1.2         1.2 5.11899e-09
         162         1.2         1.2 5.10316e-09
         163         1.2         1.2 5.34855e-09
         164         1.2         1.2 5.33222e-09
         165         1.2         1.2 5.31603e-09
         166         1.2         1.2     5.3e-09
         167         1.2         1.2 5.53001e-09
         168         1.2         1.2 5.51353e-09
         169         1.2         1.2 5.49719e-09
         170         1.2         1.2   5.481e-09
         171         1.2         1.2 5.81044e-09
         172         1.2         1.2 5.79352e-09
         173         1.2         1.2 5.77675e-09
         174         1.2         1.2 5.76013e-09
         175         1.2         1.2 5.74365e-09
         176         1.2         1.2 5.94351e-09
         177         1.2         1.2 5.92669e-09
         178         1.2         1.2 6.01463e-09
         179         1.2         1.2 5.99781e-09
         180         1.2         1.2 5.98112e-09
         181         1.2         1.2  6.2655e-09
         182         1.2         1.2 6.24826e-09
         183         1.2         1.2 6.23117e-09
         184         1.2         1.2 6.21421e-09
         185         1.2         1.2  6.1974e-09
         186         1.2         1.2 6.37093e-09
         187         1.2         1.2 6.35388e-09
         188         1.2         1.2 6.33696e-09
         189         1.2         1.2 6.32017e-09
         190         1.2         1.2 6.30351e-09
         191         1.2         1.2 6.28699e-09
         192         1.2         1.2 6.45239e-09
         193         1.2         1.2 6.43565e-09
         194         1.2         1.2 6.41905e-09
         195         1.2         1.2 6.40257e-09
         196         1.2         1.2 6.38621e-09
         197         1.2         1.2 6.63009e-09
         198         1.2         1.2 6.61332e-09
         199         1.2         1.2 6.59669e-09
         200         1.2         1.2 6.58017e-09
         201         1.2         1.2 6.56379e-09
         202         1.2         1.2 6.54752e-09
         203         1.2         1.2 6.53137e-09
         204         1.2         1.2 6.68032e-09
         205         1.2         1.2 6.58223e-09
         206         1.2         1.2 6.56624e-09
         207         1.2         1.2 6.55036e-09
         208         1.2         1.2 6.53459e-09
         209         1.2         1.2 6.51894e-09
         210         1.2         1.2 6.74287e-09
         211         1.2         1.2 6.72687e-09
         212         1.2         1.2 6.71099e-09
         213         1.2         1.2 6.69522e-09
         214         1.2         1.2 6.67955e-09
         215         1.2         1.2   6.664e-09
         216         1.2         1.2 6.64856e-09
         217         1.2         1.2 6.78573e-09
         218         1.2         1.2 6.77015e-09
         219         1.2         1.2 6.75467e-09
         220         1.2         1.2  6.7393e-09
         221         1.2         1.2 6.72404e-09
         222         1.2         1.2 6.70888e-09
         223         1.2         1.2 6.69382e-09
         224         1.2         1.2 6.67886e-09
         225         1.2         1.2 6.81048e-09
         226         1.2         1.2  6.7954e-09
         227         1.2         1.2 6.78041e-09
         228         1.2         1.2 6.76553e-09
         229         1.2         1.2 6.75074e-09
         230         1.2         1.2 6.73605e-09
         231         1.2         1.2 6.72145e-09
         232         1.2         1.2 6.70695e-09
         233         1.2         1.2 6.90283e-09
         234         1.2         1.2 6.88806e-09
         235         1.2         1.2 6.87339e-09
         236         1.2         1.2 6.85882e-09
         237         1.2         1.2 6.84433e-09
         238         1.2         1.2 6.82994e-09
         239         1.2         1.2 6.81563e-09
         240         1.2         1.2 6.80142e-09
         241         1.2         1.2 6.78729e-09
         242         1.2         1.2 6.90739e-09
         243         1.2         1.2 6.89316e-09
         244         1.2         1.2 6.87902e-09
         245         1.2         1.2 6.86497e-09
         246         1.2         1.2   6.851e-09
         247         1.2         1.2 6.83712e-09
         248         1.2         1.2 6.82332e-09
         249         1.2         1.2 6.80961e-09
         250         1.2         1.2 6.79598e-09
         251         1.2         1.2 6.97533e-09
         252         1.2         1.2 6.96147e-09
         253         1.2         1.2  6.9477e-09
         254         1.2         1.2 6.93401e-09
         255         1.2         1.2  6.9204e-09
         256         1.2         1.2 6.90687e-09
         257         1.2         1.2 6.89342e-09
         258         1.2         1.2 6.88005e-09
         259         1.2         1.2 6.86676e-09
         260         1.2         1.2 6.85354e-09
         261         1.2         1.2  6.8404e-09
         262         1.2         1.2 6.95035e-09
         263         1.2         1.2 6.93713e-09
         264         1.2         1.2 6.92398e-09
         265         1.2         1.2  6.9109e-09
         266         1.2         1.2  6.8979e-09
         267         1.2         1.2 6.88497e-09
         268         1.2         1.2 6.87211e-09
         269         1.2         1.2 6.85933e-09
         270         1.2         1.2 6.84661e-09
         271         1.2         1.2 6.83397e-09
         272         1.2         1.2 6.82139e-09
         273         1.2         1.2 6.92731e-09
         274         1.2         1.2 6.91466e-09
         275         1.2         1.2 6.90208e-09
         276         1.2         1.2 6.88956e-09
         277         1.2         1.2 6.87711e-09
         278         1.2         1.2 6.86473e-09
         279         1.2         1.2 6.85242e-09
         280         1.2         1.2 6.84017e-09
         281         1.2         1.2 6.82799e-09
         282         1.2         1.2 6.81587e-09
         283         1.2         1.2 6.80382e-09
         284         1.2         1.2 6.79183e-09
         285         1.2         1.2 6.95014e-09
         286         1.2         1.2 6.93798e-09
         287         1.2         1.2 6.92588e-09
         288         1.2         1.2 6.91385e-09
         289         1.2         1.2 6.90187e-09
         290         1.2         1.2 6.88996e-09
         291         1.2         1.2 6.87812e-09
         292         1.2         1.2 6.86633e-09
         293         1.2         1.2  6.8546e-09
         294         1.2         1.2 6.84293e-09
         295         1.2         1.2 6.83133e-09
         296         1.2         1.2 6.81978e-09
         297         1.2         1.2 6.80829e-09
         298         1.2         1.2 6.90561e-09
         299         1.2         1.2 6.89405e-09
         300         1.2         1.2 6.88255e-09
         301         1.2         1.2 6.87111e-09
         302         1.2         1.2 6.85972e-09
         303         1.2         1.2 6.84839e-09
         304         1.2         1.2 6.83712e-09
         305         1.2         1.2  6.8259e-09
         306         1.2         1.2 6.81474e-09
         307         1.2         1.2 6.80363e-09
         308         1.2         1.2 6.79258e-09
         309         1.2         1.2 6.78158e-09
         310         1.2         1.2 6.77063e-09
         311         1.2         1.2 6.75974e-09
         312         1.2         1.2  6.7489e-09
         313         1.2         1.2 6.89422e-09
         314         1.2         1.2 6.88324e-09
         315         1.2         1.2  6.8723e-09
         316         1.2         1.2 6.86142e-09
         317         1.2         1.2 6.85059e-09
         318         1.2         1.2 6.83981e-09
         319         1.2         1.2 6.82908e-09
         320         1.2         1.2  6.8184e-09
         321         1.2         1.2 6.80777e-09
         322         1.2         1.2 6.79719e-09
         323         1.2         1.2 6.78666e-09
         324         1.2         1.2 6.77618e-09
         325         1.2         1.2 6.76575e-09
         326         1.2         1.2 6.75536e-09
         327         1.2         1.2 6.74503e-09
         328         1.2         1.2 6.73474e-09
         329         1.2         1.2 6.82412e-09
         330         1.2         1.2 6.81377e-09
         331         1.2         1.2 6.80347e-09
         332         1.2         1.2 6.79322e-09
         333         1.2         1.2 6.78301e-09
         334         1.2         1.2 6.77285e-09
         335         1.2         1.2 6.76273e-09
         336         1.2         1.2 6.75266e-09
         337         1.2         1.2 6.74264e-09
         338         1.2         1.2 6.73265e-09
         339         1.2         1.2 6.72272e-09
         340         1.2         1.2 6.71282e-09
         341         1.2         1.2 6.70297e-09
         342         1.2         1.2 6.64449e-09
         343         1.2         1.2  6.6348e-09
         344         1.2         1.2 6.62514e-09
         345         1.2         1.2 6.61554e-09
         346         1.2         1.2 6.70241e-09
         347         1.2         1.2 6.69275e-09
         348         1.2         1.2 6.68312e-09
         349         1.2         1.2 6.67354e-09
         350         1.2         1.2   6.664e-09
         351         1.2         1.2  6.6545e-09
         352         1.2         1.2 6.64504e-09
         353         1.2         1.2 6.63562e-09
         354         1.2         1.2 6.62625e-09
         355         1.2         1.2 6.61691e-09
         356         1.2         1.2 6.60761e-09
         357         1.2         1.2 6.64531e-09
         358         1.2         1.2 6.68259e-09
         359         1.2         1.2 6.71946e-09
         360         1.2         1.2 6.71012e-09
         361         1.2         1.2 6.74656e-09
         362         1.2         1.2  6.7826e-09
         363         1.2         1.2 6.77326e-09
         364         1.2         1.2 6.80889e-09
         365         1.2         1.2 6.84414e-09
         366         1.2         1.2 6.96666e-09
         367         1.2         1.2 7.00051e-09
         368         1.2         1.2 7.03401e-09
         369         1.2         1.2 7.02447e-09
         370         1.2         1.2 7.05762e-09
         371         1.2         1.2 7.09043e-09
         372         1.2         1.2  7.0809e-09
         373         1.2         1.2 7.11337e-09
         374         1.2         1.2 7.14552e-09
         375         1.2         1.2 7.13598e-09
         376         1.2         1.2  7.1678e-09
         377         1.2         1.2 7.19931e-09
         378         1.2         1.2 7.18978e-09
         379         1.2         1.2 7.22097e-09
         380         1.2         1.2 7.25186e-09
         381         1.2         1.2 7.24234e-09
         382         1.2         1.2 7.27293e-09
         383         1.2         1.2 7.26342e-09
         384         1.2         1.2 7.29371e-09
         385         1.2         1.2 7.32371e-09
         386         1.2         1.2 7.31422e-09
         387         1.2         1.2 7.34393e-09
         388         1.2         1.2 7.41208e-09
         389         1.2         1.2   7.441e-09
         390         1.2         1.2 7.46966e-09
         391         1.2         1.2  7.4601e-09
         392         1.2         1.2  7.4885e-09
         393         1.2         1.2 7.47896e-09
         394         1.2         1.2  7.5071e-09
         395         1.2         1.2 7.53498e-09
         396         1.2         1.2 7.52546e-09
         397         1.2         1.2 7.55309e-09
         398         1.2         1.2  7.5436e-09
         399         1.2         1.2 7.57098e-09
         400         1.2         1.2 7.56151e-09
         401         1.2         1.2 7.58865e-09
         402         1.2         1.2 7.61556e-09
         403         1.2         1.2  7.6061e-09
         404         1.2         1.2 7.63277e-09
         405         1.2         1.2 7.62334e-09
         406         1.2         1.2 7.64978e-09
         407         1.2         1.2 7.64038e-09
         408         1.2         1.2 7.66658e-09
         409         1.2         1.2 7.65721e-09
         410         1.2         1.2 7.68319e-09
         411         1.2         1.2 7.70896e-09
         412         1.2         1.2 7.69959e-09
         413         1.2         1.2 7.82884e-09
         414         1.2         1.2 7.81938e-09
         415         1.2         1.2 7.84413e-09
         416         1.2         1.2  7.8347e-09
         417         1.2         1.2 7.85925e-09
         418         1.2         1.2 7.84984e-09
         419         1.2         1.2 7.87419e-09
         420         1.2         1.2 7.86481e-09
         421         1.2         1.2 7.88897e-09
         422         1.2         1.2 7.87961e-09
         423         1.2         1.2 7.90357e-09
         424         1.2         1.2 7.89425e-09
         425         1.2         1.2 7.91801e-09
         426         1.2         1.2 7.90872e-09
         427         1.2         1.2  7.9323e-09
         428         1.2         1.2 7.82419e-09
         429         1.2         1.2 7.84811e-09
         430         1.2         1.2 7.77282e-09
         431         1.2         1.2 7.79691e-09
         432         1.2         1.2 7.68824e-09
         433         1.2         1.2 7.71268e-09
         434         1.2         1.2 7.63709e-09
         435         1.2         1.2 7.66169e-09
         436         1.2         1.2 7.58606e-09
         437         1.2         1.2 7.51002e-09
         438         1.2         1.2 7.50144e-09
         439         1.2         1.2 7.45906e-09
         440         1.2         1.2 7.45058e-09
         441         1.2         1.2 7.37416e-09
         442         1.2         1.2 7.36582e-09
         443         1.2         1.2 7.28905e-09
         444         1.2         1.2  7.3151e-09
         445         1.2         1.2 7.23827e-09
         446         1.2         1.2  7.2645e-09
         447         1.2         1.2 7.15295e-09
         448         1.2         1.2 7.17956e-09
         449         1.2         1.2 7.10227e-09
         450         1.2         1.2 7.12906e-09
         451         1.2         1.2 7.01668e-09
         452         1.2         1.2 7.04387e-09
         453         1.2         1.2 6.96608e-09
         454         1.2         1.2 6.95841e-09
         455         1.2         1.2 6.91556e-09
         456         1.2         1.2 6.90797e-09
         457         1.2         1.2 6.82964e-09
         458         1.2         1.2 6.82218e-09
         459         1.2         1.2 6.77916e-09
         460         1.2         1.2 6.77178e-09
         461         1.2         1.2 6.65677e-09
         462         1.2         1.2  6.6856e-09
         463         1.2         1.2 6.60618e-09
         464         1.2         1.2 6.63522e-09
         465         1.2         1.2 6.55564e-09
         466         1.2         1.2 6.58488e-09
         467         1.2         1.2 6.46849e-09
         468         1.2         1.2 6.46158e-09
         469         1.2         1.2 6.41791e-09
         470         1.2         1.2 6.41107e-09
         471         1.2         1.2 6.33022e-09
         472         1.2         1.2 6.32352e-09
         473         1.2         1.2 6.31683e-09
         474         1.2         1.2 6.27293e-09
         475         1.2         1.2 6.26633e-09
         476         1.2         1.2 6.22237e-09
         477         1.2         1.2 6.21584e-09
         478         1.2         1.2 6.09609e-09
         479         1.2         1.2 6.12766e-09
         480         1.2         1.2 6.04523e-09
         481         1.2         1.2 6.07705e-09
         482         1.2         1.2 6.07074e-09
         483         1.2         1.2 5.94966e-09
         484         1.2         1.2 5.98198e-09
         485         1.2         1.2  5.8987e-09
         486         1.2         1.2 5.93127e-09
         487         1.2         1.2 5.84772e-09
         488         1.2         1.2 5.84172e-09
         489         1.2         1.2 5.75741e-09
         490         1.2         1.2 5.75153e-09
         491         1.2         1.2 5.74567e-09
         492         1.2         1.2 5.70038e-09
         493         1.2         1.2  5.6946e-09
         494         1.2         1.2 5.60926e-09
         495         1.2         1.2 5.60359e-09
         496         1.2         1.2 5.51739e-09
         497         1.2         1.2 5.55222e-09
         498         1.2         1.2 5.54664e-09
         499         1.2         1.2 5.46018e-09
         500         1.2         1.2 5.49528e-09
         501         1.2         1.2 5.36733e-09
         502         1.2         1.2 5.36198e-09
         503         1.2         1.2 5.39769e-09
         504         1.2         1.2    5.31e-09
         505         1.2         1.2 5.34603e-09
         506         1.2         1.2 5.21604e-09
         507         1.2         1.2 5.21089e-09
         508         1.2         1.2 5.24757e-09
         509         1.2         1.2 5.15853e-09
         510         1.2         1.2 5.15347e-09
         511         1.2         1.2 5.10605e-09
         512         1.2         1.2 5.10106e-09
         513         1.2         1.2 5.09609e-09
         514         1.2         1.2 5.00556e-09
         515         1.2         1.2  5.0007e-09
         516         1.2         1.2 4.90896e-09
         517         1.2         1.2  4.9478e-09
         518         1.2         1.2 4.94302e-09
         519         1.2         1.2 4.80655e-09
         520         1.2         1.2 4.84618e-09
         521         1.2         1.2 4.84153e-09
         522         1.2         1.2 4.74813e-09
         523         1.2         1.2 4.78813e-09
         524         1.2         1.2 4.69414e-09
         525         1.2         1.2 4.68967e-09
         526         1.2         1.2 4.73004e-09
         527         1.2         1.2 4.58986e-09
         528         1.2         1.2 4.58552e-09
         529         1.2         1.2 4.62676e-09
         530         1.2         1.2 4.53086e-09
         531         1.2         1.2 4.52659e-09
         532         1.2         1.2 4.42908e-09
         533         1.2         1.2 4.42492e-09
         534         1.2         1.2 4.42078e-09
         535         1.2         1.2  4.3694e-09
         536         1.2         1.2 4.36533e-09
         537         1.2         1.2 4.36126e-09
         538         1.2         1.2 4.30958e-09
         539         1.2         1.2 4.30558e-09
         540         1.2         1.2 4.30159e-09
         541         1.2         1.2 4.15189e-09
         542         1.2         1.2 4.19715e-09
         543         1.2         1.2 4.19329e-09
         544         1.2         1.2 4.09084e-09
         545         1.2         1.2 4.13663e-09
         546         1.2         1.2  3.9825e-09
         547         1.2         1.2 3.97886e-09
         548         1.2         1.2 4.02587e-09
         549         1.2         1.2 3.92036e-09
         550         1.2         1.2 3.91679e-09
         551         1.2         1.2 3.96439e-09
         552         1.2         1.2  3.8579e-09
         553         1.2         1.2 3.85441e-09
         554         1.2         1.2 3.85093e-09
         555         1.2         1.2 3.74203e-09
         556         1.2         1.2 3.73867e-09
         557         1.2         1.2 3.73531e-09
         558         1.2         1.2 3.67826e-09
         559         1.2         1.2 3.67497e-09
         560         1.2         1.2 3.67169e-09
         561         1.2         1.2 3.50283e-09
         562         1.2         1.2 3.55572e-09
         563         1.2         1.2 3.55256e-09
         564         1.2         1.2  3.4367e-09
         565         1.2         1.2 3.49041e-09
         566         1.2         1.2 3.48733e-09
         567         1.2         1.2 3.48425e-09
         568         1.2         1.2 3.36701e-09
         569         1.2         1.2 3.42156e-09
         570         1.2         1.2 3.41856e-09
         571         1.2         1.2 3.24029e-09
         572         1.2         1.2 3.29686e-09
         573         1.2         1.2 3.29399e-09
         574         1.2         1.2  3.1714e-09
         575         1.2         1.2 3.16864e-09
         576         1.2         1.2  3.2262e-09
         577         1.2         1.2 3.03905e-09
         578         1.2         1.2 3.03642e-09
         579         1.2         1.2  3.0338e-09
         580         1.2         1.2 2.96736e-09
         581         1.2         1.2  2.9648e-09
         582         1.2         1.2 2.96226e-09
         583         1.2         1.2 3.02337e-09
         584         1.2         1.2 2.89218e-09
         585         1.2         1.2 2.88971e-09
         586         1.2         1.2 2.88724e-09
         587         1.2         1.2 2.75053e-09
         588         1.2         1.2 2.74819e-09
         589         1.2         1.2 2.74585e-09
         590         1.2         1.2 2.60274e-09
         591         1.2         1.2  2.6718e-09
         592         1.2         1.2 2.66954e-09
         593         1.2         1.2 2.66729e-09
         594         1.2         1.2 2.44561e-09
         595         1.2         1.2 2.51876e-09
         596         1.2         1.2 2.51664e-09
         597         1.2         1.2 2.36199e-09
         598         1.2         1.2 2.36002e-09
         599         1.2         1.2 2.43538e-09
         600         1.2         1.2 2.43335e-09
         601         1.2         1.2  2.2743e-09
         602         1.2         1.2 2.27241e-09
         603         1.2         1.2 2.35021e-09
         604         1.2         1.2 2.10035e-09
         605         1.2         1.2 2.09862e-09
         606         1.2         1.2 2.09688e-09
         607         1.2         1.2 2.18071e-09
         608         1.2         1.2 2.00431e-09
         609         1.2         1.2 2.00266e-09
         610         1.2         1.2 2.00102e-09
         611         1.2         1.2 1.80851e-09
         612         1.2         1.2 1.80703e-09
         613         1.2         1.2 1.80556e-09
         614         1.2         1.2 1.80409e-09
         615         1.2         1.2 1.69952e-09
         616         1.2         1.2 1.69814e-09
         617         1.2         1.2 1.69677e-09
         618         1.2         1.2 1.69539e-09
         619         1.2         1.2 1.58462e-09
         620         1.2         1.2 1.58334e-09
         621         1.2         1.2 1.58206e-09
         622         1.2         1.2 1.19496e-09
         623         1.2         1.2 1.33494e-09
         624         1.2         1.2 1.33387e-09
         625         1.2         1.2  1.3328e-09
         626         1.2         1.2 1.03156e-09
         627         1.2         1.2 1.03073e-09
         628         1.2         1.2 1.18924e-09
         629         1.2         1.2  1.1883e-09
         630         1.2         1.2 5.93676e-10
         631         1.2         1.2 5.93206e-10
         632         1.2         1.2 8.38256e-10
         633         1.2         1.2 8.37593e-10
         634         1.2         1.2           0
         635         1.2         1.2           0
         636         1.2         1.2 5.90869e-10
         637         1.2         1.2 5.90406e-10
         638         1.2         1.2 5.89943e-10
         639         1.2         1.2 5.89481e-10
         640         1.2         1.2  5.8902e-10
         641         1.2         1.2           0
         642         1.2         1.2 1.01862e-09
         643         1.2         1.2 1.01783e-09
         644         1.2         1.2 1.01704e-09
         645         1.2         1.2 1.01625e-09
         646         1.2         1.2 1.17256e-09
         647         1.2         1.2 1.17165e-09
         648         1.2         1.2 1.17075e-09
         649         1.2         1.2 1.16984e-09
         650         1.2         1.2 1.43166e-09
         651         1.2         1.2 1.43056e-09
         652         1.2         1.2 1.42946e-09
         653         1.2         1.2 1.42836e-09
         654         1.2         1.2 1.64807e-09
         655         1.2         1.2 1.54045e-09
         656         1.2         1.2 1.53928e-09
         657         1.2         1.2 1.53811e-09
         658         1.2         1.2 1.74272e-09
         659         1.2         1.2  1.7414e-09
         660         1.2         1.2 1.64056e-09
         661         1.2         1.2 1.63932e-09
         662         1.2         1.2 1.92082e-09
         663         1.2         1.2 1.91937e-09
         664         1.2         1.2 1.82867e-09
         665         1.2         1.2  1.8273e-09
         666         1.2         1.2 1.82593e-09
         667         1.2         1.2  1.9987e-09
         668         1.2         1.2  1.9972e-09
         669         1.2         1.2 1.91075e-09
         670         1.2         1.2 1.90932e-09
         671         1.2         1.2  2.1524e-09
         672         1.2         1.2  2.1508e-09
         673         1.2         1.2  2.1492e-09
         674         1.2         1.2 2.06948e-09
         675         1.2         1.2 2.22133e-09
         676         1.2         1.2 2.21969e-09
         677         1.2         1.2 2.21805e-09
         678         1.2         1.2 2.21641e-09
         679         1.2         1.2 2.13968e-09
         680         1.2         1.2 2.28573e-09
         681         1.2         1.2 2.28405e-09
         682         1.2         1.2 2.28238e-09
         683         1.2         1.2 2.28071e-09
         684         1.2         1.2 2.41729e-09
         685         1.2         1.2 2.41552e-09
         686         1.2         1.2 2.41376e-09
         687         1.2         1.2   2.412e-09
         688         1.2         1.2 2.41025e-09
         689         1.2         1.2 2.53878e-09
         690         1.2         1.2 2.47271e-09
         691         1.2         1.2 2.47092e-09
         692         1.2         1.2 2.46913e-09
         693         1.2         1.2 2.46735e-09
         694         1.2         1.2 2.65309e-09
         695         1.2         1.2 2.59022e-09
         696         1.2         1.2 2.58836e-09
         697         1.2         1.2 2.58651e-09
         698         1.2         1.2 2.70493e-09
         699         1.2         1.2   2.703e-09
         700         1.2         1.2 2.64169e-09
         701         1.2         1.2 2.63981e-09
         702         1.2         1.2 2.63793e-09
         703         1.2         1.2 2.75327e-09
         704         1.2         1.2 2.75131e-09
         705         1.2         1.2 2.74936e-09
         706         1.2         1.2 2.68956e-09
         707         1.2         1.2 2.68766e-09
         708         1.2         1.2 2.85555e-09
         709         1.2         1.2 2.85354e-09
         710         1.2         1.2 2.85153e-09
         711         1.2         1.2 2.79419e-09
         712         1.2         1.2 2.84752e-09
         713         1.2         1.2 2.95294e-09
         714         1.2         1.2 2.95087e-09
         715         1.2         1.2 2.89567e-09
         716         1.2         1.2 2.89365e-09
         717         1.2         1.2 2.89163e-09
         718         1.2         1.2 3.04592e-09
         719         1.2         1.2  3.0438e-09
         720         1.2         1.2 3.04169e-09
         721         1.2         1.2 2.98849e-09
         722         1.2         1.2 2.98642e-09
         723         1.2         1.2 3.08554e-09
         724         1.2         1.2 3.08341e-09
         725         1.2         1.2 3.08129e-09
         726         1.2         1.2 3.07916e-09
         727         1.2         1.2 3.02701e-09
         728         1.2         1.2 3.12413e-09
         729         1.2         1.2 3.12199e-09
         730         1.2         1.2 3.11985e-09
         731         1.2         1.2 3.11772e-09
         732         1.2         1.2 3.11558e-09
         733         1.2         1.2 3.20928e-09
         734         1.2         1.2 3.20709e-09
         735         1.2         1.2 3.20491e-09
         736         1.2         1.2 3.20273e-09
         737         1.2         1.2 3.20056e-09
         738         1.2         1.2 3.24508e-09
         739         1.2         1.2 3.24289e-09
         740         1.2         1.2  3.2407e-09
         741         1.2         1.2 3.23851e-09
         742         1.2         1.2 3.23633e-09
         743         1.2         1.2 3.23415e-09
         744         1.2         1.2 3.32303e-09
         745         1.2         1.2  3.3208e-09
         746         1.2         1.2 3.31857e-09
         747         1.2         1.2 3.31635e-09
         748         1.2         1.2 3.31413e-09
         749         1.2         1.2 3.40026e-09
         750         1.2         1.2 3.39799e-09
         751         1.2         1.2 3.35191e-09
         752         1.2         1.2 3.34968e-09
         753         1.2         1.2 3.34745e-09
         754         1.2         1.2 3.43214e-09
         755         1.2         1.2 3.42986e-09
         756         1.2         1.2 3.42759e-09
         757         1.2         1.2 3.38224e-09
         758         1.2         1.2 3.38001e-09
         759         1.2         1.2 3.37778e-09
         760         1.2         1.2 3.50298e-09
         761         1.2         1.2 3.50068e-09
         762         1.2         1.2 3.49838e-09
         763         1.2         1.2 3.45422e-09
         764         1.2         1.2 3.45196e-09
         765         1.2         1.2  3.4497e-09
         766         1.2         1.2 3.53053e-09
         767         1.2         1.2 3.52823e-09
         768         1.2         1.2 3.52593e-09
         769         1.2         1.2 3.52364e-09
         770         1.2         1.2 3.48016e-09
         771         1.2         1.2 3.59997e-09
         772         1.2         1.2 3.59764e-09
         773         1.2         1.2 3.59531e-09
         774         1.2         1.2 3.59299e-09
         775         1.2         1.2 3.59067e-09
         776         1.2         1.2 3.54826e-09
         777         1.2         1.2 3.62567e-09
         778         1.2         1.2 3.62334e-09
         779         1.2         1.2 3.62101e-09
         780         1.2         1.2 3.61869e-09
         781         1.2         1.2 3.61638e-09
         782         1.2         1.2 3.61406e-09
         783         1.2         1.2  3.6508e-09
         784         1.2         1.2 3.64847e-09
         785         1.2         1.2 3.64615e-09
         786         1.2         1.2 3.64383e-09
         787         1.2         1.2 3.64151e-09
         788         1.2         1.2  3.6392e-09
         789         1.2         1.2 3.75117e-09
         790         1.2         1.2 3.71112e-09
         791         1.2         1.2 3.70877e-09
         792         1.2         1.2 3.70643e-09
         793         1.2         1.2 3.70409e-09
         794         1.2         1.2 3.70176e-09
         795         1.2         1.2 3.77417e-09
         796         1.2         1.2 3.73464e-09
         797         1.2         1.2 3.73229e-09
         798         1.2         1.2 3.72996e-09
         799         1.2         1.2 3.72762e-09
         800         1.2         1.2 3.72529e-09
         801         1.2         1.2 3.83303e-09
         802         1.2         1.2 3.83064e-09
         803         1.2         1.2 3.79196e-09
         804         1.2         1.2  3.7896e-09
         805         1.2         1.2 3.78725e-09
         806         1.2         1.2  3.7849e-09
         807         1.2         1.2 3.78255e-09
         808         1.2         1.2 3.85222e-09
         809         1.2         1.2 3.84984e-09
         810         1.2         1.2 3.84746e-09
         811         1.2         1.2 3.80932e-09
         812         1.2         1.2 3.80698e-09
         813         1.2         1.2 3.80463e-09
         814         1.2         1.2 3.87337e-09
         815         1.2         1.2   3.871e-09
         816         1.2         1.2 3.86862e-09
         817         1.2         1.2 3.86625e-09
         818         1.2         1.2  3.8286e-09
         819         1.2         1.2 3.82626e-09
         820         1.2         1.2 3.82393e-09
         821         1.2         1.2 3.92632e-09
         822         1.2         1.2 3.92393e-09
         823         1.2         1.2 3.92155e-09
         824         1.2         1.2 3.91917e-09
         825         1.2         1.2 3.88228e-09
         826         1.2         1.2 3.87993e-09
         827         1.2         1.2 3.94622e-09
         828         1.2         1.2 3.94384e-09
         829         1.2         1.2 3.94146e-09
         830         1.2         1.2 3.93908e-09
         831         1.2         1.2 3.93671e-09
         832         1.2         1.2 3.93435e-09
         833         1.2         1.2 3.89794e-09
         834         1.2         1.2  3.9968e-09
         835         1.2         1.2 3.99441e-09
         836         1.2         1.2 3.99202e-09
         837         1.2         1.2 3.98963e-09
         838         1.2         1.2 3.98725e-09
         839         1.2         1.2 3.98488e-09
         840         1.2         1.2 3.94918e-09
         841         1.2         1.2 4.01317e-09
         842         1.2         1.2 4.01078e-09
         843         1.2         1.2  4.0084e-09
         844         1.2         1.2 4.00603e-09
         845         1.2         1.2 4.00366e-09
         846         1.2         1.2 4.00129e-09
         847         1.2         1.2 3.99893e-09
         848         1.2         1.2 4.02919e-09
         849         1.2         1.2 4.02682e-09
         850         1.2         1.2 4.02445e-09
         851         1.2         1.2 4.02208e-09
         852         1.2         1.2 4.01972e-09
         853         1.2         1.2 4.01737e-09
         854         1.2         1.2 4.01501e-09
         855         1.2         1.2 4.01266e-09
         856         1.2         1.2 3.97785e-09
         857         1.2         1.2 3.97553e-09
         858         1.2         1.2 3.97321e-09
         859         1.2         1.2 4.06737e-09
         860         1.2         1.2   4.065e-09
         861         1.2         1.2 4.06264e-09
         862         1.2         1.2 4.06028e-09
         863         1.2         1.2 4.05793e-09
         864         1.2         1.2 4.02377e-09
         865         1.2         1.2 4.02145e-09
         866         1.2         1.2 4.08242e-09
         867         1.2         1.2 4.08007e-09
         868         1.2         1.2 4.07772e-09
         869         1.2         1.2 4.07537e-09
         870         1.2         1.2 4.07303e-09
         871         1.2         1.2 4.07069e-09
         872         1.2         1.2 4.06835e-09
         873         1.2         1.2  4.1281e-09
         874         1.2         1.2 4.12574e-09
         875         1.2         1.2 4.12338e-09
         876         1.2         1.2 4.12103e-09
         877         1.2         1.2 4.11868e-09
         878         1.2         1.2 4.11633e-09
         879         1.2         1.2 4.11399e-09
         880         1.2         1.2 4.11165e-09
         881         1.2         1.2 4.13987e-09
         882         1.2         1.2 4.13752e-09
         883         1.2         1.2 4.13518e-09
         884         1.2         1.2 4.13284e-09
         885         1.2         1.2  4.1305e-09
         886         1.2         1.2 4.12817e-09
         887         1.2         1.2 4.12584e-09
         888         1.2         1.2 4.18372e-09
         889         1.2         1.2 4.18137e-09
         890         1.2         1.2 4.14906e-09
         891         1.2         1.2 4.14673e-09
         892         1.2         1.2 4.14441e-09
         893         1.2         1.2 4.14208e-09
         894         1.2         1.2 4.13977e-09
         895         1.2         1.2 4.13745e-09
         896         1.2         1.2 4.22408e-09
         897         1.2         1.2 4.22173e-09
         898         1.2         1.2 4.18997e-09
         899         1.2         1.2 4.18764e-09
         900         1.2         1.2 4.18531e-09
         901         1.2         1.2 4.18299e-09
         902         1.2         1.2 4.18067e-09
         903         1.2         1.2 4.17836e-09
         904         1.2         1.2 4.23445e-09
         905         1.2         1.2 4.23211e-09
         906         1.2         1.2 4.22978e-09
         907         1.2         1.2 4.19839e-09
         908         1.2         1.2 4.19608e-09
         909         1.2         1.2 4.19377e-09
         910         1.2         1.2 4.19146e-09
         911         1.2         1.2 4.18916e-09
         912         1.2         1.2  4.2732e-09
         913         1.2         1.2 4.27086e-09
         914         1.2         1.2 4.26852e-09
         915         1.2         1.2 4.26619e-09
         916         1.2         1.2 4.23534e-09
         917         1.2         1.2 4.23303e-09
         918         1.2         1.2 4.23072e-09
         919         1.2         1.2 4.22842e-09
         920         1.2         1.2 4.28285e-09
         921         1.2         1.2 4.28053e-09
         922         1.2         1.2  4.2782e-09
         923         1.2         1.2 4.27589e-09
         924         1.2         1.2 4.27357e-09
         925         1.2         1.2 4.27126e-09
         926         1.2         1.2 4.24078e-09
         927         1.2         1.2 4.23849e-09
         928         1.2         1.2 4.29231e-09
         929         1.2         1.2    4.29e-09
         930         1.2         1.2  4.2877e-09
         931         1.2         1.2 4.28539e-09
         932         1.2         1.2 4.28309e-09
         933         1.2         1.2  4.2808e-09
         934         1.2         1.2  4.2785e-09
         935         1.2         1.2 4.24836e-09
         936         1.2         1.2 4.32908e-09
         937         1.2         1.2 4.32677e-09
         938         1.2         1.2 4.32446e-09
         939         1.2         1.2 4.32216e-09
         940         1.2         1.2 4.31986e-09
         941         1.2         1.2 4.31756e-09
         942         1.2         1.2 4.31527e-09
         943         1.2         1.2 4.31298e-09
         944         1.2         1.2  4.3107e-09
         945         1.2         1.2  4.3356e-09
         946         1.2         1.2 4.33331e-09
         947         1.2         1.2 4.33102e-09
         948         1.2         1.2 4.32873e-09
         949         1.2         1.2 4.32645e-09
         950         1.2         1.2 4.32418e-09
         951         1.2         1.2  4.3219e-09
         952         1.2         1.2 4.31963e-09
         953         1.2         1.2 4.31736e-09
         954         1.2         1.2 4.39526e-09
         955         1.2         1.2 4.36642e-09
         956         1.2         1.2 4.36413e-09
         957         1.2         1.2 4.36185e-09
         958         1.2         1.2 4.35958e-09
         959         1.2         1.2  4.3573e-09
         960         1.2         1.2 4.35503e-09
         961         1.2         1.2 4.35277e-09
         962         1.2         1.2  4.3505e-09
         963         1.2         1.2 4.40095e-09
         964         1.2         1.2 4.39867e-09
         965         1.2         1.2 4.37014e-09
         966         1.2         1.2 4.36788e-09
         967         1.2         1.2 4.36562e-09
         968         1.2         1.2 4.36336e-09
         969         1.2         1.2 4.36111e-09
         970         1.2         1.2 4.35886e-09
         971         1.2         1.2 4.35662e-09
         972         1.2         1.2 4.40653e-09
         973         1.2         1.2 4.40426e-09
         974         1.2         1.2   4.402e-09
         975         1.2         1.2 4.37379e-09
         976         1.2         1.2 4.37154e-09
         977         1.2         1.2 4.36931e-09
         978         1.2         1.2 4.36707e-09
         979         1.2         1.2 4.36484e-09
         980         1.2         1.2 4.36261e-09
         981         1.2         1.2 4.43757e-09
         982         1.2         1.2 4.43531e-09
         983         1.2         1.2 4.43305e-09
         984         1.2         1.2  4.4308e-09
         985         1.2         1.2 4.42855e-09
         986         1.2         1.2 4.40079e-09
         987         1.2         1.2 4.39856e-09
         988         1.2         1.2 4.39634e-09
         989         1.2         1.2 4.39411e-09
         990         1.2         1.2 4.44267e-09
         991         1.2         1.2 4.44043e-09
         992         1.2         1.2 4.43819e-09
         993         1.2         1.2 4.43595e-09
         994         1.2         1.2 4.43372e-09
         995         1.2         1.2 4.43149e-09
         996         1.2         1.2 4.42927e-09
         997         1.2         1.2 4.40182e-09
         998         1.2         1.2 4.39961e-09
         999         1.2         1.2 4.39741e-09
        1000         1.2         1.2 4.47035e-09
        1001         1.2         1.2 4.46811e-09
        1002         1.2         1.2 4.46588e-09
        1003         1.2         1.2 4.46366e-09
        1004         1.2         1.2 4.46143e-09
        1005         1.2         1.2 4.45921e-09
        1006         1.2         1.2   4.457e-09
        1007         1.2         1.2 4.45478e-09
        1008         1.2         1.2 4.42777e-09
        1009         1.2         1.2 4.42557e-09
        1010         1.2         1.2 4.47281e-09
        1011         1.2         1.2 4.47059e-09
        1012         1.2         1.2 4.46838e-09
        1013         1.2         1.2 4.46618e-09
        1014         1.2         1.2 4.46398e-09
        1015         1.2         1.2 4.46178e-09
        1016         1.2         1.2 4.45958e-09
        1017         1.2         1.2 4.45739e-09
        1018         1.2         1.2  4.4552e-09
        1019         1.2         1.2 4.47741e-09
        1020         1.2         1.2 4.47522e-09
        1021         1.2         1.2 4.47302e-09
        1022         1.2         1.2 4.47083e-09
        1023         1.2         1.2 4.46865e-09
        1024         1.2         1.2 4.46647e-09
        1025         1.2         1.2 4.46429e-09
        1026         1.2         1.2 4.46211e-09
        1027         1.2         1.2 4.45994e-09
        1028         1.2         1.2 4.45777e-09
        1029         1.2         1.2  4.4556e-09
        1030         1.2         1.2 4.50158e-09
        1031         1.2         1.2  4.4994e-09
        1032         1.2         1.2 4.49722e-09
        1033         1.2         1.2 4.49504e-09
        1034         1.2         1.2 4.49287e-09
        1035         1.2         1.2  4.4907e-09
        1036         1.2         1.2 4.48853e-09
        1037         1.2         1.2 4.48637e-09
        1038         1.2         1.2  4.4842e-09
        1039         1.2         1.2 4.48205e-09
        1040         1.2         1.2  4.5273e-09
        1041         1.2         1.2 4.52512e-09
        1042         1.2         1.2 4.49933e-09
        1043         1.2         1.2 4.49717e-09
        1044         1.2         1.2 4.49502e-09
        1045         1.2         1.2 4.49287e-09
        1046         1.2         1.2 4.49072e-09
        1047         1.2         1.2 4.48858e-09
        1048         1.2         1.2 4.48643e-09
        1049         1.2         1.2 4.48429e-09
        1050         1.2         1.2 4.55238e-09
        1051         1.2         1.2 4.55021e-09
        1052         1.2         1.2 4.54805e-09
        1053         1.2         1.2 4.54589e-09
        1054         1.2         1.2 4.52049e-09
        1055         1.2         1.2 4.51835e-09
        1056         1.2         1.2 4.51621e-09
        1057         1.2         1.2 4.51407e-09
        1058         1.2         1.2 4.51194e-09
        1059         1.2         1.2 4.50981e-09
        1060         1.2         1.2 4.50768e-09
        1061         1.2         1.2 4.55177e-09
        1062         1.2         1.2 4.54962e-09
        1063         1.2         1.2 4.54748e-09
        1064         1.2         1.2 4.54535e-09
        1065         1.2         1.2 4.54321e-09
        1066         1.2         1.2 4.51809e-09
        1067         1.2         1.2 4.51597e-09
        1068         1.2         1.2 4.51385e-09
        1069         1.2         1.2 4.51174e-09
        1070         1.2         1.2 4.50963e-09
        1071         1.2         1.2 4.50753e-09
        1072         1.2         1.2 4.55117e-09
        1073         1.2         1.2 4.54905e-09
        1074         1.2         1.2 4.54693e-09
        1075         1.2         1.2 4.54481e-09
        1076         1.2         1.2  4.5427e-09
        1077         1.2         1.2 4.54059e-09
        1078         1.2         1.2 4.53848e-09
        1079         1.2         1.2 4.51364e-09
        1080         1.2         1.2 4.51155e-09
        1081         1.2         1.2 4.50946e-09
        1082         1.2         1.2 4.50738e-09
        1083         1.2         1.2 4.57305e-09
        1084         1.2         1.2 4.57094e-09
        1085         1.2         1.2 4.56883e-09
        1086         1.2         1.2 4.56673e-09
        1087         1.2         1.2 4.56463e-09
        1088         1.2         1.2 4.56253e-09
        1089         1.2         1.2 4.56043e-09
        1090         1.2         1.2 4.55834e-09
        1091         1.2         1.2 4.55625e-09
        1092         1.2         1.2 4.53179e-09
        1093         1.2         1.2 4.52971e-09
        1094         1.2         1.2 4.52764e-09
        1095         1.2         1.2 4.57016e-09
        1096         1.2         1.2 4.56808e-09
        1097         1.2         1.2 4.56599e-09
        1098         1.2         1.2 4.56392e-09
        1099         1.2         1.2 4.56184e-09
        1100         1.2         1.2 4.55976e-09
        1101         1.2         1.2 4.55769e-09
        1102         1.2         1.2 4.55562e-09
        1103         1.2         1.2 4.55356e-09
        1104         1.2         1.2  4.5515e-09
        1105         1.2         1.2  4.5273e-09
        1106         1.2         1.2 4.52525e-09
        1107         1.2         1.2 4.58924e-09
        1108         1.2         1.2 4.58717e-09
        1109         1.2         1.2  4.5851e-09
        1110         1.2         1.2 4.58304e-09
        1111         1.2         1.2 4.58097e-09
        1112         1.2         1.2 4.57891e-09
        1113         1.2         1.2 4.57686e-09
        1114         1.2         1.2  4.5748e-09
        1115         1.2         1.2 4.57275e-09
        1116         1.2         1.2  4.5707e-09
        1117         1.2         1.2 4.56865e-09
        1118         1.2         1.2 4.56661e-09
        1119         1.2         1.2 4.58625e-09
        1120         1.2         1.2 4.58421e-09
        1121         1.2         1.2 4.58216e-09
        1122         1.2         1.2 4.58012e-09
        1123         1.2         1.2 4.57808e-09
        1124         1.2         1.2 4.57604e-09
        1125         1.2         1.2 4.57401e-09
        1126         1.2         1.2 4.57198e-09
        1127         1.2         1.2 4.56995e-09
        1128         1.2         1.2 4.56792e-09
        1129         1.2         1.2  4.5659e-09
        1130         1.2         1.2 4.56388e-09
        1131         1.2         1.2 4.60469e-09
        1132         1.2         1.2 4.60266e-09
        1133         1.2         1.2 4.57928e-09
        1134         1.2         1.2 4.57726e-09
        1135         1.2         1.2 4.57524e-09
        1136         1.2         1.2 4.57323e-09
        1137         1.2         1.2 4.57122e-09
        1138         1.2         1.2 4.56921e-09
        1139         1.2         1.2  4.5672e-09
        1140         1.2         1.2  4.5652e-09
        1141         1.2         1.2  4.5632e-09
        1142         1.2         1.2  4.5612e-09
        1143         1.2         1.2 4.62267e-09
        1144         1.2         1.2 4.62065e-09
        1145         1.2         1.2 4.61864e-09
        1146         1.2         1.2 4.61662e-09
        1147         1.2         1.2 4.59358e-09
        1148         1.2         1.2 4.59158e-09
        1149         1.2         1.2 4.58958e-09
        1150         1.2         1.2 4.58759e-09
        1151         1.2         1.2  4.5856e-09
        1152         1.2         1.2  4.5836e-09
        1153         1.2         1.2 4.58162e-09
        1154         1.2         1.2 4.57963e-09
        1155         1.2         1.2 4.57765e-09
        1156         1.2         1.2 4.61746e-09
        1157         1.2         1.2 4.61546e-09
        1158         1.2         1.2 4.61347e-09
        1159         1.2         1.2 4.61148e-09
        1160         1.2         1.2 4.60949e-09
        1161         1.2         1.2  4.5867e-09
        1162         1.2         1.2 4.58473e-09
        1163         1.2         1.2 4.58275e-09
        1164         1.2         1.2 4.58079e-09
        1165         1.2         1.2 4.57882e-09
        1166         1.2         1.2 4.57686e-09
        1167         1.2         1.2 4.57489e-09
        1168         1.2         1.2 4.57294e-09
        1169         1.2         1.2 4.63289e-09
        1170         1.2         1.2 4.63091e-09
        1171         1.2         1.2 4.62893e-09
        1172         1.2         1.2 4.62696e-09
        1173         1.2         1.2 4.62498e-09
        1174         1.2         1.2 4.62301e-09
        1175         1.2         1.2 4.62105e-09
        1176         1.2         1.2  4.5986e-09
        1177         1.2         1.2 4.59664e-09
        1178         1.2         1.2 4.59469e-09
        1179         1.2         1.2 4.59274e-09
        1180         1.2         1.2  4.5908e-09
        1181         1.2         1.2 4.58885e-09
        1182         1.2         1.2 4.62769e-09
        1183         1.2         1.2 4.62573e-09
        1184         1.2         1.2 4.62377e-09
        1185         1.2         1.2 4.62182e-09
        1186         1.2         1.2 4.61987e-09
        1187         1.2         1.2 4.61793e-09
        1188         1.2         1.2 4.61598e-09
        1189         1.2         1.2 4.61404e-09
        1190         1.2         1.2  4.6121e-09
        1191         1.2         1.2 4.61017e-09
        1192         1.2         1.2 4.58798e-09
        1193         1.2         1.2 4.58605e-09
        1194         1.2         1.2 4.58413e-09
        1195         1.2         1.2 4.58221e-09
        1196         1.2         1.2 4.62065e-09
        1197         1.2         1.2 4.61872e-09
        1198         1.2         1.2  4.6168e-09
        1199         1.2         1.2 4.61487e-09
        1200         1.2         1.2 4.61295e-09
        1201         1.2         1.2 4.61103e-09
        1202         1.2         1.2 4.60911e-09
        1203         1.2         1.2 4.60719e-09
        1204         1.2         1.2 4.60528e-09
        1205         1.2         1.2 4.60337e-09
        1206         1.2         1.2 4.60146e-09
        1207         1.2         1.2 4.59955e-09
        1208         1.2         1.2 4.57761e-09
        1209         1.2         1.2 4.57572e-09
        1210         1.2         1.2 4.63362e-09
        1211         1.2         1.2 4.63171e-09
        1212         1.2         1.2 4.62979e-09
        1213         1.2         1.2 4.62789e-09
        1214         1.2         1.2 4.62598e-09
        1215         1.2         1.2 4.62408e-09
        1216         1.2         1.2 4.62217e-09
        1217         1.2         1.2 4.62027e-09
        1218         1.2         1.2 4.61838e-09
        1219         1.2         1.2 4.61648e-09
        1220         1.2         1.2 4.61459e-09
        1221         1.2         1.2  4.6127e-09
        1222         1.2         1.2 4.61081e-09
        1223         1.2         1.2 4.60893e-09
        1224         1.2         1.2 4.62669e-09
        1225         1.2         1.2  4.6248e-09
        1226         1.2         1.2 4.62291e-09
        1227         1.2         1.2 4.62103e-09
        1228         1.2         1.2 4.61915e-09
        1229         1.2         1.2 4.61727e-09
        1230         1.2         1.2 4.61539e-09
        1231         1.2         1.2 4.61352e-09
        1232         1.2         1.2 4.61164e-09
        1233         1.2         1.2 4.60977e-09
        1234         1.2         1.2 4.60791e-09
        1235         1.2         1.2 4.60604e-09
        1236         1.2         1.2 4.60418e-09
        1237         1.2         1.2 4.60231e-09
        1238         1.2         1.2 4.60046e-09
        1239         1.2         1.2 4.65669e-09
        1240         1.2         1.2 4.63554e-09
        1241         1.2         1.2 4.63367e-09
        1242         1.2         1.2  4.6318e-09
        1243         1.2         1.2 4.62994e-09
        1244         1.2         1.2 4.62808e-09
        1245         1.2         1.2 4.62622e-09
        1246         1.2         1.2 4.62436e-09
        1247         1.2         1.2 4.62251e-09
        1248         1.2         1.2 4.62065e-09
        1249         1.2         1.2  4.6188e-09
        1250         1.2         1.2 4.61696e-09
        1251         1.2         1.2 4.61511e-09
        1252         1.2         1.2 4.61327e-09
        1253         1.2         1.2 4.61143e-09
        1254         1.2         1.2 4.64784e-09
        1255         1.2         1.2 4.64599e-09
        1256         1.2         1.2 4.64414e-09
        1257         1.2         1.2 4.64229e-09
        1258         1.2         1.2 4.62139e-09
        1259         1.2         1.2 4.61955e-09
        1260         1.2         1.2 4.61772e-09
        1261         1.2         1.2 4.61589e-09
        1262         1.2         1.2 4.61406e-09
        1263         1.2         1.2 4.61223e-09
        1264         1.2         1.2 4.61041e-09
        1265         1.2         1.2 4.60858e-09
        1266         1.2         1.2 4.60676e-09
        1267         1.2         1.2 4.60495e-09
        1268         1.2         1.2 4.60313e-09
        1269         1.2         1.2 4.60132e-09
        1270         1.2         1.2 4.63736e-09
        1271         1.2         1.2 4.63554e-09
        1272         1.2         1.2 4.63371e-09
        1273         1.2         1.2 4.63189e-09
        1274         1.2         1.2 4.63007e-09
        1275         1.2         1.2 4.60941e-09
        1276         1.2         1.2  4.6076e-09
        1277         1.2         1.2 4.60579e-09
        1278         1.2         1.2 4.60399e-09
        1279         1.2         1.2 4.60219e-09
        1280         1.2         1.2 4.60039e-09
        1281         1.2         1.2  4.5986e-09
        1282         1.2         1.2  4.5968e-09
        1283         1.2         1.2 4.59501e-09
        1284         1.2         1.2 4.59322e-09
        1285         1.2         1.2 4.64754e-09
        1286         1.2         1.2 4.64574e-09
        1287         1.2         1.2 4.64393e-09
        1288         1.2         1.2 4.64213e-09
        1289         1.2         1.2 4.64033e-09
        1290         1.2         1.2 4.63853e-09
        1291         1.2         1.2 4.63673e-09
        1292         1.2         1.2 4.63494e-09
        1293         1.2         1.2 4.61457e-09
        1294         1.2         1.2 4.61279e-09
        1295         1.2         1.2 4.61101e-09
        1296         1.2         1.2 4.60923e-09
        1297         1.2         1.2 4.60745e-09
        1298         1.2         1.2 4.60568e-09
        1299         1.2         1.2 4.60391e-09
        1300         1.2         1.2 4.60213e-09
        1301         1.2         1.2 4.63732e-09
        1302         1.2         1.2 4.63554e-09
        1303         1.2         1.2 4.63376e-09
        1304         1.2         1.2 4.63198e-09
        1305         1.2         1.2  4.6302e-09
        1306         1.2         1.2 4.62843e-09
        1307         1.2         1.2 4.62666e-09
        1308         1.2         1.2 4.62489e-09
        1309         1.2         1.2 4.62312e-09
        1310         1.2         1.2 4.62136e-09
        1311         1.2         1.2  4.6196e-09
        1312         1.2         1.2 4.59947e-09
        1313         1.2         1.2 4.59772e-09
        1314         1.2         1.2 4.59597e-09
        1315         1.2         1.2 4.59422e-09
        1316         1.2         1.2 4.59248e-09
        1317         1.2         1.2 4.59074e-09
        1318         1.2         1.2 4.64373e-09
        1319         1.2         1.2 4.64197e-09
        1320         1.2         1.2 4.64022e-09
        1321         1.2         1.2 4.63846e-09
        1322         1.2         1.2  4.6367e-09
        1323         1.2         1.2 4.63495e-09
        1324         1.2         1.2  4.6332e-09
        1325         1.2         1.2 4.63145e-09
        1326         1.2         1.2 4.62971e-09
        1327         1.2         1.2 4.62796e-09
        1328         1.2         1.2 4.62622e-09
        1329         1.2         1.2 4.62448e-09
        1330         1.2         1.2 4.62274e-09
        1331         1.2         1.2 4.60291e-09
        1332         1.2         1.2 4.60119e-09
        1333         1.2         1.2 4.59946e-09
        1334         1.2         1.2 4.59774e-09
        1335         1.2         1.2 4.63206e-09
        1336         1.2         1.2 4.63033e-09
        1337         1.2         1.2  4.6286e-09
        1338         1.2         1.2 4.62687e-09
        1339         1.2         1.2 4.62514e-09
        1340         1.2         1.2 4.62341e-09
        1341         1.2         1.2 4.62169e-09
        1342         1.2         1.2 4.61997e-09
        1343         1.2         1.2 4.61824e-09
        1344         1.2         1.2 4.61653e-09
        1345         1.2         1.2 4.61481e-09
        1346         1.2         1.2  4.6131e-09
        1347         1.2         1.2 4.61138e-09
        1348         1.2         1.2 4.60967e-09
        1349         1.2         1.2 4.60796e-09
        1350         1.2         1.2 4.60626e-09
        1351         1.2         1.2 4.58667e-09
        1352         1.2         1.2 4.62065e-09
        1353         1.2         1.2 4.61895e-09
        1354         1.2         1.2 4.61724e-09
        1355         1.2         1.2 4.61554e-09
        1356         1.2         1.2 4.61383e-09
        1357         1.2         1.2 4.61213e-09
        1358         1.2         1.2 4.61044e-09
        1359         1.2         1.2 4.60874e-09
        1360         1.2         1.2 4.60704e-09
        1361         1.2         1.2 4.60535e-09
        1362         1.2         1.2 4.60366e-09
        1363         1.2         1.2 4.60197e-09
        1364         1.2         1.2 4.60028e-09
        1365         1.2         1.2  4.5986e-09
        1366         1.2         1.2 4.59691e-09
        1367         1.2         1.2 4.59523e-09
        1368         1.2         1.2 4.59355e-09
        1369         1.2         1.2 4.59188e-09
        1370         1.2         1.2 4.64286e-09
        1371         1.2         1.2 4.62369e-09
        1372         1.2         1.2   4.622e-09
        1373         1.2         1.2 4.62032e-09
        1374         1.2         1.2 4.61864e-09
        1375         1.2         1.2 4.61696e-09
        1376         1.2         1.2 4.61528e-09
        1377         1.2         1.2  4.6136e-09
        1378         1.2         1.2 4.61193e-09
        1379         1.2         1.2 4.61025e-09
        1380         1.2         1.2 4.60858e-09
        1381         1.2         1.2 4.60692e-09
        1382         1.2         1.2 4.60525e-09
        1383         1.2         1.2 4.60358e-09
        1384         1.2         1.2 4.60192e-09
        1385         1.2         1.2 4.60026e-09
        1386         1.2         1.2  4.5986e-09
        1387         1.2         1.2 4.59694e-09
        1388         1.2         1.2 4.59528e-09
        1389         1.2         1.2  4.6283e-09
        1390         1.2         1.2 4.62663e-09
        1391         1.2         1.2 4.62497e-09
        1392         1.2         1.2 4.60603e-09
        1393         1.2         1.2 4.60437e-09
        1394         1.2         1.2 4.60272e-09
        1395         1.2         1.2 4.60107e-09
        1396         1.2         1.2 4.59942e-09
        1397         1.2         1.2 4.59778e-09
        1398         1.2         1.2 4.59613e-09
        1399         1.2         1.2 4.59449e-09
        1400         1.2         1.2 4.59285e-09
        1401         1.2         1.2 4.59121e-09
        1402         1.2         1.2 4.58957e-09
        1403         1.2         1.2 4.58793e-09
        1404         1.2         1.2  4.5863e-09
        1405         1.2         1.2 4.58467e-09
        1406         1.2         1.2 4.58304e-09
        1407         1.2         1.2 4.58141e-09
        1408         1.2         1.2 4.63114e-09
        1409         1.2         1.2  4.6295e-09
        1410         1.2         1.2 4.62786e-09
        1411         1.2         1.2 4.62622e-09
        1412         1.2         1.2 4.62458e-09
        1413         1.2         1.2 4.60591e-09
        1414         1.2         1.2 4.60429e-09
        1415         1.2         1.2 4.60266e-09
        1416         1.2         1.2 4.60103e-09
        1417         1.2         1.2 4.59941e-09
        1418         1.2         1.2 4.59779e-09
        1419         1.2         1.2 4.59617e-09
        1420         1.2         1.2 4.59455e-09
        1421         1.2         1.2 4.59293e-09
        1422         1.2         1.2 4.59132e-09
        1423         1.2         1.2 4.60667e-09
        1424         1.2         1.2 4.60505e-09
        1425         1.2         1.2 4.60344e-09
        1426         1.2         1.2 4.60182e-09
        1427         1.2         1.2 4.63391e-09
        1428         1.2         1.2 4.63229e-09
        1429         1.2         1.2 4.61386e-09
        1430         1.2         1.2 4.61225e-09
        1431         1.2         1.2 4.61063e-09
        1432         1.2         1.2 4.60902e-09
        1433         1.2         1.2 4.60741e-09
        1434         1.2         1.2 4.60581e-09
        1435         1.2         1.2  4.6042e-09
        1436         1.2         1.2  4.6026e-09
        1437         1.2         1.2   4.601e-09
        1438         1.2         1.2  4.5994e-09
        1439         1.2         1.2  4.5978e-09
        1440         1.2         1.2  4.5962e-09
        1441         1.2         1.2 4.59461e-09
        1442         1.2         1.2 4.59301e-09
        1443         1.2         1.2 4.59142e-09
        1444         1.2         1.2 4.58983e-09
        1445         1.2         1.2 4.58824e-09
        1446         1.2         1.2 4.58666e-09
        1447         1.2         1.2 4.61842e-09
        1448         1.2         1.2 4.61682e-09
        1449         1.2         1.2 4.61523e-09
        1450         1.2         1.2 4.61364e-09
        1451         1.2         1.2 4.61205e-09
        1452         1.2         1.2 4.59385e-09
        1453         1.2         1.2 4.59226e-09
        1454         1.2         1.2 4.59068e-09
        1455         1.2         1.2 4.58911e-09
        1456         1.2         1.2 4.58753e-09
        1457         1.2         1.2 4.58596e-09
        1458         1.2         1.2 4.58438e-09
        1459         1.2         1.2 4.58281e-09
        1460         1.2         1.2 4.58124e-09
        1461         1.2         1.2 4.57967e-09
        1462         1.2         1.2 4.57811e-09
        1463         1.2         1.2 4.57654e-09
        1464         1.2         1.2 4.57498e-09
        1465         1.2         1.2 4.57342e-09
        1466         1.2         1.2 4.57186e-09
        1467         1.2         1.2  4.5703e-09
        1468         1.2         1.2 4.61814e-09
        1469         1.2         1.2 4.61656e-09
        1470         1.2         1.2 4.61499e-09
        1471         1.2         1.2 4.61342e-09
        1472         1.2         1.2 4.61186e-09
        1473         1.2         1.2 4.61029e-09
        1474         1.2         1.2 4.60873e-09
        1475         1.2         1.2  4.5908e-09
        1476         1.2         1.2 4.58924e-09
        1477         1.2         1.2 4.58769e-09
        1478         1.2         1.2 4.58614e-09
        1479         1.2         1.2 4.58459e-09
        1480         1.2         1.2 4.58304e-09
        1481         1.2         1.2 4.58149e-09
        1482         1.2         1.2 4.57994e-09
        1483         1.2         1.2  4.5784e-09
        1484         1.2         1.2 4.57686e-09
        1485         1.2         1.2 4.57531e-09
        1486         1.2         1.2 4.57377e-09
        1487         1.2         1.2 4.57224e-09
        1488         1.2         1.2  4.5707e-09
        1489         1.2         1.2 4.60169e-09
        1490         1.2         1.2 4.60014e-09
        1491         1.2         1.2  4.5986e-09
        1492         1.2         1.2 4.59706e-09
        1493         1.2         1.2 4.59552e-09
        1494         1.2         1.2 4.59398e-09
        1495         1.2         1.2 4.59244e-09
        1496         1.2         1.2 4.59091e-09
        1497         1.2         1.2 4.58937e-09
        1498         1.2         1.2 4.58784e-09
        1499         1.2         1.2 4.57013e-09
        1500         1.2         1.2 4.56861e-09
