           1    -1.29783    -1.29783           0
           2   -0.661929    -0.97988    0.224825
           3   -0.158724   -0.706161    0.269096
           4    0.335606   -0.445719    0.302663
           5    0.608637   -0.234848    0.306921
           6     1.14608 -0.00469372    0.330998
           7     1.31855    0.184341     0.33335
           8     1.48318    0.346696    0.328849
           9     1.99375    0.529702    0.339434
          10     2.10396    0.687128    0.340043
          11     2.19427    0.824141      0.3356
          12     2.12619    0.932645      0.3247
          13     2.65282     1.06497     0.32557
          14     2.76216     1.18619      0.3241
          15     3.22515     1.32212    0.329769
          16     2.88729     1.41995    0.323342
          17     3.34673     1.53329    0.323577
          18     4.10685     1.67626    0.335706
          19     4.02576     1.79992     0.34005
          20     3.90805     1.90533    0.338991
          21     4.16635     2.01299    0.339516
          22     3.96353     2.10166     0.33546
          23     3.77955     2.17461    0.328712
          24     3.60231      2.2341    0.320353
          25     3.75522     2.29494    0.313264
          26     4.10613      2.3646    0.308863
          27     3.72648     2.41504    0.301514
          28     3.70214     2.46101    0.294229
          29     3.94802     2.51229    0.288517
          30     3.95761     2.56046    0.282894
          31     3.70411     2.59735    0.276163
          32     3.46423     2.62444    0.268858
          33     3.39609     2.64783    0.261726
          34     3.20217     2.66413    0.254535
          35     3.48179     2.68749    0.248333
          36     3.46712     2.70915    0.242377
          37     4.09412     2.74658    0.238699
          38     3.98782     2.77924    0.234642
          39     3.88647     2.80764    0.230337
          40     4.34272     2.84601    0.227753
          41     4.42616     2.88455    0.225435
          42     4.78104     2.92971    0.224544
          43     4.75554     2.97217    0.223301
          44     4.44427     3.00563    0.220718
          45      4.5516     3.03998    0.218471
          46     4.68401     3.07572    0.216625
          47     4.18656     3.09936    0.213301
          48     4.02219     3.11858    0.209722
          49     3.96131     3.13578    0.206146
          50     3.74819     3.14803    0.202387
          51     3.33012      3.1516     0.19845
          52     3.44083     3.15716    0.194711
          53     3.20641     3.15809     0.19104
          54     3.17814     3.15846    0.187502
          55     3.24193     3.15998    0.184099
          56     3.52026     3.16641    0.180924
          57     3.43172     3.17107     0.17781
          58     3.45974     3.17604    0.174814
          59     3.52007     3.18187    0.171948
          60     3.70746     3.19063    0.169305
          61     3.47953     3.19537    0.166596
          62      3.8184     3.20542    0.164212
          63     3.47561     3.20971    0.161661
          64      3.5627     3.21522    0.159229
          65     3.35678      3.2174    0.156795
          66     3.43956     3.22077    0.154455
          67     3.47001     3.22449    0.152195
          68     3.46989      3.2281    0.149999
          69     3.48926     3.23188    0.147873
          70     3.88342     3.24119    0.146053
          71     4.17106     3.25429    0.144582
          72     4.11607     3.26625    0.143069
          73     3.56205     3.27031    0.141166
          74     3.63514     3.27524    0.139345
          75     3.55451     3.27896    0.137536
          76     3.68008     3.28424    0.135828
          77     3.53601     3.28751    0.134103
          78      3.5882     3.29136    0.132439
          79     3.74839     3.29715    0.130889
          80     3.95646     3.30539    0.129512
          81        4.02     3.31421    0.128214
          82     3.67198     3.31857    0.126724
          83     3.78674     3.32422    0.125323
          84     3.53927     3.32678    0.123857
          85     3.58206     3.32978    0.122436
          86     3.17987     3.32804    0.121025
          87     3.37217     3.32854    0.119635
          88     3.09905     3.32594    0.118304
          89     3.67667     3.32988     0.11704
          90     3.47977     3.33154    0.115752
          91     3.39951     3.33229    0.114482
          92     3.59191     3.33511    0.113273
          93      3.6524     3.33852    0.112106
          94     3.66286     3.34197    0.110966
          95     3.68621      3.3456    0.109858
          96     4.02923     3.35272    0.108944
          97     3.69178     3.35621    0.107877
          98     3.52154      3.3579    0.106789
          99     3.70793     3.36144    0.105769
         100     4.30311     3.37085     0.10513
         101     4.26547     3.37971    0.104461
         102     4.38981     3.38961    0.103905
         103     4.75642     3.40288    0.103741
         104      4.6704     3.41507    0.103456
         105     4.18244     3.42238    0.102729
         106     3.86605     3.42656    0.101845
         107     3.96779     3.43162    0.101019
         108     4.06797     3.43751    0.100255
         109     4.23507     3.44483    0.099602
         110     4.10785     3.45086   0.0988787
         111     4.30734     3.45858   0.0982885
         112     4.06072     3.46395   0.0975578
         113     3.76277      3.4666   0.0967303
         114     4.03349     3.47157   0.0960096
         115     4.10652     3.47709   0.0953333
         116     3.98563     3.48147   0.0946122
         117     4.24328     3.48799   0.0940274
         118     4.17207     3.49378   0.0934091
         119     3.75457     3.49597   0.0926498
         120     3.81401     3.49862   0.0919156
         121     3.72423     3.50049   0.0911749
         122     3.75744     3.50259   0.0904519
         123     3.35646     3.50141   0.0897243
         124     3.45244     3.50101   0.0890016
         125     4.07748     3.50562    0.088409
         126     3.56609      3.5061   0.0877086
         127       3.701     3.50764   0.0870314
         128     3.80778     3.50998   0.0863831
         129     4.03644     3.51406   0.0858098
         130     4.34723     3.52047   0.0853887
         131     4.74229      3.5298   0.0852448
         132     4.64278     3.53823   0.0850149
         133     4.33771     3.54424    0.084588
         134     4.03321     3.54789   0.0840354
         135     4.82544     3.55736   0.0839441
         136     4.37151     3.56334     0.08354
         137     3.94039     3.56609   0.0829756
         138      3.3866     3.56479   0.0823845
         139     3.38837     3.56352   0.0818016
         140     3.48477     3.56296   0.0812192
         141     3.37573     3.56163    0.080654
         142     3.20195      3.5591   0.0801258
         143     3.47603     3.55852   0.0795676
         144     3.79582     3.56017   0.0790321
         145     3.61167     3.56052   0.0784878
         146      3.6394     3.56106   0.0779521
         147     3.67781     3.56186   0.0774259
         148     3.57624     3.56195   0.0769028
         149     3.29184     3.56014    0.076408
         150     3.60849     3.56046   0.0758993
         151     4.17236     3.56452   0.0755048
         152     4.25211     3.56904   0.0751434
         153      4.4001     3.57447   0.0748483
         154     4.33375      3.5794   0.0745245
         155     4.59917     3.58598   0.0743336
         156     4.06709     3.58907    0.073921
         157     4.04857     3.59199   0.0735081
         158     3.72192     3.59281   0.0730475
         159     3.58305     3.59275   0.0725881
         160     3.76289     3.59382   0.0721422
         161     3.75482     3.59482    0.071701
         162     3.76441     3.59586   0.0712661
         163     3.86833     3.59753   0.0708485
         164     3.54896     3.59724   0.0704171
         165     3.39318       3.596   0.0700012
         166     3.51342      3.5955   0.0695812
         167     3.46237     3.59471   0.0691691
         168     3.30821       3.593   0.0687784
         169     3.31611     3.59136    0.068391
         170     3.79761     3.59258   0.0679994
         171     3.65554     3.59294   0.0676028
         172     3.64878     3.59327   0.0672105
         173     4.23678     3.59699   0.0669249
         174     4.47947     3.60206   0.0667321
         175     4.18035     3.60537   0.0664326
         176     4.13868      3.6084   0.0661242
         177     3.53991     3.60801   0.0657517
         178     3.82554     3.60923   0.0653937
         179     3.88293     3.61076   0.0650463
         180     3.86245     3.61216   0.0646999
         181      3.5757     3.61196   0.0643428
         182     3.64551     3.61214   0.0639895
         183     3.43715     3.61118    0.063647
         184      3.2417     3.60918   0.0633327
         185     4.10059     3.61183   0.0630461
         186     3.83157     3.61301   0.0627182
         187     3.84486     3.61425   0.0623951
         188      3.9382     3.61598    0.062087
         189     4.09836     3.61853   0.0618109
         190     3.73759     3.61916   0.0614887
         191     4.37477     3.62311    0.061294
         192     3.80435     3.62406    0.060982
         193     3.95382     3.62576   0.0606899
         194     4.22974     3.62888   0.0604569
         195     4.26662     3.63215   0.0602353
         196     4.30705     3.63559   0.0600263
         197      4.3514     3.63923   0.0598315
         198     4.61232     3.64414   0.0597308
         199     4.30142     3.64744   0.0595219
         200     4.19002     3.65016   0.0592861
         201     4.16174      3.6527   0.0590457
         202      4.2445     3.65563    0.058826
         203     4.07777     3.65771    0.058573
         204     3.91766     3.65898   0.0582997
         205     4.10418     3.66116   0.0580558
         206     4.08791     3.66323   0.0578109
         207     4.40846     3.66683   0.0576436
         208     4.24822     3.66962   0.0574342
         209      4.1726     3.67203   0.0572098
         210     4.17503     3.67443   0.0569875
         211     4.04129     3.67616   0.0567439
         212     3.99153     3.67765   0.0564958
         213     3.91317     3.67876   0.0562414
         214     3.57317     3.67826   0.0559807
         215     2.96907     3.67497   0.0558174
         216     2.99221      3.6718   0.0556484
         217     3.13227     3.66932   0.0554475
         218      3.0357     3.66641   0.0552693
         219     2.64872     3.66176   0.0552119
         220      2.8917     3.65826   0.0550718
         221     2.92934     3.65497   0.0549213
         222     3.30174     3.65337    0.054697
         223     3.32251     3.65189   0.0544718
         224     3.85246     3.65279    0.054236
         225     4.46028     3.65638   0.0541135
         226     3.93842     3.65762   0.0538885
         227     4.32392     3.66056    0.053731
         228      4.7462     3.66532   0.0537059
         229     4.51542     3.66903   0.0535995
         230     4.44558     3.67241   0.0534727
         231     4.27423     3.67501   0.0533046
         232     4.14227     3.67703   0.0531129
         233      4.0721     3.67872    0.052912
         234     3.68534     3.67875   0.0526859
         235     3.69401     3.67882   0.0524618
         236     3.67621     3.67881   0.0522395
         237     3.52585     3.67816    0.052023
         238     3.38212     3.67692   0.0518193
         239     3.74411      3.6772   0.0516033
         240     3.86018     3.67796   0.0513939
         241     3.78339      3.6784   0.0511825
         242     3.73257     3.67862   0.0509715
         243     3.75768     3.67895   0.0507628
         244     3.57119     3.67851   0.0505566
         245     3.30636     3.67699   0.0503731
         246     3.50379     3.67628   0.0501732
         247     3.33218     3.67489   0.0499894
         248      3.5493     3.67438   0.0497904
         249     3.76616     3.67475   0.0495918
         250     4.49822     3.67804   0.0495027
         251     5.00347     3.68333   0.0495864
         252     4.57787     3.68688   0.0495165
         253     4.02485     3.68821   0.0493388
         254     3.96252     3.68929   0.0491564
         255     4.16586     3.69116   0.0489991
         256     4.42256     3.69402   0.0488909
         257     4.22586     3.69609   0.0487445
         258     4.35333     3.69863   0.0486221
         259     3.99993      3.6998   0.0484482
         260     3.80688     3.70021   0.0482637
         261     3.70018     3.70021   0.0480787
         262     3.66212     3.70006   0.0478954
         263     3.54077     3.69946   0.0477172
         264     3.45404     3.69853   0.0475455
         265     3.69865     3.69853   0.0473661
         266      3.7034     3.69855    0.047188
         267     3.52509      3.6979   0.0470157
         268     3.83209      3.6984    0.046843
         269     3.84426     3.69894    0.046672
         270     3.97661     3.69997   0.0465104
         271     3.68143      3.6999   0.0463389
         272      3.9248     3.70073   0.0461759
         273     3.71211     3.70077   0.0460067
         274     3.66733     3.70065    0.045839
         275     3.75295     3.70084   0.0456727
         276     4.11988     3.70236   0.0455325
         277     3.90317     3.70308   0.0453739
         278     3.73538      3.7032   0.0452108
         279     3.74576     3.70335    0.045049
         280     3.85097     3.70388   0.0448912
         281      3.6546      3.7037   0.0447318
         282      3.8034     3.70405   0.0445746
         283     4.65025      3.7074   0.0445423
         284     4.40802     3.70986   0.0444537
         285     4.09712     3.71122   0.0443185
         286       3.899     3.71188   0.0441684
         287     4.19227     3.71355   0.0440462
         288     4.24644      3.7154   0.0439321
         289     4.06671     3.71662   0.0437969
         290     3.98987     3.71756    0.043656
         291     4.10242     3.71888    0.043526
         292     4.51394     3.72161    0.043462
         293     4.57373     3.72452   0.0434109
         294     4.55999     3.72736   0.0433561
         295     4.17894     3.72889   0.0432362
         296     4.34425     3.73097   0.0431401
         297       4.326     3.73297   0.0430413
         298     4.28908     3.73484   0.0429373
         299     4.29596     3.73671   0.0428347
         300     4.16018     3.73813   0.0427152
         301     4.55846     3.74085   0.0426601
         302     4.37184     3.74294     0.04257
         303     4.41369     3.74515    0.042487
         304      4.2164      3.7467   0.0423755
         305     4.25637     3.74837   0.0422695
         306     4.27274     3.75009   0.0421661
         307     4.32869     3.75197   0.0420709
         308     4.30664     3.75377   0.0419728
         309     4.27527     3.75546   0.0418709
         310     4.40173     3.75755   0.0417877
         311     4.46797     3.75983   0.0417157
         312     4.37014     3.76179   0.0416278
         313     4.02895     3.76264   0.0415036
         314     4.12961     3.76381   0.0413879
         315     4.13752       3.765   0.0412735
         316     4.14419      3.7662   0.0411603
         317     4.00456     3.76695   0.0410373
         318     3.62822     3.76651   0.0409106
         319      3.8301     3.76671   0.0407828
         320     3.78689     3.76677   0.0406554
         321     3.87017      3.7671   0.0405301
         322     3.63641     3.76669   0.0404062
         323     3.45447     3.76572   0.0402927
         324     3.64524     3.76535     0.04017
         325     3.29579     3.76391   0.0400724
         326     3.36297     3.76268   0.0399684
         327     3.10791     3.76067   0.0398963
         328     3.09922     3.75866   0.0398256
         329     3.39805     3.75756   0.0397196
         330     3.25019     3.75602    0.039629
         331     3.07851     3.75398   0.0395621
         332     3.00204     3.75171   0.0395077
         333     2.70463     3.74857    0.039514
         334     2.49865     3.74483   0.0395725
         335     2.40832     3.74084    0.039655
         336     3.11585     3.73898   0.0395805
         337     3.11018     3.73711    0.039507
         338     3.17938     3.73546   0.0394246
         339     3.45781     3.73464   0.0393168
         340     3.34074     3.73348   0.0392182
         341     3.23804     3.73203   0.0391301
         342     3.48513     3.73131   0.0390224
         343     3.45114     3.73049   0.0389172
         344     3.36245     3.72942   0.0388187
         345     3.29255     3.72815   0.0387269
         346     3.15726      3.7265   0.0386501
         347     3.23093     3.72508   0.0385651
         348     3.78239     3.72524   0.0384546
         349     4.21274     3.72664   0.0383698
         350     3.89209     3.72711   0.0382631
         351     3.90503     3.72762   0.0381574
         352     4.03638     3.72849   0.0380591
         353     3.84853     3.72883   0.0379528
         354     3.52009     3.72825   0.0378502
         355     3.59611     3.72787   0.0377454
         356     3.38867     3.72692   0.0376514
         357     3.28617     3.72569   0.0375661
         358     3.55498     3.72521   0.0374642
         359     3.55524     3.72474   0.0373629
         360     3.51783     3.72416   0.0372635
         361     3.33012     3.72307   0.0371763
         362     3.56072     3.72262   0.0370763
         363     3.95288     3.72325   0.0369795
         364      3.8827     3.72369   0.0368806
         365     3.73451     3.72372   0.0367795
         366      3.5146     3.72315   0.0366835
         367     3.56586     3.72272    0.036586
         368     3.40362     3.72186   0.0364969
         369     3.22752     3.72052   0.0364225
         370     3.31376     3.71942   0.0363407
         371     3.45655     3.71871   0.0362496
         372     3.68499     3.71862   0.0361523
         373      3.7096     3.71859   0.0360554
         374     3.85342     3.71895   0.0359608
         375     3.90945     3.71946   0.0358685
         376     3.51889     3.71893   0.0357771
         377     3.63825     3.71871   0.0356828
         378     3.39267     3.71785   0.0355988
         379      3.1244     3.71629   0.0355393
         380     3.31363     3.71523   0.0354616
         381     3.53028     3.71474   0.0353718
         382     3.37542     3.71385   0.0352904
         383     3.09228     3.71223   0.0352355
         384     3.35181     3.71129   0.0351563
         385     3.33917     3.71032   0.0350782
         386     3.82139     3.71061   0.0349886
         387     3.77009     3.71077   0.0348985
         388     3.83981      3.7111   0.0348101
         389     3.74615     3.71119   0.0347208
         390     3.86385     3.71158   0.0346339
         391     3.64761     3.71142   0.0345457
         392      2.9187     3.70939   0.0345167
         393     2.95989     3.70749   0.0344816
         394     2.90009     3.70544   0.0344549
         395      2.9115     3.70343   0.0344262
         396      3.1399       3.702   0.0343687
         397     2.82495      3.6998   0.0343531
         398     2.83876     3.69763   0.0343348
         399     2.91016     3.69566   0.0343054
         400     3.07236      3.6941    0.034255
         401     3.06626     3.69253   0.0342054
         402     3.15332     3.69119   0.0341466
         403     3.81356      3.6915   0.0340632
         404     3.84901     3.69189   0.0339811
         405     3.82854     3.69222   0.0338989
         406     4.13548     3.69332    0.033833
         407     4.27366     3.69474   0.0337799
         408     3.78743     3.69497   0.0336978
         409     3.51213     3.69452   0.0336184
         410     3.68192     3.69449   0.0335364
         411     3.91281     3.69502    0.033459
         412     3.35461      3.6942    0.033388
         413     3.64682     3.69408   0.0333074
         414     3.67911     3.69405    0.033227
         415     3.69654     3.69405   0.0331469
         416     3.79793      3.6943   0.0330681
         417     3.59864     3.69407   0.0329896
         418     3.81285     3.69436   0.0329119
         419     3.87536     3.69479   0.0328362
         420     4.19748     3.69598   0.0327799
         421     4.33581      3.6975   0.0327372
         422     4.16016      3.6986    0.032678
         423     4.12672     3.69961   0.0326164
         424     4.34682     3.70114   0.0325752
         425     4.63532     3.70334   0.0325726
         426     4.40305     3.70498   0.0325375
         427     4.57235     3.70701   0.0325247
         428     4.47012     3.70879   0.0324975
         429     4.32571     3.71023   0.0324536
         430     4.10094     3.71114   0.0323908
         431     3.67407     3.71105   0.0323158
         432     3.37333     3.71027   0.0322504
         433     3.36071     3.70947    0.032186
         434     3.86071     3.70981   0.0321138
         435     4.48142     3.71159   0.0320889
         436     4.20461     3.71272   0.0320352
         437     4.33958     3.71415    0.031994
         438     4.58338     3.71614   0.0319824
         439     4.42172     3.71775   0.0319499
         440     4.69129     3.71996   0.0319539
         441     4.60807     3.72197   0.0319448
         442     4.77203     3.72435   0.0319607
         443     4.34924     3.72576   0.0319197
         444     4.20292     3.72683   0.0318659
         445     3.90876     3.72724   0.0317969
         446     4.63701     3.72928    0.031791
         447     4.16787     3.73026    0.031735
         448       4.389     3.73173   0.0316982
         449     4.15632     3.73268   0.0316417
         450      4.3417     3.73403   0.0316003
         451     4.48639      3.7357   0.0315743
         452     4.34678     3.73705   0.0315333
         453     4.49761     3.73873   0.0315084
         454      4.2774     3.73992   0.0314613
         455     4.00242     3.74049   0.0313975
         456     3.94551     3.74094   0.0313318
         457      3.8602      3.7412   0.0312644
         458     3.82523     3.74139   0.0311966
         459     4.08363     3.74213   0.0311376
         460     3.86694     3.74241   0.0310711
         461     3.59447     3.74208   0.0310053
         462     3.50495     3.74157   0.0309425
         463     3.49213     3.74103   0.0308803
         464     3.96197     3.74151   0.0308174
         465     4.36466     3.74285   0.0307803
         466     4.30343     3.74405   0.0307377
         467     4.28512     3.74521   0.0306938
         468     3.75518     3.74523   0.0306282
         469     3.18171     3.74403   0.0305864
         470     3.21416      3.7429   0.0305421
         471     3.62615     3.74265   0.0304783
         472     3.27745     3.74167   0.0304296
         473     3.48244     3.74112   0.0303702
         474     3.29751     3.74019   0.0303206
         475     3.74475     3.74019   0.0302568
         476      3.9358     3.74061    0.030196
         477     4.21905     3.74161   0.0301493
         478     4.47374     3.74314   0.0301251
         479     4.43867     3.74459   0.0300972
         480     4.21931     3.74558   0.0300508
         481     4.23836     3.74661   0.0300057
         482      4.0902     3.74732    0.029952
         483     3.23297     3.74625   0.0299089
         484      3.8351     3.74644   0.0298476
         485      3.5888     3.74611   0.0297879
         486     3.17766     3.74494   0.0297495
         487     2.85316     3.74311   0.0297447
         488     2.59111     3.74075   0.0297773
         489     2.96092     3.73916   0.0297591
         490     2.69622     3.73703   0.0297744
         491     2.89422     3.73531   0.0297632
         492     3.04431     3.73391   0.0297358
         493     3.11474     3.73265    0.029702
         494     3.56715     3.73232   0.0296438
         495     3.37545     3.73159   0.0295926
         496      3.2756     3.73068   0.0295473
         497     3.11064     3.72943   0.0295141
         498     3.08216     3.72813   0.0294835
         499      3.4921     3.72766   0.0294282
         500     3.37748     3.72695   0.0293777
         501     3.64713      3.7268   0.0293195
         502     3.85664     3.72705   0.0292622
         503     4.15716     3.72791   0.0292165
         504      4.0406     3.72853   0.0291651
         505     3.94264     3.72895   0.0291105
         506     4.15088     3.72979   0.0290649
         507     4.23889     3.73079   0.0290249
         508     4.23537     3.73178   0.0289847
         509     4.54426     3.73338   0.0289717
         510     4.78702     3.73545   0.0289885
         511     4.52066     3.73698   0.0289724
         512     4.78643     3.73903   0.0289883
         513      4.8271     3.74115   0.0290092
         514      3.9761     3.74161   0.0289564
         515     3.88056     3.74188   0.0289014
         516     3.98993     3.74236   0.0288494
         517     3.40861     3.74172   0.0288008
         518     3.35055     3.74096   0.0287551
         519     3.05899     3.73965   0.0287297
         520     3.28824     3.73878   0.0286876
         521     3.61889     3.73855   0.0286335
         522     3.52898     3.73815   0.0285814
         523     3.66512     3.73801   0.0285271
         524     3.61352     3.73777   0.0284737
         525     3.36519     3.73706   0.0284283
         526     3.76066     3.73711   0.0283743
         527     3.89155      3.7374   0.0283219
         528     3.97035     3.73784   0.0282717
         529     3.99302     3.73832   0.0282224
         530     3.93973      3.7387   0.0281717
         531     4.00226      3.7392    0.028123
         532     3.71932     3.73916   0.0280702
         533     3.81645     3.73931   0.0280179
         534     3.26727     3.73842   0.0279794
         535     2.98558     3.73702   0.0279624
         536     3.71022     3.73697   0.0279103
         537     3.89896     3.73727     0.02786
         538     3.63375     3.73707   0.0278089
         539     3.68677     3.73698   0.0277574
         540     4.07249      3.7376    0.027713
         541     4.05066     3.73818   0.0276678
         542      4.4029     3.73941   0.0276439
         543     4.30414     3.74045   0.0276125
         544     4.42139      3.7417   0.0275901
         545      4.0909     3.74234    0.027547
         546     3.91318     3.74265   0.0274983
         547     3.72358     3.74262    0.027448
         548     3.31519     3.74184    0.027409
         549     3.46162     3.74133   0.0273639
         550     3.56214       3.741    0.027316
         551     3.79742      3.7411   0.0272667
         552     3.69522     3.74102   0.0272174
         553     4.19535     3.74184   0.0271806
         554     4.00988     3.74233   0.0271358
         555     3.82016     3.74247   0.0270873
         556     3.58183     3.74218   0.0270401
         557     3.55053     3.74183   0.0269937
         558     3.61878     3.74161   0.0269463
         559     3.97341     3.74203   0.0269013
         560     3.63662     3.74184   0.0268539
         561     3.74072     3.74184    0.026806
         562     3.93371     3.74218   0.0267605
         563     4.11631     3.74284   0.0267212
         564     4.27046     3.74378   0.0266902
         565     3.88422     3.74403   0.0266441
         566     3.60094     3.74377   0.0265982
         567     3.90345     3.74406   0.0265528
         568     4.18642     3.74484   0.0265175
         569     4.45139     3.74608   0.0264999
         570     4.32079     3.74709   0.0264726
         571      3.7936     3.74717   0.0264264
         572     3.70575     3.74709   0.0263803
         573     3.68082     3.74698   0.0263345
         574     3.71291     3.74692   0.0262887
         575     3.60912     3.74668   0.0262441
         576     3.39669     3.74607   0.0262055
         577     3.63185     3.74587   0.0261609
         578     3.63129     3.74568   0.0261164
         579     3.21219     3.74475   0.0260875
         580     3.14868     3.74373   0.0260628
         581     3.26315      3.7429    0.026031
         582     3.57101      3.7426    0.025988
         583     3.11459     3.74153   0.0259657
         584     3.42149     3.74098    0.025927
         585     3.62169     3.74078   0.0258835
         586      3.8504     3.74096     0.02584
         587       3.768     3.74101    0.025796
         588     3.92959     3.74133   0.0257542
         589     4.01211     3.74179   0.0257145
         590     3.73101     3.74177    0.025671
         591     4.13899     3.74244   0.0256363
         592     3.72949     3.74242    0.025593
         593     3.93506     3.74275   0.0255519
         594     4.00627     3.74319   0.0255128
         595      4.1475     3.74387   0.0254789
         596     4.33862     3.74487   0.0254557
         597      3.7665      3.7449   0.0254131
         598      3.9433     3.74523   0.0253728
         599     3.95322     3.74558   0.0253328
         600     3.54704     3.74525   0.0252927
         601     3.68351     3.74515   0.0252509
         602     3.43324     3.74463   0.0252142
         603     3.24378      3.7438   0.0251861
         604     3.42367     3.74327     0.02515
         605     3.56535     3.74298   0.0251101
         606     3.60187     3.74274   0.0250698
         607     3.83466     3.74289   0.0250289
         608     3.91617     3.74318   0.0249894
         609     3.79673     3.74327   0.0249485
         610     3.68177     3.74317   0.0249078
         611       3.421     3.74264   0.0248726
         612     3.32771     3.74196   0.0248412
         613     3.20868     3.74109   0.0248159
         614     3.63873     3.74092   0.0247761
         615     3.06562     3.73983   0.0247601
         616     3.18224     3.73892   0.0247364
         617     3.06821     3.73783   0.0247202
         618     3.26185     3.73706   0.0246922
         619     3.71451     3.73703   0.0246523
         620     3.67882     3.73693   0.0246128
         621     3.30023     3.73623   0.0245832
         622     2.94743     3.73496   0.0245763
         623     3.25444     3.73419    0.024549
         624     3.33946     3.73356   0.0245178
         625     2.93086     3.73227   0.0245122
         626       3.122      3.7313   0.0244924
         627     3.25101     3.73053   0.0244653
         628     3.24513     3.72976   0.0244386
         629     3.56698      3.7295   0.0244011
         630     3.82329     3.72965   0.0243628
         631     3.91519     3.72994    0.024326
         632     4.09164     3.73052   0.0242942
         633     3.88232     3.73076    0.024257
         634     4.26925     3.73161   0.0242336
         635     4.43401     3.73271   0.0242207
         636     4.45381     3.73385   0.0242091
         637     4.83586     3.73558   0.0242329
         638     4.75372     3.73717   0.0242474
         639     4.43883     3.73827   0.0242343
         640     4.69195     3.73976   0.0242422
         641     4.32997     3.74068   0.0242218
         642     4.12423     3.74128   0.0241915
         643     3.74722     3.74129   0.0241539
         644     3.84961     3.74146   0.0241169
         645     3.26754     3.74072   0.0240907
         646     3.64232     3.74057   0.0240539
         647     2.91989      3.7393   0.0240502
         648      2.9096     3.73802   0.0240471
         649     3.02198     3.73692   0.0240354
         650     3.56729     3.73665   0.0239998
         651      3.5345     3.73634   0.0239649
         652     3.49617     3.73598    0.023931
         653     3.44592     3.73553   0.0238985
         654     3.54664     3.73524   0.0238637
         655     3.40518     3.73474   0.0238326
         656     3.59694     3.73453   0.0237972
         657     3.96317     3.73488   0.0237635
         658     4.55325     3.73612   0.0237599
         659     4.52498     3.73732    0.023754
         660     4.25872     3.73811   0.0237311
         661     4.36562     3.73906   0.0237142
         662     4.19471     3.73975   0.0236884
         663     4.01366     3.74016   0.0236562
         664     3.83792     3.74031   0.0236211
         665     3.78726     3.74038   0.0235857
         666      3.5798     3.74014   0.0235515
         667     3.97062     3.74048   0.0235187
         668     4.63982     3.74183    0.023522
         669     4.29504     3.74265   0.0235014
         670     3.58108     3.74241   0.0234675
         671     3.14963     3.74153   0.0234492
         672      3.3106     3.74089   0.0234231
         673     3.12744     3.73998    0.023406
         674     2.97837     3.73885   0.0233985
         675     2.92418     3.73764    0.023395
         676     2.93135     3.73645   0.0233907
         677     3.10515     3.73551   0.0233748
         678     3.07022     3.73453   0.0233609
         679     2.95976     3.73339   0.0233543
         680     3.20009     3.73261   0.0233331
         681     3.05096     3.73161   0.0233203
         682     3.35473     3.73105   0.0232927
         683     3.23004     3.73032   0.0232701
         684     2.55397      3.7286   0.0232996
         685     2.65061     3.72703   0.0233186
         686     2.65859     3.72547   0.0233366
         687     2.71392       3.724    0.023349
         688     2.76387      3.7226   0.0233568
         689     2.64765     3.72104   0.0233749
         690     3.38213     3.72055   0.0233462
         691     3.41245      3.7201   0.0233167
         692     3.40201     3.71965   0.0232875
         693     3.00846     3.71862   0.0232765
         694     3.41026     3.71817   0.0232472
         695     3.23298     3.71748   0.0232242
         696     3.27819     3.71685   0.0231995
         697      3.2232     3.71614    0.023177
         698      3.5403     3.71589   0.0231451
         699     3.68372     3.71584   0.0231121
         700     3.73478     3.71587   0.0230791
         701     3.58915     3.71569   0.0230469
         702     3.51213      3.7154   0.0230158
         703      3.7587     3.71546   0.0229832
         704     3.98932     3.71585   0.0229538
         705     3.74846     3.71589   0.0229213
         706     3.48294     3.71556   0.0228912
         707     3.38088     3.71509   0.0228638
         708     3.22875      3.7144   0.0228418
         709     3.28406      3.7138   0.0228176
         710     3.11886     3.71296   0.0228009
         711     3.29071     3.71236   0.0227765
         712     3.23173     3.71169   0.0227545
         713     3.28645     3.71109   0.0227304
         714      3.7888      3.7112   0.0226989
         715     3.56135     3.71099   0.0226681
         716     3.41759     3.71058   0.0226401
         717     3.49488     3.71028   0.0226106
         718     3.54956     3.71006   0.0225802
         719     3.51859     3.70979   0.0225503
         720     4.05159     3.71027    0.022524
         721     4.42225     3.71125   0.0225144
         722     4.21327     3.71195    0.022494
         723     3.86109     3.71215   0.0224638
         724      3.7127     3.71215   0.0224328
         725      3.6507     3.71207    0.022402
         726     3.61235     3.71193   0.0223715
         727     3.51455     3.71166   0.0223424
         728     3.82271     3.71181   0.0223123
         729     3.18017     3.71108   0.0222936
         730     3.45481     3.71073   0.0222658
         731     3.65338     3.71066   0.0222355
         732     3.98732     3.71103   0.0222083
         733      4.1217     3.71159   0.0221851
         734      4.2082     3.71227   0.0221652
         735     4.17526      3.7129    0.022144
         736     4.09463     3.71342   0.0221199
         737     3.99988     3.71381   0.0220933
         738     4.39261     3.71473   0.0220825
         739     4.46175     3.71574   0.0220758
         740     4.46702     3.71675   0.0220693
         741     3.64222     3.71665   0.0220397
         742     4.21159     3.71732   0.0220201
         743     4.00915     3.71771    0.021994
         744     3.89808     3.71795   0.0219658
         745     4.02623     3.71837   0.0219402
         746     3.31724     3.71783   0.0219173
         747     3.36956     3.71736    0.021893
         748     3.37231      3.7169   0.0218686
         749     3.36084     3.71643   0.0218445
         750     2.99007     3.71546   0.0218369
         751      3.0897     3.71463   0.0218237
         752     3.05121     3.71374   0.0218125
         753     3.47308     3.71342   0.0217858
         754     3.62248      3.7133   0.0217573
         755     3.56051      3.7131   0.0217294
         756      3.3309      3.7126   0.0217066
         757     3.40295     3.71219   0.0216817
         758      3.4874     3.71189   0.0216552
         759     3.40675     3.71149   0.0216304
         760     3.42255     3.71111   0.0216052
         761     3.41176     3.71071   0.0215804
         762     3.05987     3.70986    0.021569
         763     2.97813      3.7089    0.021562
         764     3.49057     3.70862   0.0215357
         765      3.9384     3.70892   0.0215097
         766     3.57931     3.70875   0.0214822
         767     3.18345     3.70806   0.0214651
         768     3.26767     3.70749   0.0214449
         769     3.16903     3.70679   0.0214284
         770      3.5505     3.70659   0.0214015
         771     3.55202     3.70638   0.0213747
         772     3.49487     3.70611   0.0213488
         773     3.53367     3.70589   0.0213223
         774      3.0189       3.705   0.0213132
         775     2.93157       3.704   0.0213091
         776     2.80523     3.70284   0.0213131
         777     2.84812     3.70174    0.021314
         778     2.99114     3.70083   0.0213062
         779     2.99045     3.69992   0.0212983
         780     3.05029     3.69909   0.0212873
         781     2.83296     3.69798   0.0212889
         782     3.01818     3.69711   0.0212794
         783     2.78467     3.69594   0.0212842
         784     2.88562     3.69491   0.0212821
         785     3.10247     3.69415   0.0212684
         786     3.25322     3.69359   0.0212487
         787      3.9222     3.69388   0.0212237
         788     4.05335     3.69434   0.0212016
         789     4.03275     3.69477   0.0211791
         790     4.13177     3.69532   0.0211595
         791     4.68531     3.69657   0.0211698
         792     4.80883     3.69798   0.0211896
         793     4.96787     3.69958   0.0212233
         794     4.64188     3.70077   0.0212297
         795     4.20943     3.70141   0.0212126
         796     4.33146      3.7022   0.0212007
         797     4.21858     3.70285    0.021184
         798     4.15684     3.70341   0.0211651
         799     4.17076       3.704   0.0211467
         800     3.91564     3.70426   0.0211219
         801     4.34852     3.70507   0.0211109
         802     4.15005     3.70562   0.0210918
         803     3.76021     3.70569   0.0210657
         804     3.79534      3.7058   0.0210398
         805      3.8014     3.70592    0.021014
         806     3.65812     3.70586    0.020988
         807     3.83436     3.70602   0.0209626
         808     4.17572      3.7066   0.0209447
         809      4.0928     3.70708   0.0209243
         810     3.90689     3.70733   0.0208999
         811      3.7386     3.70736   0.0208741
         812     4.03413     3.70777   0.0208523
         813     3.74685     3.70782   0.0208267
         814     3.17293     3.70716   0.0208115
         815     3.55194     3.70697   0.0207868
         816     3.51566     3.70673   0.0207627
         817     3.79524     3.70684   0.0207375
         818     3.72814     3.70687   0.0207122
         819     3.76898     3.70694   0.0206871
         820     3.82061     3.70708   0.0206623
         821     3.90566     3.70732   0.0206385
         822     4.14957     3.70786   0.0206205
         823     3.75601     3.70792   0.0205955
         824      3.9681     3.70824   0.0205729
         825     4.12278     3.70874   0.0205541
         826     4.10161     3.70921   0.0205347
         827     4.26708     3.70989    0.020521
         828     4.57445     3.71093   0.0205227
         829      4.4005     3.71176   0.0205148
         830     4.39989     3.71259   0.0205069
         831     4.04924       3.713   0.0204862
         832     3.76391     3.71306   0.0204616
         833     3.69917     3.71304   0.0204371
         834     3.97834     3.71336   0.0204151
         835     4.06604     3.71378    0.020395
         836     3.87906     3.71398   0.0203715
         837     3.84396     3.71414   0.0203478
         838     3.79775     3.71424   0.0203238
         839      3.5705     3.71407   0.0203003
         840     3.71043     3.71406   0.0202761
         841     3.97276     3.71437   0.0202543
         842     4.31748     3.71509   0.0202429
         843      3.8714     3.71527   0.0202198
         844     3.93024     3.71553   0.0201974
         845     3.46595     3.71523   0.0201757
         846     4.13764     3.71573    0.020158
         847       4.486     3.71664   0.0201547
         848     4.82606     3.71795   0.0201733
         849     4.56229     3.71894   0.0201741
         850     4.27894      3.7196   0.0201611
         851     4.18038     3.72014   0.0201447
         852     3.84184     3.72028   0.0201215
         853     3.83218     3.72042   0.0200984
         854     3.90057     3.72063    0.020076
         855     3.72693     3.72063   0.0200525
         856     3.52011      3.7204   0.0200304
         857     3.69229     3.72037   0.0200071
         858     3.56741     3.72019   0.0199845
         859     3.50956     3.71994   0.0199628
         860     3.50368     3.71969   0.0199412
         861     3.55582      3.7195   0.0199189
         862     3.82606     3.71963   0.0198962
         863     3.77145     3.71969   0.0198732
         864     3.32627     3.71923   0.0198554
         865     3.20368     3.71863   0.0198414
         866      3.2652     3.71811   0.0198254
         867      3.2327     3.71755   0.0198105
         868     3.09562     3.71683   0.0198006
         869     2.95294     3.71595   0.0197973
         870      2.6241      3.7147   0.0198143
         871     3.00491     3.71388   0.0198083
         872     3.14898     3.71324   0.0197962
         873     3.02264     3.71245   0.0197893
         874     2.91881     3.71154   0.0197875
         875      3.0388     3.71077   0.0197798
         876      3.6113     3.71066   0.0197575
         877     3.70776     3.71065    0.019735
         878     3.68469     3.71062   0.0197125
         879     3.68523     3.71059   0.0196901
         880      3.6138     3.71048   0.0196681
         881     3.86446     3.71066   0.0196465
         882     3.80943     3.71077   0.0196246
         883     4.17133     3.71129   0.0196093
         884     3.46976     3.71102    0.019589
         885      3.4364     3.71071   0.0195693
         886     3.82107     3.71083   0.0195476
         887     3.70739     3.71083   0.0195256
         888     3.50012     3.71059    0.019505
         889     3.88509     3.71079   0.0194841
         890     4.08779     3.71121   0.0194668
         891     4.47178     3.71207   0.0194637
         892     4.89958      3.7134   0.0194873
         893      5.1271     3.71498   0.0195297
         894     4.55418     3.71592   0.0195304
         895      4.4856     3.71678   0.0195275
         896     3.75722     3.71682   0.0195058
         897     3.66818     3.71677   0.0194841
         898     4.18245     3.71729   0.0194693
         899     3.48491     3.71703   0.0194493
         900     2.82594     3.71604   0.0194529
         901     2.98595     3.71523   0.0194482
         902     3.08904     3.71453    0.019439
         903     3.16063     3.71392   0.0194272
         904     3.49688     3.71368   0.0194072
         905       3.506     3.71345   0.0193871
         906     3.50779     3.71323    0.019367
         907      3.1581     3.71261   0.0193553
         908     3.24086     3.71209    0.019341
         909     3.00238     3.71131   0.0193355
         910     3.11986     3.71066   0.0193251
         911     3.18554     3.71009   0.0193125
         912     3.05623     3.70937   0.0193046
         913     3.46859     3.70911   0.0192853
         914     3.61724     3.70901   0.0192645
         915     3.69997       3.709   0.0192434
         916     3.39325     3.70865   0.0192255
         917     3.46536     3.70839   0.0192063
         918     2.85278     3.70745    0.019208
         919      3.1268     3.70682   0.0191975
         920     3.02407     3.70608    0.019191
         921      3.1895     3.70552   0.0191783
         922     3.25406     3.70503   0.0191638
         923     3.59052      3.7049   0.0191434
         924     3.61464     3.70481    0.019123
         925     3.76402     3.70487   0.0191024
         926     3.96314     3.70515   0.0190838
         927     3.74728      3.7052   0.0190633
         928     3.66434     3.70515   0.0190428
         929     3.81351     3.70527   0.0190226
         930     3.96626     3.70555   0.0190043
         931     4.04014     3.70591   0.0189872
         932      4.3117     3.70656    0.018978
         933     4.18795     3.70707   0.0189647
         934     4.30201     3.70771   0.0189551
         935     4.04372     3.70807   0.0189382
         936      4.0951     3.70848   0.0189225
         937     3.98099     3.70877   0.0189045
         938     3.88742     3.70897   0.0188853
         939     3.89823     3.70917   0.0188663
         940     3.56092     3.70901   0.0188469
         941     3.86093     3.70917   0.0188275
         942     3.96209     3.70944   0.0188095
         943     3.74473     3.70948   0.0187895
         944     3.81134     3.70958     0.01877
         945     3.77565     3.70965   0.0187502
         946       4.094     3.71006   0.0187348
         947      4.1861     3.71056   0.0187218
         948     4.08953     3.71096   0.0187063
         949     4.25885     3.71154   0.0186955
         950     4.36887     3.71223   0.0186886
         951     4.36007     3.71291   0.0186814
         952     4.37951     3.71361   0.0186748
         953     4.06387     3.71398   0.0186589
         954     4.24917     3.71454   0.0186477
         955     4.04924     3.71489   0.0186315
         956     3.85366     3.71504   0.0186126
         957     3.98925     3.71532   0.0185953
         958     3.76494     3.71538    0.018576
         959     4.01461     3.71569   0.0185593
         960     4.14869     3.71614   0.0185454
         961     4.30791     3.71675   0.0185363
         962     3.94152     3.71699   0.0185185
         963      4.0554     3.71734   0.0185026
         964     4.24281     3.71788   0.0184915
         965     4.38373     3.71857   0.0184852
         966     4.57823     3.71946   0.0184874
         967     4.42288     3.72019   0.0184826
         968     4.39024     3.72088   0.0184765
         969     4.20235     3.72138   0.0184641
         970     3.99304     3.72166   0.0184472
         971     4.05294       3.722   0.0184314
         972     3.97347     3.72226   0.0184142
         973     4.20326     3.72276   0.0184019
         974     3.98083     3.72302   0.0183849
         975     3.97607     3.72328   0.0183679
         976      4.4309     3.72401   0.0183634
         977     4.59935      3.7249   0.0183664
         978     5.28701      3.7265    0.018417
         979     4.44654     3.72723   0.0184128
         980     4.06276     3.72758   0.0183972
         981     4.33611      3.7282   0.0183889
         982     4.39579     3.72888   0.0183828
         983     4.20735     3.72936   0.0183705
         984     4.00861     3.72965    0.018354
         985     4.21714     3.73014   0.0183421
         986     4.04619     3.73046   0.0183263
         987     4.21234     3.73095   0.0183142
         988      4.1728      3.7314   0.0183011
         989     3.99675     3.73167   0.0182846
         990     3.74429     3.73168   0.0182661
         991     3.78733     3.73174   0.0182478
         992     3.60674     3.73161   0.0182298
         993     3.85627     3.73173   0.0182119
         994     4.08335     3.73209    0.018197
         995     3.58259     3.73194   0.0181793
         996     3.75038     3.73196   0.0181611
         997     3.67082      3.7319    0.018143
         998     3.66548     3.73183   0.0181249
         999     3.85763     3.73195   0.0181072
        1000     4.05473     3.73228    0.018092
        1001     4.25744      3.7328   0.0180815
        1002     4.09235     3.73316    0.018067
        1003     4.10866     3.73354   0.0180529
        1004     4.00535     3.73381    0.018037
        1005     4.01894     3.73409   0.0180212
        1006     4.15635     3.73451   0.0180082
        1007     4.03826     3.73481   0.0179929
        1008     3.85289     3.73493   0.0179754
        1009     3.88928     3.73508   0.0179582
        1010     3.92141     3.73527   0.0179414
        1011     3.59209     3.73512   0.0179242
        1012     3.05893     3.73446   0.0179189
        1013     3.42361     3.73415   0.0179039
        1014     3.31745     3.73374   0.0178909
        1015     3.38282     3.73339   0.0178767
        1016     3.41452     3.73308   0.0178618
        1017     3.42437     3.73277   0.0178468
        1018     3.23682     3.73229   0.0178359
        1019     3.71119     3.73227   0.0178185
        1020     3.96746      3.7325   0.0178025
        1021     4.03209     3.73279   0.0177875
        1022     3.69273     3.73275   0.0177701
        1023     4.09735     3.73311   0.0177563
        1024     4.32219     3.73368   0.0177483
        1025     4.40248     3.73434    0.017743
        1026     4.59287     3.73517   0.0177454
        1027     4.67159     3.73608   0.0177515
        1028     4.42409     3.73675   0.0177469
        1029     4.54976     3.73754   0.0177472
        1030     4.10552      3.7379   0.0177336
        1031     3.63537      3.7378   0.0177166
        1032     3.65956     3.73773   0.0176996
        1033     3.55124     3.73755   0.0176834
        1034     3.33592     3.73716   0.0176706
        1035     3.26092      3.7367   0.0176595
        1036     3.12678     3.73611   0.0176523
        1037     3.27341     3.73566   0.0176409
        1038     3.86811     3.73579   0.0176243
        1039     3.59588     3.73565   0.0176079
        1040     2.84668      3.7348   0.0176117
        1041     2.87624     3.73398   0.0176141
        1042     3.27385     3.73353   0.0176027
        1043      3.2646     3.73308   0.0175916
        1044      3.8299     3.73318    0.017575
        1045      4.0493     3.73348   0.0175608
        1046     3.84204     3.73358   0.0175443
        1047     3.87359     3.73372    0.017528
        1048     3.86566     3.73384   0.0175117
        1049     3.96185     3.73406   0.0174964
        1050     3.81427     3.73414   0.0174799
        1051     3.81308     3.73421   0.0174634
        1052     3.72975     3.73421   0.0174468
        1053     3.58805     3.73407   0.0174308
        1054     3.81276     3.73414   0.0174144
        1055     3.88488     3.73429   0.0173985
        1056     3.69086     3.73425   0.0173821
        1057     3.73349     3.73424   0.0173657
        1058     3.65849     3.73417   0.0173494
        1059     3.95052     3.73438   0.0173342
        1060     3.95004     3.73458    0.017319
        1061     4.47544     3.73528   0.0173168
        1062     4.26795     3.73578   0.0173078
        1063     4.23866     3.73625   0.0172979
        1064     4.02913     3.73653   0.0172839
        1065     3.91057     3.73669   0.0172684
        1066     3.82549     3.73678   0.0172524
        1067     3.53751     3.73659   0.0172373
        1068     3.73044     3.73658   0.0172211
        1069     4.02031     3.73685    0.017207
        1070     4.16888     3.73725   0.0171957
        1071     3.91574     3.73742   0.0171805
        1072     3.44373     3.73714   0.0171666
        1073     3.11052     3.73656   0.0171605
        1074     2.98098     3.73586    0.017159
        1075     3.07214     3.73524   0.0171541
        1076     3.60146     3.73512   0.0171386
        1077     3.51931     3.73492   0.0171239
        1078     3.49887      3.7347   0.0171094
        1079     3.22629     3.73422      0.0171
        1080     3.44838     3.73396   0.0170863
        1081     3.61678     3.73385   0.0170708
        1082     3.65233     3.73378   0.0170552
        1083     3.78146     3.73382   0.0170395
        1084     3.83354     3.73391    0.017024
        1085     3.44215     3.73364   0.0170104
        1086     3.63192     3.73355    0.016995
        1087     3.96369     3.73376   0.0169807
        1088     4.04789     3.73405   0.0169676
        1089     3.80012     3.73411   0.0169521
        1090     3.40544     3.73381   0.0169392
        1091     3.73758     3.73381   0.0169237
        1092     4.35364     3.73438   0.0169177
        1093     3.75856      3.7344   0.0169023
        1094     3.57767     3.73426   0.0168874
        1095     3.81095     3.73433   0.0168721
        1096     3.79145     3.73438   0.0168568
        1097      4.3081      3.7349   0.0168496
        1098     4.47062     3.73557   0.0168475
        1099     4.63318     3.73639    0.016852
        1100     4.18525      3.7368   0.0168416
        1101     3.70744     3.73677   0.0168263
        1102     3.36001     3.73643   0.0168145
        1103     3.96321     3.73664   0.0168006
        1104     3.75824     3.73666   0.0167854
        1105     3.79798     3.73671   0.0167703
        1106     3.45321     3.73646    0.016757
        1107     3.29603     3.73606   0.0167466
        1108     3.40586     3.73576   0.0167342
        1109     4.07037     3.73606   0.0167218
        1110     4.15085     3.73643   0.0167109
        1111     4.15976     3.73682   0.0167002
        1112     4.02963     3.73708   0.0166873
        1113     3.87734     3.73721   0.0166728
        1114     3.69883     3.73717   0.0166578
        1115     3.81026     3.73724    0.016643
        1116     3.81614     3.73731   0.0166282
        1117     3.69576     3.73727   0.0166134
        1118      3.8734     3.73739    0.016599
        1119     3.90585     3.73754   0.0165848
        1120     4.03541     3.73781   0.0165722
        1121     3.97614     3.73802   0.0165587
        1122     4.39581     3.73861   0.0165544
        1123     3.79741     3.73866   0.0165397
        1124     3.21166     3.73819   0.0165316
        1125     3.68472     3.73814    0.016517
        1126     3.95268     3.73833   0.0165034
        1127     3.44452     3.73807   0.0164909
        1128     3.04258     3.73746   0.0164878
        1129     3.23008     3.73701   0.0164793
        1130     3.40956     3.73672   0.0164672
        1131     3.27429     3.73631   0.0164578
        1132     3.51893     3.73612   0.0164443
        1133      3.4451     3.73586   0.0164318
        1134     3.65837     3.73579   0.0164175
        1135     3.69127     3.73575   0.0164031
        1136      3.8445     3.73585   0.0163889
        1137     3.49037     3.73563   0.0163759
        1138     3.34533     3.73529   0.0163651
        1139     3.40702       3.735   0.0163533
        1140     3.38001     3.73469   0.0163419
        1141     3.60971     3.73458   0.0163279
        1142     3.68919     3.73454   0.0163137
        1143     3.78294     3.73458   0.0162995
        1144     3.96205     3.73478   0.0162864
        1145      4.3776     3.73534   0.0162819
        1146     3.93647     3.73552   0.0162686
        1147     3.98463     3.73573   0.0162559
        1148     4.33061     3.73625     0.01625
        1149     4.28008     3.73673   0.0162427
        1150     3.70775      3.7367   0.0162286
        1151     3.39311      3.7364   0.0162173
        1152     3.26668     3.73599   0.0162083
        1153     3.43494     3.73573   0.0161964
        1154     3.70496     3.73571   0.0161824
        1155     3.69986     3.73568   0.0161684
        1156     3.90272     3.73582    0.016155
        1157     4.04524     3.73609   0.0161433
        1158     3.88246     3.73621   0.0161298
        1159     3.65707     3.73615   0.0161161
        1160      3.7725     3.73618   0.0161022
        1161     3.94568     3.73636   0.0160894
        1162     4.16454     3.73673   0.0160797
        1163     3.96914     3.73693   0.0160671
        1164     3.91335     3.73708   0.0160541
        1165     3.36545     3.73676   0.0160434
        1166      3.8896     3.73689   0.0160302
        1167     3.91826     3.73705   0.0160172
        1168     3.84967     3.73714   0.0160038
        1169     4.30092     3.73762   0.0159974
        1170     3.92673     3.73779   0.0159845
        1171     3.74766     3.73779   0.0159709
        1172     3.71688     3.73778   0.0159573
        1173     3.83622     3.73786   0.0159439
        1174      3.8061     3.73792   0.0159304
        1175     4.09385     3.73822   0.0159197
        1176      3.5618     3.73807   0.0159069
        1177     3.65253       3.738   0.0158935
        1178     3.66114     3.73793   0.0158802
        1179     3.48768     3.73772   0.0158681
        1180     3.40441     3.73744   0.0158572
        1181     3.57149      3.7373   0.0158444
        1182      3.4064     3.73702   0.0158335
        1183     3.59106     3.73689   0.0158206
        1184     3.43462     3.73664   0.0158093
        1185     3.51027     3.73645   0.0157971
        1186     3.60301     3.73634   0.0157842
        1187     3.97611     3.73654   0.0157722
        1188     4.14242     3.73688   0.0157626
        1189     4.01813     3.73712   0.0157511
        1190     3.83726      3.7372   0.0157381
        1191     3.53267     3.73703   0.0157258
        1192     3.46299      3.7368   0.0157143
        1193     3.49861      3.7366   0.0157024
        1194     3.36945     3.73629   0.0156922
        1195      4.1081      3.7366   0.0156822
        1196     4.20409     3.73699    0.015674
        1197     4.42846     3.73757   0.0156715
        1198      4.2564       3.738   0.0156644
        1199     4.21253      3.7384   0.0156563
        1200      3.9424     3.73857   0.0156442
        1201     3.52051     3.73839   0.0156322
        1202     3.20988     3.73795   0.0156254
        1203     3.66989     3.73789   0.0156125
        1204     3.66659     3.73783   0.0155997
        1205     3.57805      3.7377   0.0155873
        1206     3.64782     3.73763   0.0155746
        1207     4.08615     3.73791   0.0155643
        1208     3.82962     3.73799   0.0155516
        1209     3.55697     3.73784   0.0155395
        1210     3.29287     3.73747    0.015531
        1211     3.27278     3.73709   0.0155229
        1212     3.63182       3.737   0.0155103
        1213     3.45845     3.73677   0.0154993
        1214     3.41904     3.73651   0.0154887
        1215     3.38235     3.73622   0.0154787
        1216     2.97423     3.73559   0.0154786
        1217      3.5115     3.73541    0.015467
        1218     3.58989     3.73529   0.0154548
        1219     4.23314      3.7357   0.0154475
        1220     4.16048     3.73605   0.0154388
        1221     4.12182     3.73636   0.0154293
        1222     3.56278     3.73622   0.0154174
        1223     3.47236       3.736   0.0154063
        1224     3.55207     3.73585   0.0153944
        1225     3.89232     3.73598   0.0153824
        1226     4.23515     3.73639   0.0153752
        1227     3.79039     3.73643   0.0153628
        1228      3.5472     3.73628    0.015351
        1229     3.34776     3.73596   0.0153418
        1230     3.49172     3.73576   0.0153306
        1231     3.61829     3.73567   0.0153184
        1232     3.20085     3.73523   0.0153122
        1233     3.47623     3.73502   0.0153012
        1234     3.13915     3.73454   0.0152964
        1235     3.33938     3.73422   0.0152874
        1236     3.57245     3.73409   0.0152756
        1237     3.82171     3.73416   0.0152634
        1238     3.64615     3.73409   0.0152512
        1239     3.86315     3.73419   0.0152393
        1240     3.74748     3.73421    0.015227
        1241     3.69123     3.73417   0.0152147
        1242     3.98101     3.73437   0.0152038
        1243     3.96384     3.73455   0.0151927
        1244     3.81928     3.73462   0.0151806
        1245     3.53187     3.73446   0.0151693
        1246     3.55545     3.73432   0.0151578
        1247     3.46329      3.7341   0.0151472
        1248     3.62943     3.73401   0.0151353
        1249     3.63349     3.73393   0.0151234
        1250     3.61188     3.73384   0.0151116
        1251     4.00486     3.73405   0.0151011
        1252     3.69187     3.73402   0.0150891
        1253     4.17736     3.73437   0.0150812
        1254     4.15851     3.73471   0.0150729
        1255     3.95829     3.73489    0.015062
        1256     3.95638     3.73507    0.015051
        1257     3.87727     3.73518   0.0150395
        1258     3.91684     3.73532   0.0150282
        1259     4.19049     3.73568   0.0150206
        1260     3.84647     3.73577   0.0150089
        1261     4.05812     3.73603   0.0149992
        1262     3.99071     3.73623   0.0149887
        1263     3.98521     3.73643   0.0149781
        1264      3.8427     3.73651   0.0149665
        1265     3.76525     3.73653   0.0149547
        1266     3.84611     3.73662   0.0149431
        1267     3.44189     3.73639   0.0149331
        1268     3.41047     3.73613   0.0149236
        1269     3.40691     3.73587   0.0149141
        1270     3.53432     3.73571   0.0149032
        1271     3.34718     3.73541   0.0148946
        1272     3.58433     3.73529   0.0148834
        1273     3.39718     3.73502    0.014874
        1274     3.60822     3.73492   0.0148627
        1275     4.01445     3.73514   0.0148526
        1276      4.0546     3.73539   0.0148431
        1277     3.48274     3.73519   0.0148328
        1278     3.52459     3.73503   0.0148221
        1279     3.86522     3.73513   0.0148109
        1280     3.68095     3.73509   0.0147994
        1281     3.74896      3.7351   0.0147878
        1282     3.40522     3.73484   0.0147785
        1283     3.79323     3.73489   0.0147671
        1284     3.33275     3.73458   0.0147589
        1285     3.28461     3.73423   0.0147516
        1286     3.21975     3.73383   0.0147455
        1287     3.30761     3.73349   0.0147378
        1288     3.42629     3.73326   0.0147283
        1289     3.88494     3.73337   0.0147173
        1290     3.76706      3.7334   0.0147059
        1291     3.85596     3.73349   0.0146948
        1292     3.97006     3.73368   0.0146846
        1293     4.27337     3.73409   0.0146792
        1294     4.13714     3.73441   0.0146711
        1295     4.36072     3.73489   0.0146678
        1296     3.95737     3.73506   0.0146575
        1297     3.36046     3.73477    0.014649
        1298     3.35931     3.73448   0.0146406
        1299     3.65941     3.73443   0.0146294
        1300     3.37775     3.73415   0.0146207
        1301     2.99624     3.73358   0.0146205
        1302       3.392     3.73332   0.0146116
        1303     3.42531     3.73309   0.0146023
        1304     4.10528     3.73337   0.0145939
        1305     3.92087     3.73351   0.0145834
        1306     3.75123     3.73353   0.0145723
        1307     4.27901     3.73395   0.0145671
        1308     3.82293     3.73401   0.0145561
        1309     3.54193     3.73387   0.0145458
        1310     3.69174     3.73383   0.0145347
        1311     3.70383     3.73381   0.0145236
        1312     3.62868     3.73373   0.0145128
        1313     3.60709     3.73364    0.014502
        1314     3.42955      3.7334   0.0144928
        1315     3.45761     3.73319   0.0144833
        1316     3.46083     3.73299   0.0144738
        1317     3.73649     3.73299   0.0144628
        1318      3.6954     3.73296   0.0144519
        1319     3.51855      3.7328   0.0144418
        1320     3.79944     3.73285    0.014431
        1321     3.42668     3.73262   0.0144219
        1322     3.25788     3.73226   0.0144155
        1323     3.69337     3.73223   0.0144046
        1324     3.64706     3.73216   0.0143939
        1325     3.96612     3.73234   0.0143841
        1326     4.01839     3.73256   0.0143749
        1327     4.38984     3.73305   0.0143726
        1328     4.36691     3.73353   0.0143697
        1329     4.52138     3.73412   0.0143711
        1330     4.11897     3.73441   0.0143632
        1331     4.10519     3.73469   0.0143551
        1332     4.04355     3.73492   0.0143462
        1333     4.06566     3.73517   0.0143376
        1334      3.7459     3.73518   0.0143268
        1335     3.61273     3.73509   0.0143164
        1336     3.98936     3.73528   0.0143069
        1337     3.97589     3.73546   0.0142974
        1338     4.13203     3.73575   0.0142898
        1339     3.91196     3.73588   0.0142797
        1340      3.6517     3.73582   0.0142692
        1341     3.71715     3.73581   0.0142585
        1342     3.56548     3.73568   0.0142485
        1343     3.19457     3.73528   0.0142436
        1344     3.60492     3.73518   0.0142333
        1345     3.44215     3.73496   0.0142244
        1346      3.4517     3.73475   0.0142154
        1347     3.74516     3.73476   0.0142048
        1348     3.77521     3.73479   0.0141943
        1349     3.62094     3.73471    0.014184
        1350     3.57992     3.73459    0.014174
        1351      3.5251     3.73444   0.0141644
        1352     3.56851     3.73431   0.0141544
        1353     3.82367     3.73438   0.0141441
        1354     3.86515     3.73448    0.014134
        1355     4.10842     3.73475   0.0141262
        1356     4.20714      3.7351   0.0141201
        1357      4.2136     3.73545   0.0141141
        1358     4.06471      3.7357   0.0141058
        1359     4.10361     3.73597    0.014098
        1360     3.53891     3.73582   0.0140884
        1361      3.9547     3.73598    0.014079
        1362     4.10382     3.73625   0.0140712
        1363     4.02256     3.73646   0.0140625
        1364     4.20147      3.7368   0.0140563
        1365     4.80513     3.73759   0.0140678
        1366     4.72161     3.73831   0.0140759
        1367     4.78134     3.73907   0.0140863
        1368     4.44373     3.73958   0.0140854
        1369     4.12928     3.73987    0.014078
        1370     4.09337     3.74013   0.0140701
        1371     4.12218     3.74041   0.0140626
        1372      4.1554     3.74071   0.0140556
        1373     4.28498      3.7411   0.0140509
        1374      4.2188     3.74145    0.014045
        1375     4.28155     3.74185   0.0140403
        1376     4.48479     3.74239   0.0140404
        1377     4.91425     3.74324    0.014056
        1378     4.86633     3.74405   0.0140694
        1379     5.14987     3.74507   0.0140961
        1380     4.57506     3.74567   0.0140987
        1381     4.19755       3.746   0.0140923
        1382     3.92322     3.74613   0.0140827
        1383      3.8089     3.74617   0.0140726
        1384     3.64816      3.7461   0.0140626
        1385      3.7301     3.74609   0.0140524
        1386     3.45302     3.74588   0.0140439
        1387     3.47762     3.74569   0.0140351
        1388     3.65946     3.74562   0.0140251
        1389     3.45298     3.74541   0.0140166
        1390     3.25926     3.74506   0.0140109
        1391     3.57108     3.74494   0.0140014
        1392      3.2165     3.74456   0.0139965
        1393     3.39074      3.7443   0.0139887
        1394      3.0744     3.74382   0.0139869
        1395     3.45516     3.74362   0.0139784
        1396     3.19231     3.74322    0.013974
        1397     3.25735     3.74287   0.0139683
        1398     3.03994     3.74237   0.0139674
        1399     3.01601     3.74185    0.013967
        1400     2.86281     3.74122   0.0139712
        1401     2.74207     3.74051   0.0139794
        1402     2.56276     3.73967   0.0139946
        1403     2.58454     3.73885   0.0140089
        1404     2.74778     3.73814   0.0140167
        1405     3.03838     3.73764   0.0140155
        1406     3.19038     3.73725    0.014011
        1407     3.18582     3.73686   0.0140065
        1408     3.46773     3.73667   0.0139978
        1409     3.30019     3.73636   0.0139913
        1410     3.44212     3.73615    0.013983
        1411     3.55312     3.73602   0.0139737
        1412     3.72113     3.73601   0.0139638
        1413     3.95871     3.73617   0.0139548
        1414     3.69851     3.73614   0.0139449
        1415     3.86904     3.73624   0.0139354
        1416     3.21911     3.73587   0.0139303
        1417     3.44074     3.73566   0.0139221
        1418     3.45079     3.73546   0.0139137
        1419     2.93842      3.7349   0.0139152
        1420     3.42063     3.73468   0.0139072
        1421     3.85346     3.73476   0.0138976
        1422      3.5478     3.73463   0.0138885
        1423     3.25667      3.7343   0.0138828
        1424     2.90063     3.73371   0.0138854
        1425     3.02816     3.73322   0.0138845
        1426     2.84038     3.73259   0.0138888
        1427     3.09715     3.73214   0.0138862
        1428     3.09972      3.7317   0.0138836
        1429       3.336     3.73142   0.0138766
        1430     3.10773     3.73099   0.0138738
        1431     3.13763     3.73057   0.0138703
        1432     2.82439     3.72994    0.013875
        1433     3.05045     3.72947   0.0138734
        1434     3.04741     3.72899   0.0138719
        1435     3.01168     3.72849   0.0138712
        1436     3.20274     3.72813   0.0138664
        1437     3.32004     3.72784   0.0138597
        1438     3.34197     3.72757   0.0138526
        1439     3.40702     3.72735   0.0138448
        1440     3.44503     3.72715   0.0138366
        1441     3.87369     3.72726   0.0138273
        1442     3.37087     3.72701     0.01382
        1443     3.23098     3.72667   0.0138147
        1444     3.09724     3.72623    0.013812
        1445      3.4017       3.726   0.0138042
        1446     3.34185     3.72574   0.0137972
        1447     3.41128     3.72552   0.0137894
        1448     3.57948     3.72542   0.0137803
        1449     3.80528     3.72548   0.0137709
        1450     3.79526     3.72552   0.0137615
        1451      3.7691     3.72555    0.013752
        1452     4.26735     3.72593   0.0137476
        1453     4.17285     3.72623   0.0137416
        1454     4.36972     3.72668   0.0137392
        1455     4.01712     3.72688   0.0137313
        1456     4.12719     3.72715   0.0137246
        1457     3.90456     3.72727   0.0137157
        1458     3.54117     3.72715   0.0137069
        1459     3.72742     3.72715   0.0136975
        1460     4.19897     3.72747   0.0136919
        1461     4.22853     3.72781   0.0136868
        1462     4.05184     3.72803   0.0136793
        1463     4.59909     3.72863   0.0136829
        1464     4.69525     3.72929   0.0136894
        1465      4.4191     3.72976   0.0136882
        1466     4.63974     3.73038   0.0136929
        1467     4.29273     3.73076    0.013689
        1468     4.48982     3.73128   0.0136894
        1469     4.26446     3.73164   0.0136849
        1470     4.26197     3.73201   0.0136803
        1471      4.4368     3.73248   0.0136794
        1472     4.52892     3.73303   0.0136808
        1473     4.34649     3.73344   0.0136779
        1474     4.54382     3.73399   0.0136796
        1475     4.73745     3.73467   0.0136873
        1476     4.37956     3.73511    0.013685
        1477     3.99997     3.73529   0.0136769
        1478     4.17471     3.73559   0.0136709
        1479     4.16893     3.73588   0.0136648
        1480      4.1687     3.73617   0.0136586
        1481     4.24614     3.73652   0.0136538
        1482     3.72547     3.73651   0.0136446
        1483     3.69286     3.73648   0.0136354
        1484     3.59061     3.73638   0.0136266
        1485     3.49164     3.73622   0.0136184
        1486     3.95502     3.73636     0.01361
        1487     3.85368     3.73644   0.0136011
        1488     3.86005     3.73652   0.0135922
        1489     4.15861     3.73681    0.013586
        1490       4.151     3.73709   0.0135797
        1491     4.20683      3.7374   0.0135743
        1492     4.09411     3.73764   0.0135673
        1493     4.31505     3.73803   0.0135637
        1494     4.57536     3.73859   0.0135662
        1495     4.16408     3.73887   0.0135601
        1496     3.82785     3.73893   0.0135512
        1497     3.24567      3.7386   0.0135461
        1498     3.31257     3.73832   0.0135401
        1499     3.22187     3.73797   0.0135354
        1500     3.46876     3.73779   0.0135276
