           1    -6.15237    -6.15237           0
           2    -5.60062     -5.8765    0.195073
           3    -4.99938    -5.58412    0.271846
           4    -4.61492    -5.34182    0.292578
           5    -4.49084    -5.17163    0.279211
           6     -3.8931    -4.95854    0.303277
           7    -3.50777    -4.75128    0.323098
           8    -3.14577     -4.5506    0.339362
           9    -3.02475    -4.38106    0.341388
          10    -2.56693    -4.19964    0.352167
          11    -2.77724    -4.07034    0.343071
          12    -2.90637    -3.97334    0.327907
          13    -2.40726    -3.85287    0.324058
          14    -1.98556    -3.71949     0.32721
          15    -1.81666    -3.59264    0.329069
          16    -2.21669    -3.50664    0.319542
          17    -2.39682    -3.44136    0.307342
          18    -2.30042    -3.37797    0.296731
          19    -2.35291    -3.32402    0.285976
          20    -2.23803    -3.26972    0.276785
          21    -1.89596     -3.2043    0.271225
          22    -1.72855    -3.13722    0.267063
          23    -2.16846     -3.0951    0.258751
          24    -2.37965    -3.06529    0.249681
          25    -2.39339    -3.03842    0.241136
          26    -1.71451     -2.9875    0.237177
          27    -2.20335    -2.95846    0.230164
          28    -1.82647    -2.91803    0.225467
          29    -1.77705    -2.87868    0.221098
          30    -1.64092    -2.83742    0.217544
          31    -1.58499    -2.79702    0.214245
          32    -1.75342    -2.76441    0.210017
          33    -2.13813    -2.74543    0.204509
          34    -2.09813    -2.72639    0.199378
          35    -2.01583    -2.70609    0.194712
          36    -1.72299    -2.67878    0.191209
          37    -1.28093      -2.641    0.189737
          38    -1.68959    -2.61597    0.186388
          39    -1.69077    -2.59224    0.183113
          40    -1.22446    -2.55805      0.1817
          41   -0.796806    -2.51509    0.182275
          42    -0.27161    -2.46168    0.185597
          43    -1.01362      -2.428    0.184311
          44    -1.18181    -2.39968    0.182285
          45    -1.22096    -2.37348    0.180106
          46    -1.49262    -2.35433    0.177206
          47    -2.10336    -2.34899    0.173516
          48     -2.0064    -2.34186    0.170048
          49    -1.76359    -2.33006    0.166987
          50    -1.59365    -2.31533    0.164295
          51     -1.9858    -2.30887    0.161201
          52    -1.77579    -2.29861    0.158426
          53    -2.20114    -2.29678    0.155448
          54     -2.4682    -2.29995    0.152601
          55    -2.35314    -2.30092     0.14983
          56    -2.08036    -2.29698    0.147206
          57    -1.75169    -2.28741    0.144934
          58    -1.38668    -2.27188    0.143265
          59    -1.16309    -2.25309    0.142064
          60     -1.3545    -2.23811    0.140483
          61    -1.52713    -2.22646    0.138663
          62     -1.4002    -2.21313    0.137065
          63    -1.41503    -2.20046    0.135474
          64    -1.35366    -2.18723    0.134002
          65    -1.72189    -2.18007    0.132131
          66    -1.59812    -2.17125    0.130423
          67    -1.64912    -2.16346    0.128709
          68    -1.92853    -2.16001    0.126863
          69    -1.73138    -2.15379    0.125176
          70    -1.60405    -2.14594    0.123634
          71    -1.53726    -2.13737     0.12219
          72    -1.56369     -2.1294    0.120752
          73     -2.2211    -2.13066    0.119104
          74    -1.85923    -2.12699    0.117551
          75     -1.2741    -2.11562    0.116533
          76    -1.37929    -2.10593    0.115402
          77    -1.19032    -2.09404    0.114514
          78    -1.32782    -2.08421    0.113466
          79    -1.07046    -2.07138    0.112753
          80    -1.27474    -2.06142    0.111783
          81    -1.71416    -2.05714    0.110485
          82    -1.85357    -2.05465    0.109165
          83    -1.78905    -2.05145    0.107897
          84    -1.80326     -2.0485    0.106653
          85    -1.80625    -2.04565    0.105436
          86    -1.97082    -2.04478    0.104214
          87    -1.57223    -2.03935    0.103157
          88    -2.05831    -2.03956    0.101985
          89    -1.94296    -2.03848    0.100845
          90    -1.89834    -2.03692   0.0997368
          91    -1.59888    -2.03211   0.0987569
          92    -1.60959    -2.02751   0.0977902
          93    -1.81323    -2.02521   0.0967658
          94    -1.61571    -2.02085   0.0958344
          95    -1.19856     -2.0122   0.0952157
          96    -1.00307    -2.00169   0.0948024
          97    -1.33344     -1.9948    0.094075
          98    -1.25225    -1.98722   0.0934197
          99    -1.36926    -1.98098   0.0926844
         100    -1.24716    -1.97364   0.0920475
         101    -1.34434    -1.96741   0.0913468
         102    -1.32778    -1.96114   0.0906662
         103   -0.851322    -1.95036    0.090424
         104     -0.9283    -1.94054    0.090087
         105    -1.13721    -1.93288   0.0895533
         106    -1.34591    -1.92735   0.0888795
         107   -0.922536    -1.91796   0.0885435
         108   -0.766685     -1.9073   0.0883631
         109   -0.848567    -1.89758   0.0880846
         110    -1.04056    -1.88979   0.0876277
         111    -1.16461    -1.88326   0.0870815
         112    -1.29037    -1.87797   0.0864647
         113    -1.45468    -1.87422   0.0857807
         114   -0.868937     -1.8654   0.0854803
         115   -0.849698    -1.85657    0.085192
         116   -0.223325    -1.84249   0.0856132
         117   -0.777861    -1.83339   0.0853636
         118   -0.536477     -1.8224   0.0853448
         119   -0.842991    -1.81417   0.0850236
         120   -0.694778    -1.80484   0.0848252
         121   -0.679967    -1.79554   0.0846321
         122   -0.744148    -1.78693    0.084376
         123   -0.880708    -1.77956   0.0840111
         124   -0.811757    -1.77175   0.0836953
         125   -0.550503    -1.76198   0.0835941
         126   -0.929998    -1.75538    0.083191
         127   -0.894275     -1.7486   0.0828118
         128    -1.20508    -1.74435   0.0822736
         129    -1.08403    -1.73924   0.0817949
         130    -1.13161    -1.73456   0.0812992
         131   -0.986768    -1.72885   0.0808787
         132    -1.14432    -1.72442   0.0803871
         133    -1.17847    -1.72032   0.0798875
         134   -0.989109    -1.71486   0.0794774
         135    -1.00501     -1.7096   0.0790625
         136    -1.32333    -1.70676   0.0785321
         137    -1.03957    -1.70189   0.0781097
         138    -1.59059    -1.70109   0.0775479
         139    -1.72083    -1.70123   0.0769901
         140     -1.5676    -1.70028   0.0764461
         141    -1.63507    -1.69981   0.0759053
         142    -1.47939    -1.69826   0.0753867
         143   -0.962912    -1.69312   0.0750347
         144    -1.57477     -1.6923   0.0745181
         145    -1.33477    -1.68983    0.074045
         146   -0.959706    -1.68483   0.0737065
         147    -1.49533    -1.68354   0.0732164
         148    -1.76505    -1.68409   0.0727237
         149    -1.61551    -1.68363   0.0722371
         150    -1.30741    -1.68112    0.071799
         151    -1.47234    -1.67974   0.0713369
         152    -1.26387      -1.677     0.07092
         153   -0.905536    -1.67196   0.0706355
         154    -1.10041    -1.66825   0.0702742
         155   -0.674154    -1.66184   0.0701129
         156    -1.21017    -1.65894   0.0697232
         157    -1.26534    -1.65644   0.0693242
         158    -1.59168    -1.65603   0.0688866
         159     -1.4696    -1.65485   0.0684634
         160    -1.69222    -1.65509   0.0680359
         161    -1.80287      -1.656   0.0676195
         162    -1.63033    -1.65585   0.0672023
         163    -1.61565     -1.6556   0.0667904
         164    -1.17065    -1.65264   0.0664486
         165    -1.41554    -1.65121   0.0660614
         166    -1.29656    -1.64907    0.065698
         167    -1.33065    -1.64716   0.0653322
         168    -1.22193    -1.64463   0.0649924
         169    -1.42168    -1.64331   0.0646212
         170    -1.37658    -1.64174   0.0642601
         171    -1.33749    -1.63996    0.063909
         172    -1.35529    -1.63831   0.0635588
         173    -1.40775    -1.63698   0.0632054
         174     -1.0798    -1.63377   0.0629232
         175    -1.04513    -1.63041   0.0626535
         176   -0.803967    -1.62571   0.0624732
         177   -0.743342    -1.62073   0.0623188
         178   -0.475991     -1.6143   0.0622997
         179    -1.06482    -1.61123   0.0620272
         180    -1.01274     -1.6079   0.0617717
         181   -0.877642    -1.60387    0.061562
         182   -0.776676    -1.59932   0.0613913
         183   -0.845494     -1.5952   0.0611939
         184    -1.14225    -1.59274   0.0609108
         185   -0.611458    -1.58744   0.0608121
         186    -0.60194    -1.58214   0.0607155
         187   -0.625935    -1.57703   0.0606058
         188   -0.578288    -1.57171   0.0605158
         189   -0.882887    -1.56807   0.0603052
         190   -0.870938     -1.5644   0.0600994
         191   -0.795835    -1.56038   0.0599193
         192    -1.17855    -1.55839   0.0596402
         193   -0.914969    -1.55505   0.0594243
         194     -1.0245    -1.55232   0.0591808
         195    -0.71362    -1.54802   0.0590334
         196   -0.443509    -1.54238   0.0590006
         197   -0.226066     -1.5357   0.0590782
         198   -0.223745    -1.52908   0.0591503
         199   -0.272312    -1.52276   0.0591892
         200   -0.353682    -1.51691   0.0591812
         201   -0.747248    -1.51309   0.0590105
         202   -0.687059      -1.509   0.0588599
         203    -0.59468    -1.50449    0.058742
         204   -0.808537    -1.50108   0.0585531
         205   -0.504832    -1.49622   0.0584688
         206   -0.320403    -1.49051   0.0584629
         207   -0.327553    -1.48489   0.0584498
         208   -0.517729    -1.48024   0.0583534
         209   0.0332915      -1.473   0.0585219
         210  -0.0196947    -1.46608    0.058651
         211   -0.265882    -1.46039   0.0586482
         212   -0.809299    -1.45732   0.0584519
         213   -0.598004    -1.45329   0.0583165
         214   -0.960042    -1.45098   0.0580895
         215     -1.1207    -1.44945   0.0578397
         216   -0.750159    -1.44621   0.0576624
         217   -0.409278    -1.44143   0.0575944
         218   -0.839035    -1.43867   0.0573964
         219    -1.15281    -1.43736   0.0571492
         220   -0.801078    -1.43447   0.0569625
         221   -0.315328    -1.42941   0.0569294
         222   -0.182069    -1.42379   0.0569496
         223   -0.381776    -1.41912   0.0568856
         224  -0.0172046    -1.41286   0.0569749
         225    0.364697    -1.40496   0.0572668
         226    0.473409    -1.39665   0.0576133
         227    0.749595    -1.38719   0.0581302
         228     1.17158    -1.37597   0.0589486
         229     1.26262    -1.36445   0.0598067
         230    0.901237     -1.3546   0.0603524
         231    0.834535    -1.34512   0.0608307
         232    0.587206    -1.33679    0.061136
         233    0.771619    -1.32774   0.0615397
         234    0.143517    -1.32145    0.061597
         235    0.361577    -1.31429   0.0617499
         236     1.00755    -1.30445    0.062267
         237    0.658703    -1.29617   0.0625528
         238     1.18282    -1.28575   0.0631512
         239     1.42601    -1.27441   0.0638982
         240    0.938202    -1.26519   0.0642936
         241     0.65357    -1.25723   0.0645179
         242    0.349332    -1.25059   0.0645919
         243    0.622017    -1.24288   0.0647842
         244    0.544295    -1.23556   0.0649314
         245    0.255984    -1.22947   0.0649511
         246    0.498378    -1.22245   0.0650658
         247    0.288198    -1.21633   0.0650891
         248    0.240002    -1.21046    0.065091
         249    0.350476    -1.20419   0.0651308
         250    0.517182     -1.1973   0.0652332
         251    0.561895    -1.19029   0.0653488
         252    0.306193    -1.18436   0.0653587
         253   -0.272271    -1.18075   0.0651997
         254   -0.416329    -1.17774   0.0650124
         255   -0.370303    -1.17457   0.0648346
         256   -0.193806    -1.17074   0.0646944
         257    -0.22497    -1.16706   0.0645472
         258     0.11938    -1.16208   0.0644894
         259   -0.220753    -1.15844   0.0643427
         260   -0.323456    -1.15523   0.0641753
         261    -0.24314    -1.15174   0.0640245
         262   -0.689476    -1.14997   0.0638045
         263   -0.394346     -1.1471   0.0636265
         264   -0.371269    -1.14416   0.0634533
         265   0.0547465    -1.13964    0.063375
         266   -0.184798    -1.13605   0.0632383
         267   -0.403788     -1.1333   0.0630609
         268   -0.296905    -1.13018   0.0629028
         269   -0.359149    -1.12732   0.0627342
         270    -0.21906    -1.12395    0.062592
         271   -0.153752    -1.12037   0.0624633
         272  -0.0534793    -1.11645   0.0623567
         273    -0.42266    -1.11391     0.06218
         274   -0.698799    -1.11239   0.0619716
         275   -0.413396    -1.10985   0.0617983
         276  -0.0628471    -1.10606   0.0616907
         277  -0.0289662    -1.10217   0.0615905
         278   -0.265431    -1.09916   0.0614424
         279    0.019594    -1.09515   0.0613529
         280   -0.243895    -1.09211    0.061209
         281   -0.233941    -1.08906   0.0610674
         282   -0.234194    -1.08603    0.060926
         283    0.129246    -1.08173   0.0608619
         284    0.145294    -1.07741   0.0608007
         285    0.127059    -1.07318   0.0607341
         286     0.23012    -1.06863   0.0606925
         287  -0.0470219    -1.06507   0.0605853
         288    0.166794    -1.06079   0.0605257
         289   -0.142451    -1.05761   0.0603996
         290   -0.232829    -1.05477   0.0602583
         291    -0.51266    -1.05291     0.06008
         292   -0.177022    -1.04991   0.0599491
         293  -0.0704379    -1.04656   0.0598376
         294   -0.211538    -1.04372   0.0597014
         295  -0.0734305    -1.04043   0.0595896
         296   -0.169772    -1.03749   0.0594608
         297   -0.190927    -1.03464   0.0593289
         298   -0.405339    -1.03253   0.0591674
         299   -0.644997    -1.03123   0.0589837
         300    -0.31107    -1.02883   0.0588359
         301  -0.0398712    -1.02555   0.0587321
         302    0.383708    -1.02088   0.0587227
         303   -0.178228     -1.0181   0.0585947
         304   -0.304175    -1.01575    0.058449
         305    0.169403    -1.01187   0.0583864
         306    0.296918    -1.00759   0.0583521
         307    0.250363    -1.00349   0.0583057
         308   -0.064433    -1.00044    0.058196
         309   -0.315192   -0.998225   0.0580499
         310    0.227509   -0.994271   0.0579972
         311  -0.0387782   -0.991199    0.057892
         312   -0.175689   -0.988585   0.0577654
         313   -0.168425   -0.985965   0.0576403
         314   -0.245601   -0.983607   0.0575049
         315   -0.200027   -0.981119   0.0573762
         316  -0.0894116   -0.978297   0.0572639
         317  -0.0337404   -0.975318   0.0571608
         318   -0.449751   -0.973665   0.0570049
         319   -0.942443   -0.973567   0.0568263
         320   -0.907065   -0.973359   0.0566491
         321    -0.68786    -0.97247   0.0564796
         322   -0.406432   -0.970712   0.0563315
         323   -0.604399   -0.969578   0.0561685
         324   -0.491607   -0.968103   0.0560146
         325   -0.720924   -0.967342   0.0558474
         326   -0.650752   -0.966371   0.0556845
         327   -0.605746   -0.965268   0.0555251
         328   -0.438151   -0.963661   0.0553791
         329   -0.640436   -0.962679   0.0552195
         330   -0.955416   -0.962657   0.0550522
         331   -0.609421    -0.96159   0.0548962
         332   -0.641399   -0.960625   0.0547393
         333   -0.798703   -0.960139   0.0545771
         334   -0.676545    -0.95929   0.0544203
         335   -0.752445   -0.958672   0.0542613
         336   -0.355868   -0.956878   0.0541295
         337   -0.706375   -0.956135    0.053974
         338   -0.666939   -0.955279   0.0538211
         339   -0.381497   -0.953587   0.0536889
         340    -0.21713   -0.951421   0.0535747
         341   -0.209241   -0.949244   0.0534618
         342    0.446771   -0.945162    0.053461
         343    0.393328    -0.94126   0.0534474
         344   -0.224086   -0.939175   0.0533327
         345    -0.35903   -0.937494   0.0532046
         346   -0.102695   -0.935081   0.0531055
         347  -0.0952829   -0.932661   0.0530076
         348    0.276692   -0.929186   0.0529691
         349    0.350047    -0.92552    0.052944
         350    0.415435   -0.921689   0.0529311
         351    0.349191   -0.918068    0.052904
         352    0.253341    -0.91474   0.0528583
         353     0.39768   -0.911022   0.0528391
         354    0.490886   -0.907062   0.0528381
         355    0.593249   -0.902836    0.052858
         356    0.471784   -0.898975   0.0528504
         357    0.301144   -0.895613   0.0528091
         358     0.69173   -0.891179   0.0528474
         359    0.789998   -0.886496   0.0529073
         360    0.688917    -0.88212    0.052941
         361    0.664868   -0.877835   0.0529675
         362     1.03006   -0.872564   0.0530827
         363    0.585864   -0.868547   0.0530883
         364    0.602368   -0.864506   0.0530961
         365    0.596893   -0.860502   0.0531013
         366     1.36574   -0.854419   0.0533035
         367     1.22866   -0.848743   0.0534596
         368    0.868097   -0.844078   0.0535175
         369    0.779333   -0.839678    0.053553
         370    0.695743   -0.835529   0.0535688
         371    0.644349    -0.83154   0.0535727
         372    0.790861   -0.827178   0.0536059
         373    0.676014   -0.823148   0.0536135
         374    0.849709   -0.818675   0.0536564
         375     1.15937   -0.813401    0.053772
         376     0.77719    -0.80917   0.0537951
         377    0.515581   -0.805656    0.053767
         378    0.318908   -0.802681    0.053707
         379    0.185753   -0.800073   0.0536286
         380    0.434813   -0.796824   0.0535859
         381    0.834636   -0.792542    0.053616
         382    0.677246   -0.788694   0.0536136
         383    0.181452   -0.786161   0.0535334
         384    0.473614    -0.78288   0.0534944
         385    0.352384   -0.779932   0.0534367
         386    0.739597   -0.775995    0.053443
         387    0.347267   -0.773093   0.0533837
         388    0.236857    -0.77049   0.0533095
         389    0.685729   -0.766746   0.0533038
         390    0.939114   -0.762372   0.0533462
         391    0.788496   -0.758406   0.0533571
         392     0.37528   -0.755514   0.0532993
         393     0.23735   -0.752987   0.0532235
         394    0.382669   -0.750105   0.0531664
         395    0.206394   -0.747683   0.0530869
         396    0.500582   -0.744531   0.0530464
         397    0.189671   -0.742178   0.0529649
         398    0.208376    -0.73979   0.0528856
         399    0.145552   -0.737571   0.0527996
         400   0.0749004    -0.73554   0.0527067
         401   -0.224639   -0.734266   0.0525906
         402   -0.301553   -0.733189   0.0524708
         403   0.0465486   -0.731254   0.0523763
         404   0.0847393   -0.729235   0.0522856
         405     0.14634   -0.727073   0.0522012
         406    0.173717   -0.724854   0.0521197
         407    0.612508   -0.721568   0.0520951
         408    0.661437   -0.718178   0.0520776
         409    0.323148   -0.715632   0.0520125
         410    0.260324   -0.713252   0.0519401
         411    0.352716   -0.710658   0.0518784
         412   -0.254921   -0.709552   0.0517643
         413   -0.270948    -0.70849   0.0516498
         414   -0.295444   -0.707492   0.0515347
         415  -0.0678942   -0.705951   0.0514336
         416   0.0316183   -0.704178   0.0513405
         417      0.1275   -0.702184   0.0512561
         418   0.0817836   -0.700308   0.0511678
         419    0.139947   -0.698303   0.0510849
         420    0.125158   -0.696342   0.0510009
         421    0.275303   -0.694034    0.050932
         422    0.297274   -0.691685   0.0508654
         423    0.306517   -0.689325   0.0507999
         424   0.0472012   -0.687588   0.0507098
         425    0.184419   -0.685537   0.0506319
         426    -0.26719   -0.684555   0.0505226
         427    0.165986   -0.682563   0.0504435
         428  -0.0975706   -0.681196   0.0503442
         429   0.0337613   -0.679529   0.0502544
         430   -0.197748   -0.678409     0.05015
         431   -0.335944   -0.677614     0.05004
         432    0.160878   -0.675673   0.0499618
         433   0.0645153   -0.673964   0.0498756
         434    0.405738   -0.671476   0.0498227
         435    0.360473   -0.669104   0.0497646
         436    0.254585   -0.666985   0.0496955
         437    0.109519   -0.665208   0.0496136
         438   -0.423002   -0.664655   0.0495034
         439   -0.304372   -0.663835   0.0493974
         440   -0.375006   -0.663178   0.0492895
         441   -0.134519   -0.661979   0.0491923
         442   -0.155779   -0.660834   0.0490944
         443   -0.382055   -0.660205   0.0489876
         444   -0.796141   -0.660511   0.0488782
         445    -1.03824    -0.66136   0.0487757
         446   -0.703758   -0.661455   0.0486665
         447   -0.566647   -0.661243    0.048558
         448   -0.109551   -0.660011   0.0484653
         449   -0.365214   -0.659355   0.0483618
         450    0.194935   -0.657456   0.0482916
         451    0.126009   -0.655719   0.0482157
         452   -0.229279   -0.654776   0.0481183
         453   -0.103218   -0.653558   0.0480274
         454   -0.330284   -0.652846   0.0479269
         455   -0.533797   -0.652585   0.0478223
         456   -0.298297   -0.651808   0.0477238
         457   -0.557582   -0.651601   0.0476198
         458   -0.175737   -0.650562   0.0475271
         459   -0.125632   -0.649419   0.0474373
         460   -0.317573   -0.648697   0.0473397
         461   -0.330095   -0.648006   0.0472421
         462 -0.00554981   -0.646616   0.0471603
         463    0.141662   -0.644913   0.0470891
         464   -0.022541   -0.643572   0.0470067
         465    -0.30319    -0.64284   0.0469114
         466  -0.0949848   -0.641664   0.0468254
         467   -0.213238   -0.640747   0.0467341
         468   -0.474524   -0.640392   0.0466356
         469   -0.397997   -0.639875   0.0465391
         470   -0.120295   -0.638769   0.0464532
         471  0.00814885   -0.637396   0.0463748
         472    0.298819   -0.635412    0.046319
         473    0.692695   -0.632604   0.0463061
         474  -0.0567007   -0.631389   0.0462243
         475   -0.365604    -0.63083   0.0461304
         476  -0.0211346   -0.629549   0.0460513
         477  -0.0530842    -0.62834   0.0459706
         478   0.0108215   -0.627003   0.0458938
         479    0.379892   -0.624901   0.0458462
         480    0.328932   -0.622914   0.0457937
         481    0.610464    -0.62035   0.0457702
         482    0.594065    -0.61783   0.0457446
         483    0.373796   -0.615777   0.0456959
         484    0.488345   -0.613496   0.0456584
         485   0.0865643   -0.612053   0.0455871
         486   -0.214901   -0.611235   0.0455006
         487  -0.0782877   -0.610141   0.0454203
         488   -0.270145   -0.609444   0.0453326
         489   -0.279665    -0.60877   0.0452449
         490   -0.247909   -0.608034   0.0451585
         491  -0.0942497   -0.606987   0.0450787
         492   -0.316585   -0.606397   0.0449909
         493  -0.0998868   -0.605369   0.0449114
         494    0.160081    -0.60382   0.0448472
         495   0.0295098   -0.602541   0.0447749
         496  0.00152133   -0.601323   0.0447011
         497   -0.054812   -0.600223   0.0446247
         498    0.321591   -0.598372   0.0445735
         499  -0.0933308    -0.59736   0.0444957
         500   -0.113094   -0.596391   0.0444172
         501  -0.0226709   -0.595246   0.0443433
         502   -0.113725   -0.594287   0.0442653
         503  -0.0708725   -0.593246   0.0441896
         504   -0.253779   -0.592573    0.044107
         505    0.101968   -0.591198   0.0440411
         506    -0.16706   -0.590359   0.0439621
         507   0.0663012   -0.589064   0.0438944
         508  -0.0770796   -0.588056   0.0438196
         509    0.425713   -0.586065   0.0437787
         510    0.481737   -0.583971   0.0437429
         511   -0.271008   -0.583358   0.0436616
         512   0.0374026   -0.582146   0.0435932
         513  -0.0906546   -0.581188   0.0435187
         514   -0.583745   -0.581193   0.0434341
         515   -0.432442   -0.580904   0.0433507
         516   -0.524176   -0.580794   0.0432668
         517   -0.543778   -0.580723   0.0431832
         518   -0.135163   -0.579862   0.0431084
         519   -0.440868   -0.579595   0.0430261
         520   -0.280554   -0.579019   0.0429472
         521   0.0968495   -0.577722   0.0428844
         522  -0.0936031   -0.576795   0.0428123
         523    0.347985   -0.575027   0.0427669
         524    0.419896   -0.573128   0.0427274
         525    0.286873    -0.57149   0.0426774
         526    0.571137   -0.569317   0.0426515
         527    0.748626   -0.566817   0.0426439
         528     0.98204   -0.563883   0.0426639
         529    0.723829   -0.561449   0.0426526
         530    0.498314   -0.559449    0.042619
         531    0.560791    -0.55734   0.0425909
         532    0.177676   -0.555958   0.0425333
         533    0.299424   -0.554353   0.0424837
         534    0.186774   -0.552965   0.0424268
         535   -0.329291   -0.552547   0.0423496
         536    0.649177   -0.550305   0.0423299
         537    0.535281   -0.548284   0.0422993
         538   0.0775492    -0.54712   0.0422367
         539    0.565567   -0.545056   0.0422087
         540    0.848558   -0.542475   0.0422094
         541    0.714442   -0.540152   0.0421953
         542     0.56905   -0.538106    0.042167
         543    0.826079   -0.535593   0.0421641
         544    0.817189   -0.533106   0.0421599
         545    0.884885   -0.530505   0.0421627
         546    0.248716   -0.529078   0.0421097
         547   0.0283157   -0.528059    0.042045
         548    -0.19183   -0.527445   0.0419728
         549   0.0929882   -0.526315   0.0419115
         550    0.357226   -0.524708   0.0418661
         551    0.385407   -0.523057   0.0418227
         552    0.158541   -0.521822   0.0417651
         553    0.902656   -0.519246    0.041769
         554    0.588845   -0.517246   0.0417414
         555    0.226635   -0.515905   0.0416877
         556   -0.134297   -0.515219   0.0416184
         557   0.0898014   -0.514133   0.0415579
         558    0.167636   -0.512911   0.0415013
         559    0.288969   -0.511477   0.0414519
         560    0.269208   -0.510083   0.0414013
         561    0.505077   -0.508273    0.041367
         562    0.534558   -0.506417    0.041335
         563     0.49821   -0.504633   0.0413001
         564    0.420916   -0.502992   0.0412595
         565      0.3993   -0.501395   0.0412173
         566     0.74278   -0.499197   0.0412031
         567    0.612557   -0.497236    0.041177
         568    0.443372    -0.49558   0.0411378
         569    0.522735    -0.49379   0.0411044
         570    0.341491   -0.492325   0.0410584
         571    0.334966   -0.490876   0.0410121
         572    0.642547   -0.488895   0.0409882
         573    0.440312   -0.487273   0.0409488
         574    0.471527   -0.485603   0.0409115
         575    0.648324   -0.483631   0.0408878
         576    0.942752   -0.481154   0.0408918
         577    0.772927   -0.478981   0.0408786
         578    0.876933   -0.476635   0.0408751
         579    0.757254   -0.474504   0.0408601
         580    0.788413   -0.472326   0.0408476
         581    0.450884   -0.470737   0.0408082
         582    0.104472   -0.469749     0.04075
         583   0.0278372   -0.468895   0.0406891
         584    -0.10972    -0.46828    0.040624
         585  -0.0306808   -0.467532   0.0405615
         586  -0.0938427   -0.466895   0.0404973
         587    -0.35833    -0.46671   0.0404287
         588   -0.477161   -0.466728     0.04036
         589   -0.384619   -0.466588   0.0402917
         590    0.165843   -0.465516   0.0402376
         591     0.35513   -0.464128   0.0401935
         592    0.399405   -0.462669   0.0401521
         593    0.446155   -0.461136   0.0401136
         594    0.347824   -0.459775   0.0400692
         595    0.742756   -0.457753   0.0400528
         596    0.618255   -0.455948   0.0400263
         597    0.567143   -0.454234   0.0399959
         598    0.323099   -0.452934   0.0399501
         599   -0.197556   -0.452508   0.0398857
         600   -0.426942   -0.452466   0.0398192
         601   -0.173514   -0.452001   0.0397557
         602    0.168264   -0.450971    0.039703
         603    0.143618   -0.449985   0.0396494
         604   0.0774606   -0.449112   0.0395934
         605    0.408012   -0.447695   0.0395533
         606    0.410339   -0.446279   0.0395133
         607    0.697776   -0.444394   0.0394932
         608    0.787969   -0.442367   0.0394802
         609    0.684541   -0.440517   0.0394587
         610    0.414271   -0.439116   0.0394189
         611    0.142174   -0.438164   0.0393658
         612   0.0922022   -0.437298   0.0393111
         613  -0.0412825   -0.436652   0.0392522
         614    0.245164   -0.435541    0.039204
         615   -0.050785   -0.434916   0.0391453
         616    0.396358   -0.433566    0.039105
         617     0.24621   -0.432464   0.0390571
         618    0.534556     -0.4309   0.0390252
         619     0.88639   -0.428772   0.0390202
         620    0.778418   -0.426824   0.0390058
         621      0.6288   -0.425125     0.03898
         622    0.620949   -0.423443   0.0389536
         623    0.443387   -0.422051   0.0389159
         624    0.521842   -0.420539   0.0388829
         625    0.456528   -0.419135    0.038846
         626    0.642716   -0.417439    0.038821
         627     0.47335   -0.416019   0.0387851
         628    0.393782   -0.414729   0.0387447
         629    0.190626   -0.413767   0.0386951
         630    0.131096   -0.412902   0.0386433
         631    0.636229   -0.411239   0.0386178
         632    0.850748   -0.409242   0.0386083
         633    0.976812   -0.407053   0.0386094
         634     1.08254   -0.404703   0.0386199
         635    0.855793   -0.402718   0.0386101
         636     1.13623   -0.400298   0.0386251
         637    0.973272   -0.398142   0.0386246
         638    0.884004   -0.396132   0.0386163
         639    0.597416   -0.394578   0.0385872
         640    0.663828   -0.392924   0.0385623
         641    0.915294   -0.390883   0.0385561
         642    0.939856    -0.38881   0.0385517
         643    0.720264   -0.387085   0.0385303
         644     1.11322   -0.384756   0.0385409
         645     1.19574   -0.382305   0.0385589
         646    0.718162   -0.380602   0.0385369
         647  -0.0055926   -0.380022   0.0384817
         648   -0.217314   -0.379771   0.0384231
         649   -0.060245   -0.379279   0.0383671
         650    0.590279   -0.377787    0.038337
         651    0.878681   -0.375857   0.0383267
         652    0.933922   -0.373848   0.0383205
         653    0.972869   -0.371786   0.0383173
         654    0.821642   -0.369961   0.0383021
         655     1.33263   -0.367362   0.0383317
         656     1.13029   -0.365079   0.0383412
         657    0.820782   -0.363274   0.0383253
         658     1.11386   -0.361029   0.0383328
         659      1.0025    -0.35896   0.0383304
         660    0.772994   -0.357245   0.0383107
         661    0.791871   -0.355506   0.0382922
         662    0.194924   -0.354675   0.0382433
         663    0.695154   -0.353091   0.0382184
         664    0.481521   -0.351834   0.0381815
         665    0.603537   -0.350398   0.0381511
         666    0.666446   -0.348871   0.0381244
         667      1.2228   -0.346514     0.03814
         668     1.61694   -0.343575    0.038196
         669     1.47731   -0.340853   0.0382357
         670      0.9808   -0.338881   0.0382295
         671    0.907299   -0.337024   0.0382176
         672    0.567474   -0.335678   0.0381844
         673     0.56437    -0.33434   0.0381511
         674    0.106955   -0.333685   0.0381001
         675   0.0593294   -0.333103   0.0380481
         676  -0.0388743   -0.332668   0.0379943
         677    0.311345   -0.331717   0.0379501
         678    0.159978   -0.330991   0.0379011
         679    0.139115   -0.330299   0.0378516
         680   0.0277029   -0.329773   0.0377996
         681    -0.17468   -0.329545   0.0377448
         682    0.557759   -0.328244   0.0377118
         683    0.133877   -0.327567   0.0376627
         684  -0.0204712   -0.327118   0.0376103
         685   -0.252879    -0.32701   0.0375556
         686   -0.150795   -0.326753   0.0375017
         687    0.290983   -0.325854   0.0374579
         688     0.24053   -0.325031   0.0374125
         689    -0.07833   -0.324673   0.0373599
         690   0.0202537   -0.324173   0.0373091
         691    0.176679   -0.323448   0.0372621
         692   -0.237662   -0.323324   0.0372085
         693   -0.456801   -0.323516   0.0371553
         694  -0.0712311   -0.323153   0.0371035
         695    0.018709   -0.322661   0.0370534
         696    0.196098   -0.321916   0.0370077
         697    0.419861   -0.320851   0.0369699
         698    0.607431   -0.319522   0.0369408
         699    0.721613   -0.318032    0.036918
         700    0.630586   -0.316677   0.0368901
         701    0.227201   -0.315901   0.0368457
         702    0.355144   -0.314945   0.0368056
         703    0.559689   -0.313701   0.0367742
         704    0.603458   -0.312398   0.0367451
         705    0.488765   -0.311262   0.0367105
         706    0.376599   -0.310288   0.0366714
         707    0.286588   -0.309443   0.0366293
         708    0.607436   -0.308148   0.0366004
         709    0.620112   -0.306839   0.0365722
         710    0.568651   -0.305606   0.0365415
         711      1.2484    -0.30342   0.0365554
         712     1.38145   -0.301054   0.0365806
         713     1.34435   -0.298746    0.036602
         714     1.19411   -0.296655   0.0366104
         715     1.49347   -0.294152   0.0366447
         716     1.38241    -0.29181   0.0366683
         717     1.10623    -0.28986   0.0366689
         718    0.870812   -0.288244   0.0366535
         719    0.788151   -0.286747   0.0366331
         720     1.15169   -0.284749   0.0366366
         721     1.11786   -0.282803   0.0366374
         722     1.12467   -0.280854   0.0366385
         723    0.916425   -0.279198   0.0366252
         724     0.62283   -0.277952   0.0365958
         725    0.682611   -0.276627   0.0365693
         726     1.08566   -0.274751   0.0365671
         727     1.01324   -0.272979   0.0365596
         728     1.13299   -0.271048   0.0365604
         729     1.43641   -0.268706   0.0365852
         730     1.57145   -0.266185   0.0366218
         731     1.69554   -0.263501   0.0366699
         732     1.84407   -0.260622   0.0367327
         733     1.95549   -0.257599   0.0368068
         734     1.42117   -0.255312   0.0368276
         735     1.36112   -0.253112   0.0368431
         736     1.28771   -0.251019   0.0368525
         737     1.26167   -0.248966   0.0368596
         738     1.46929   -0.246638   0.0368831
         739     1.79311   -0.243878   0.0369363
         740     1.72633   -0.241216   0.0369823
         741     1.39785   -0.239004   0.0369984
         742     1.27998   -0.236956   0.0370052
         743    0.595905   -0.235835   0.0369723
         744    0.587336   -0.234729   0.0369392
         745    0.613171   -0.233591   0.0369071
         746    -0.28934   -0.233666   0.0368578
         747   -0.174825   -0.233587   0.0368085
         748  -0.0122166   -0.233291   0.0367605
         749   -0.201742   -0.233249   0.0367114
         750    -0.28613   -0.233319   0.0366625
         751    -0.38417    -0.23352   0.0366143
         752   -0.288391   -0.233593   0.0365657
         753    0.209948   -0.233004   0.0365218
         754    0.358293    -0.23222   0.0364818
         755    0.277828   -0.231544   0.0364398
         756   -0.116801   -0.231393   0.0363919
         757   -0.144056   -0.231277    0.036344
         758   -0.232458   -0.231279    0.036296
         759  -0.0579451    -0.23105   0.0362489
         760  -0.0828546   -0.230855   0.0362018
         761     0.12226   -0.230391   0.0361572
         762   0.0911689   -0.229969   0.0361122
         763    0.330452   -0.229235   0.0360723
         764    0.119451   -0.228778    0.036028
         765    0.603349   -0.227691   0.0359973
         766    0.131728   -0.227222   0.0359534
         767    0.262913   -0.226582   0.0359122
         768    0.369962   -0.225806   0.0358738
         769    0.409472    -0.22498   0.0358367
         770    0.797124   -0.223652   0.0358147
         771    0.534149   -0.222669   0.0357817
         772    0.335674   -0.221946   0.0357427
         773    0.394929   -0.221148   0.0357054
         774    0.211801   -0.220589   0.0356636
         775    0.566153   -0.219574    0.035632
         776    0.565769   -0.218562   0.0356005
         777    0.196644   -0.218027   0.0355587
         778   0.0264324   -0.217713   0.0355144
         779   -0.340596   -0.217871   0.0354691
         780   -0.204794   -0.217854   0.0354237
         781   -0.264507   -0.217914   0.0353784
         782   -0.189443   -0.217877   0.0353331
         783    0.353416   -0.217148   0.0352955
         784    0.229415   -0.216578   0.0352551
         785  -0.0155742   -0.216322   0.0352111
         786  -0.0439111   -0.216103    0.035167
         787    0.069007    -0.21574   0.0351242
         788    0.233606    -0.21517   0.0350843
         789    0.259988   -0.214568    0.035045
         790     0.15602   -0.214099   0.0350037
         791    0.164275    -0.21362   0.0349628
         792    0.142271   -0.213171   0.0349215
         793    0.014934   -0.212883   0.0348786
         794    0.234966   -0.212319   0.0348393
         795   -0.191521   -0.212293   0.0347955
         796   -0.209824    -0.21229   0.0347517
         797   -0.179884   -0.212249   0.0347082
         798    0.038212   -0.211936   0.0346661
         799  -0.0127906   -0.211686   0.0346236
         800    -0.19515   -0.211666   0.0345803
         801   -0.106783   -0.211535   0.0345374
         802   -0.141705   -0.211448   0.0344945
         803   0.0595491    -0.21111   0.0344531
         804    0.536231   -0.210181   0.0344228
         805   0.0301999   -0.209882   0.0343814
         806   -0.278015   -0.209967   0.0343388
         807   -0.155146   -0.209899   0.0342963
         808   -0.532663   -0.210298   0.0342562
         809   -0.259027   -0.210358   0.0342139
         810     -0.3737    -0.21056   0.0341723
         811   -0.500574   -0.210918    0.034132
         812   -0.511309   -0.211288    0.034092
         813    -1.05186   -0.212321   0.0340657
         814    -1.20872   -0.213546   0.0340459
         815    -1.10146   -0.214635   0.0340215
         816   -0.840429   -0.215402   0.0339885
         817   -0.893035   -0.216231    0.033957
         818     -1.1996   -0.217433   0.0339367
         819   -0.981057   -0.218366   0.0339081
         820   -0.682101   -0.218931   0.0338715
         821   -0.685611     -0.2195    0.033835
         822   -0.350543   -0.219659   0.0337942
         823   -0.414922   -0.219897    0.033754
         824    0.169499   -0.219424   0.0337163
         825    0.397587   -0.218676   0.0336837
         826   0.0412664   -0.218361   0.0336444
         827   0.0507308   -0.218036   0.0336053
         828    -0.14751   -0.217951   0.0335648
         829  -0.0186785    -0.21771   0.0335252
         830   -0.143655   -0.217621   0.0334849
         831    -0.30943   -0.217732   0.0334448
         832   -0.413381   -0.217967   0.0334055
         833    -0.23254   -0.217984   0.0333654
         834   -0.391708   -0.218193    0.033326
         835  -0.0320546    -0.21797   0.0332868
         836   -0.424716   -0.218217   0.0332479
         837   -0.257717   -0.218264   0.0332082
         838  -0.0487306   -0.218062   0.0331692
         839  -0.0744686   -0.217891   0.0331301
         840    -0.22868   -0.217904   0.0330907
         841   -0.446067   -0.218175   0.0330525
         842   -0.325029   -0.218302   0.0330135
         843    -0.28512   -0.218381   0.0329744
         844   -0.163325   -0.218316   0.0329354
         845  -0.0559689   -0.218124    0.032897
         846   -0.216825   -0.218122   0.0328581
         847    -0.35698   -0.218286   0.0328197
         848   -0.388938   -0.218487   0.0327816
         849   -0.478979   -0.218794   0.0327444
         850   -0.539287   -0.219171   0.0327081
         851  -0.0859595   -0.219015     0.03267
         852    0.268023   -0.218443   0.0326367
         853    0.400574   -0.217717   0.0326065
         854    0.198908   -0.217229    0.032572
         855     0.32474   -0.216596     0.03254
         856    0.623648   -0.215614   0.0325168
         857    0.458064   -0.214828   0.0324884
         858    0.450444   -0.214053   0.0324598
         859    0.211252   -0.213557   0.0324257
         860    0.259823   -0.213007   0.0323927
         861   0.0429895    -0.21271   0.0323565
         862    0.141675   -0.212299   0.0323215
         863     0.21845   -0.211799   0.0322879
         864   0.0731676    -0.21147   0.0322522
         865   0.0827302   -0.211129   0.0322168
         866    0.321068   -0.210515   0.0321854
         867 -0.00493865   -0.210278   0.0321492
         868   -0.271836   -0.210349   0.0321122
         869   -0.286308   -0.210436   0.0320754
         870   -0.700174   -0.210999   0.0320434
         871   -0.620472   -0.211469   0.0320101
         872   -0.319183   -0.211593   0.0319736
         873   -0.315684   -0.211712   0.0319372
         874    -0.51677   -0.212061   0.0319026
         875   -0.317494   -0.212181   0.0318664
         876   -0.207902   -0.212177     0.03183
         877   0.0655019    -0.21186   0.0317953
         878    0.569967    -0.21097   0.0317715
         879    0.224206   -0.210474   0.0317392
         880  -0.0424834   -0.210284   0.0317037
         881   -0.314317   -0.210402    0.031668
         882   -0.179902   -0.210367   0.0316321
         883    0.148703    -0.20996   0.0315989
         884    0.265991   -0.209422   0.0315677
         885    0.524328   -0.208593   0.0315429
         886    0.812513    -0.20744   0.0315284
         887     0.56479    -0.20657   0.0315049
         888    0.109237   -0.206214   0.0314714
         889    0.353396   -0.205585   0.0314423
         890    0.581289   -0.204701   0.0314194
         891    0.258531   -0.204181   0.0313884
         892    0.599318    -0.20328   0.0313661
         893     1.44664   -0.201432   0.0313854
         894    0.817511   -0.200292    0.031371
         895     1.06506   -0.198879   0.0313678
         896    0.643008   -0.197939   0.0313468
         897    0.504916   -0.197156   0.0313217
         898    0.596466   -0.196272   0.0312993
         899    0.281277   -0.195741   0.0312689
         900  -0.0848735   -0.195617   0.0312344
         901   -0.143135   -0.195559   0.0311998
         902   -0.151733   -0.195511   0.0311653
         903   -0.360958   -0.195694   0.0311313
         904    0.161156   -0.195299   0.0310994
         905  -0.0825749   -0.195174   0.0310653
         906   -0.297272   -0.195287   0.0310312
         907   -0.084502   -0.195165   0.0309972
         908    0.251119   -0.194673    0.030967
         909   0.0820356   -0.194369   0.0309344
         910    0.142805   -0.193999   0.0309026
         911  -0.0104745   -0.193797   0.0308693
         912   -0.108214   -0.193703   0.0308356
         913    0.197447   -0.193275   0.0308048
         914    0.247403   -0.192793   0.0307749
         915   0.0257985   -0.192554   0.0307422
         916   -0.346145   -0.192721   0.0307091
         917   -0.185404   -0.192713   0.0306756
         918   0.0805942   -0.192416   0.0306436
         919    0.258641   -0.191925   0.0306142
         920    0.323908   -0.191364   0.0305861
         921   0.0485321   -0.191104    0.030554
         922   -0.186775   -0.191099   0.0305209
         923   0.0885872   -0.190796   0.0304893
         924  -0.0618979   -0.190657   0.0304566
         925   0.0841372    -0.19036   0.0304251
         926    0.227214   -0.189909   0.0303956
         927    0.342237   -0.189335   0.0303682
         928    0.654194   -0.188426   0.0303491
         929    0.371068   -0.187823   0.0303224
         930    0.638922   -0.186934   0.0303029
         931    0.110545   -0.186615    0.030272
         932    0.474064   -0.185906   0.0302478
         933   -0.020712   -0.185729   0.0302159
         934    -0.10827   -0.185646   0.0301837
         935   0.0497956   -0.185394   0.0301524
         936    0.176983   -0.185007   0.0301227
         937    0.152385   -0.184647   0.0300927
         938    0.372375   -0.184053   0.0300665
         939    0.666632   -0.183147   0.0300481
         940    0.522059   -0.182397   0.0300255
         941    0.571776   -0.181595   0.0300043
         942    0.284085   -0.181101   0.0299765
         943    0.280938   -0.180611   0.0299487
         944    0.402723   -0.179993   0.0299234
         945    0.316535   -0.179468   0.0298963
         946    0.444422   -0.178808    0.029872
         947     0.49557   -0.178096   0.0298489
         948    0.122273   -0.177779   0.0298191
         949   -0.112398    -0.17771   0.0297878
         950   -0.195451   -0.177729   0.0297565
         951   -0.240602   -0.177795   0.0297252
         952   -0.252295   -0.177873   0.0296941
         953   -0.446552   -0.178155   0.0296643
         954   -0.250067   -0.178231   0.0296333
         955   -0.127997   -0.178178   0.0296023
         956   -0.265377   -0.178269   0.0295715
         957    0.170774   -0.177905   0.0295428
         958    0.243983   -0.177464   0.0295153
         959    0.557689   -0.176698   0.0294945
         960     0.56987    -0.17592    0.029474
         961     0.19306   -0.175536   0.0294458
         962    0.193344   -0.175153   0.0294177
         963   0.0221645   -0.174948   0.0293879
         964    0.348987   -0.174404   0.0293624
         965   0.0281595   -0.174194   0.0293327
         966    0.368216   -0.173633   0.0293077
         967 -0.00413557   -0.173457    0.029278
         968    0.267028   -0.173002   0.0292512
         969   -0.299466   -0.173133   0.0292213
         970   -0.547216   -0.173519   0.0291938
         971   -0.499324   -0.173854   0.0291656
         972    -0.50718   -0.174197   0.0291376
         973   -0.151342   -0.174174   0.0291077
         974   -0.186405   -0.174186   0.0290778
         975   -0.133603   -0.174144    0.029048
         976  -0.0953774   -0.174064   0.0290184
         977  -0.0231128   -0.173909   0.0289891
         978    0.130033   -0.173598   0.0289611
         979   0.0901699   -0.173329   0.0289328
         980   -0.387834   -0.173548   0.0289041
         981   -0.288098   -0.173665   0.0288749
         982   -0.292599   -0.173786   0.0288457
         983    0.247337   -0.173357   0.0288195
         984   -0.190534   -0.173375   0.0287903
         985    0.140434   -0.173056   0.0287628
         986   0.0188773   -0.172862   0.0287343
         987    0.223224    -0.17246    0.028708
         988    0.418332   -0.171862   0.0286851
         989    0.449928   -0.171234    0.028663
         990    0.443725   -0.170612   0.0286408
         991    0.514876   -0.169921   0.0286203
         992    0.249274   -0.169498   0.0285945
         993    0.737066   -0.168585   0.0285803
         994     1.16076   -0.167248   0.0285828
         995    0.548697   -0.166528   0.0285632
         996    0.919385   -0.165438   0.0285553
         997    0.755314   -0.164515   0.0285416
         998    0.372566   -0.163976    0.028518
         999    0.213279   -0.163599    0.028492
        1000    0.546151   -0.162889   0.0284723
        1001    0.454347   -0.162272   0.0284506
        1002    0.210412     -0.1619   0.0284246
        1003   0.0447514   -0.161694    0.028397
        1004    0.409864   -0.161125   0.0283744
        1005  -0.0724352   -0.161037   0.0283463
        1006    0.047463    -0.16083   0.0283189
        1007   -0.352955    -0.16102   0.0282914
        1008   -0.508035   -0.161365   0.0282655
        1009   -0.603448   -0.161803   0.0282409
        1010   -0.278817   -0.161919   0.0282131
        1011    -0.61919   -0.162371   0.0281888
        1012    -0.96892   -0.163168   0.0281723
        1013    -0.92454    -0.16392   0.0281545
        1014   -0.680371   -0.164429   0.0281313
        1015   -0.642879     -0.1649   0.0281075
        1016   -0.314461   -0.165047   0.0280803
        1017   -0.209321   -0.165091   0.0280527
        1018  -0.0780684   -0.165005   0.0280253
        1019   -0.145129   -0.164986   0.0279978
        1020   -0.405064   -0.165221   0.0279713
        1021   -0.184036    -0.16524   0.0279439
        1022    -0.40998   -0.165479   0.0279176
        1023    0.268353   -0.165055   0.0278935
        1024    0.057486   -0.164838   0.0278671
        1025    0.441175   -0.164247   0.0278462
        1026    0.490078   -0.163609   0.0278264
        1027    0.251516   -0.163205   0.0278022
        1028     0.36903   -0.162687     0.02778
        1029    0.173283    -0.16236   0.0277549
        1030    0.245643   -0.161964   0.0277308
        1031  -0.0312301   -0.161838   0.0277042
        1032    0.267181   -0.161422   0.0276805
        1033    0.394743   -0.160883   0.0276589
        1034    0.423434   -0.160318   0.0276379
        1035    0.123746   -0.160044   0.0276126
        1036     0.49784   -0.159409   0.0275932
        1037    0.622366   -0.158655   0.0275769
        1038    0.353661   -0.158161   0.0275548
        1039    0.402321   -0.157622   0.0275335
        1040    0.368952   -0.157116   0.0275117
        1041   0.0684328   -0.156899   0.0274861
        1042    0.151637   -0.156603   0.0274614
        1043   -0.135167   -0.156582    0.027435
        1044    0.350841   -0.156096   0.0274131
        1045    0.510046   -0.155459   0.0273942
        1046    0.151721   -0.155165   0.0273696
        1047    0.270403   -0.154759   0.0273465
        1048    0.509174   -0.154125   0.0273277
        1049    0.401404   -0.153596   0.0273068
        1050   -0.191439   -0.153632   0.0272808
        1051   -0.636036   -0.154091   0.0272587
        1052   -0.507287   -0.154426   0.0272349
        1053   -0.483004   -0.154738   0.0272108
        1054   -0.167183    -0.15475    0.027185
        1055  -0.0912621    -0.15469   0.0271593
        1056   -0.282184   -0.154811   0.0271339
        1057   -0.388424   -0.155032   0.0271091
        1058     -0.8321   -0.155672    0.027091
        1059   -0.745775   -0.156229   0.0270712
        1060   -0.620913   -0.156667   0.0270492
        1061    -0.61565     -0.1571   0.0270271
        1062   -0.355222   -0.157286   0.0270023
        1063   -0.326758   -0.157446   0.0269774
        1064   -0.269505   -0.157551   0.0269523
        1065   -0.505675   -0.157878   0.0269289
        1066   -0.261644   -0.157975   0.0269038
        1067    -0.77825   -0.158557   0.0268849
        1068   -0.612565   -0.158982   0.0268631
        1069   -0.594967    -0.15939   0.0268411
        1070   -0.232453   -0.159458   0.0268161
        1071    0.160008    -0.15916   0.0267927
        1072     -0.2974   -0.159289    0.026768
        1073   -0.374086   -0.159489   0.0267438
        1074   -0.450015   -0.159759   0.0267203
        1075   -0.345412   -0.159932    0.026696
        1076    0.286914   -0.159517   0.0266744
        1077   -0.283397   -0.159632   0.0266499
        1078   -0.272145   -0.159736   0.0266254
        1079   -0.218777   -0.159791   0.0266007
        1080   0.0218451   -0.159623   0.0265766
        1081   0.0502706   -0.159429   0.0265528
        1082    0.148436   -0.159144   0.0265297
        1083   -0.127323   -0.159115   0.0265053
        1084   0.0575171   -0.158915   0.0264816
        1085   0.0463721   -0.158726   0.0264578
        1086  -0.0787486   -0.158652   0.0264336
        1087    0.164261   -0.158355   0.0264109
        1088   0.0587447   -0.158155   0.0263874
        1089  -0.0201803   -0.158029   0.0263635
        1090   -0.273146   -0.158134   0.0263395
        1091   -0.128524   -0.158107   0.0263154
        1092  -0.0513725   -0.158009   0.0262915
        1093    -0.52453   -0.158345   0.0262695
        1094   -0.319888   -0.158492   0.0262459
        1095   -0.243595    -0.15857   0.0262221
        1096    -0.13977   -0.158553   0.0261982
        1097    0.137283   -0.158283   0.0261757
        1098    0.342467   -0.157827   0.0261558
        1099    0.108731   -0.157585   0.0261331
        1100   -0.225174   -0.157646   0.0261095
        1101   -0.384394   -0.157852   0.0260865
        1102   -0.313015   -0.157993   0.0260633
        1103   -0.107717   -0.157947   0.0260397
        1104    0.354724   -0.157483   0.0260202
        1105   0.0285557   -0.157314   0.0259972
        1106   -0.263513   -0.157411   0.0259739
        1107   -0.719862   -0.157919   0.0259554
        1108   -0.717857   -0.158424   0.0259369
        1109   -0.501215   -0.158733   0.0259153
        1110    0.189147    -0.15842   0.0258939
        1111   0.0942585   -0.158192   0.0258716
        1112   -0.259081   -0.158283   0.0258485
        1113  -0.0589427   -0.158194   0.0258254
        1114   -0.391218   -0.158403   0.0258031
        1115    -0.47797   -0.158689   0.0257815
        1116   -0.594991    -0.15908   0.0257614
        1117   -0.702199   -0.159567   0.0257429
        1118   -0.423277   -0.159803    0.025721
        1119   -0.155285   -0.159798    0.025698
        1120    0.338979   -0.159353   0.0256789
        1121    0.311939   -0.158933   0.0256594
        1122    0.512015   -0.158335   0.0256435
        1123    0.389725   -0.157847   0.0256253
        1124    0.357562   -0.157388   0.0256066
        1125    0.236831   -0.157038   0.0255863
        1126   0.0713594   -0.156835   0.0255644
        1127   -0.188733   -0.156863   0.0255417
        1128   -0.430415   -0.157106   0.0255202
        1129   -0.708159   -0.157594   0.0255023
        1130    -0.64498   -0.158025   0.0254833
        1131   -0.558761   -0.158379   0.0254633
        1132   -0.932188   -0.159063   0.0254499
        1133   -0.729531   -0.159567   0.0254325
        1134   -0.942195   -0.160257   0.0254194
        1135   -0.593092   -0.160638   0.0253999
        1136   -0.382656   -0.160833   0.0253783
        1137   -0.482187   -0.161116   0.0253575
        1138  -0.0736786   -0.161039   0.0253353
        1139  -0.0514029   -0.160943   0.0253133
        1140     0.40077    -0.16045   0.0252959
        1141    0.717597   -0.159681   0.0252854
        1142    0.462231   -0.159136   0.0252691
        1143   0.0174939   -0.158982   0.0252475
        1144   0.0107593   -0.158833   0.0252259
        1145    0.501635   -0.158256   0.0252104
        1146    0.135296      -0.158   0.0251897
        1147     0.19861   -0.157689   0.0251697
        1148    0.170969   -0.157403   0.0251494
        1149   -0.222146   -0.157459   0.0251276
        1150   -0.679856   -0.157914   0.0251098
        1151   -0.927334   -0.158582   0.0250969
        1152   -0.617306    -0.15898   0.0250783
        1153   -0.227843    -0.15904   0.0250566
        1154   -0.475705   -0.159314   0.0250364
        1155   -0.356709   -0.159485   0.0250153
        1156   -0.290705   -0.159599   0.0249939
        1157   -0.451693   -0.159851   0.0249736
        1158   -0.543023   -0.160182   0.0249542
        1159   -0.657243   -0.160611   0.0249364
        1160   -0.849203   -0.161205   0.0249219
        1161    -1.00539   -0.161932   0.0249111
        1162   -0.759085   -0.162446   0.0248949
        1163   -0.811891   -0.163004   0.0248798
        1164   -0.883295   -0.163623   0.0248661
        1165   -0.661703   -0.164051   0.0248484
        1166   -0.308846   -0.164175   0.0248274
        1167   -0.555384    -0.16451   0.0248084
        1168   -0.817019   -0.165069   0.0247935
        1169    -0.26898   -0.165157   0.0247724
        1170   -0.447158   -0.165398   0.0247524
        1171   -0.617073   -0.165784   0.0247343
        1172   -0.728491   -0.166264   0.0247178
        1173   -0.491185   -0.166541   0.0246983
        1174   -0.559034   -0.166876   0.0246795
        1175   -0.581407   -0.167228   0.0246611
        1176   -0.848806   -0.167808   0.0246469
        1177   -0.355407   -0.167967   0.0246265
        1178   -0.571172    -0.16831    0.024608
        1179   -0.695551   -0.168757   0.0245911
        1180   -0.773417   -0.169269   0.0245756
        1181   -0.452038   -0.169509    0.024556
        1182   -0.484813   -0.169775   0.0245367
        1183   -0.179728   -0.169784   0.0245159
        1184   0.0837978    -0.16957   0.0244962
        1185   0.0318998     -0.1694   0.0244761
        1186    0.202301   -0.169086   0.0244575
        1187    0.234177   -0.168747   0.0244392
        1188 -0.00871546   -0.168612    0.024419
        1189    0.131464   -0.168359   0.0243998
        1190    0.208257   -0.168043   0.0243813
        1191    0.157058    -0.16777   0.0243624
        1192    0.354902   -0.167332   0.0243459
        1193    0.658995   -0.166639   0.0243353
        1194    0.440669    -0.16613   0.0243203
        1195    0.742825    -0.16537   0.0243118
        1196     0.83576   -0.164533   0.0243059
        1197    0.768448   -0.163753   0.0242981
        1198    0.681236   -0.163048    0.024288
        1199    0.755519   -0.162282   0.0242798
        1200    0.440727   -0.161779   0.0242648
        1201    0.328925   -0.161371    0.024248
        1202    0.017235   -0.161222   0.0242283
        1203   -0.132879   -0.161198   0.0242082
        1204   -0.183656   -0.161217   0.0241881
        1205   0.0041706    -0.16108   0.0241684
        1206   0.0355141   -0.160917   0.0241489
        1207    0.421078   -0.160435   0.0241337
        1208    0.413897   -0.159959   0.0241184
        1209    0.589831   -0.159339   0.0241065
        1210    0.398735   -0.158878   0.0240909
        1211    0.151558   -0.158621   0.0240724
        1212    0.422632   -0.158142   0.0240573
        1213       1.172   -0.157045   0.0240625
        1214    0.606535   -0.156416   0.0240509
        1215    0.192207   -0.156129   0.0240328
        1216     0.32568   -0.155733   0.0240163
        1217    0.585171   -0.155124   0.0240043
        1218    0.634336   -0.154476   0.0239933
        1219    0.556343   -0.153893   0.0239807
        1220     1.01119   -0.152938   0.0239801
        1221     1.02028   -0.151977   0.0239797
        1222    0.466627   -0.151471   0.0239654
        1223     1.03109   -0.150504   0.0239653
        1224    0.716381   -0.149796   0.0239562
        1225    0.788065    -0.14903   0.0239489
        1226    0.724272   -0.148318   0.0239399
        1227     1.14334   -0.147265   0.0239435
        1228     0.76842    -0.14652   0.0239356
        1229    0.798775    -0.14575   0.0239285
        1230    0.718184   -0.145048   0.0239194
        1231    0.772737   -0.144302   0.0239116
        1232    0.129932    -0.14408   0.0238932
        1233    0.438828   -0.143607   0.0238785
        1234    0.155826   -0.143364   0.0238604
        1235   -0.140177   -0.143362   0.0238411
        1236   0.0286163   -0.143223   0.0238222
        1237     0.31613   -0.142851   0.0238058
        1238     0.70956   -0.142163   0.0237965
        1239    0.489622   -0.141653   0.0237828
        1240     1.00137   -0.140731   0.0237815
        1241       1.215   -0.139639   0.0237874
        1242      1.2321   -0.138534   0.0237939
        1243     1.75006   -0.137015   0.0238232
        1244     1.89569   -0.135381     0.02386
        1245     1.17761   -0.134326   0.0238641
        1246     0.75028   -0.133616   0.0238555
        1247    0.548351   -0.133069   0.0238427
        1248    0.683832   -0.132415   0.0238325
        1249     0.67546   -0.131768   0.0238222
        1250    0.647039   -0.131145   0.0238113
        1251    0.946532   -0.130284   0.0238079
        1252    0.981591   -0.129395   0.0238054
        1253    0.723324   -0.128715   0.0237961
        1254    0.499626   -0.128214   0.0237824
        1255    0.949563   -0.127355    0.023779
        1256     1.05694   -0.126412   0.0237787
        1257    0.833558   -0.125648   0.0237721
        1258    0.850222   -0.124873   0.0237658
        1259     1.25341   -0.123778   0.0237722
        1260     1.13597   -0.122778   0.0237743
        1261    0.904505   -0.121964   0.0237694
        1262    0.863683   -0.121183   0.0237634
        1263    0.911933   -0.120365   0.0237587
        1264    0.658531   -0.119748   0.0237479
        1265    0.609372   -0.119172   0.0237361
        1266    0.692764   -0.118531    0.023726
        1267    0.264692   -0.118228   0.0237092
        1268    0.152045   -0.118015   0.0236915
        1269    0.176795   -0.117783   0.0236739
        1270    0.183749   -0.117545   0.0236565
        1271   0.0977871   -0.117376   0.0236385
        1272   0.0692551   -0.117229   0.0236203
        1273   -0.097352   -0.117213   0.0236018
        1274     0.29259   -0.116892   0.0235855
        1275  -0.0937028   -0.116874    0.023567
        1276     0.10564   -0.116699   0.0235491
        1277   0.0429416   -0.116574    0.023531
        1278    0.380113   -0.116186   0.0235158
        1279    0.494565   -0.115708   0.0235023
        1280    0.762481   -0.115022   0.0234939
        1281    0.577931   -0.114481   0.0234818
        1282    0.662629   -0.113875   0.0234713
        1283    0.642947   -0.113285   0.0234605
        1284    0.545214   -0.112772   0.0234478
        1285   -0.140837   -0.112794   0.0234296
        1286    0.132186   -0.112603   0.0234121
        1287    0.283402   -0.112296   0.0233959
        1288   0.0140939   -0.112198    0.023378
        1289    0.362485   -0.111829   0.0233627
        1290    0.135215   -0.111638   0.0233454
        1291    0.246474    -0.11136    0.023329
        1292    0.311877   -0.111033   0.0233132
        1293 -0.00532646   -0.110951   0.0232953
        1294    -0.06346   -0.110914   0.0232774
        1295    0.406144   -0.110515   0.0232628
        1296    0.126539   -0.110332   0.0232456
        1297    0.142639   -0.110137   0.0232285
        1298    0.463242   -0.109695   0.0232148
        1299    0.630203   -0.109126   0.0232039
        1300     0.58446   -0.108592   0.0231922
        1301  -0.0160137   -0.108521   0.0231745
        1302    0.371689   -0.108152   0.0231596
        1303    0.362073   -0.107791   0.0231446
        1304    0.350091    -0.10744   0.0231296
        1305    0.557123   -0.106931   0.0231174
        1306    0.463654   -0.106494   0.0231039
        1307     0.80179   -0.105799   0.0230966
        1308    0.764713   -0.105134   0.0230886
        1309     1.00401   -0.104286   0.0230865
        1310     1.29292    -0.10322   0.0230935
        1311     1.05198   -0.102339   0.0230927
        1312    0.715112   -0.101716   0.0230835
        1313    0.555368   -0.101215   0.0230713
        1314    0.589294    -0.10069   0.0230597
        1315    0.157151   -0.100494    0.023043
        1316    0.133976   -0.100315   0.0230262
        1317   -0.376119   -0.100525   0.0230097
        1318   -0.148904   -0.100562   0.0229922
        1319  -0.0427705   -0.100518   0.0229749
        1320   0.0716897   -0.100387   0.0229578
        1321    0.300682   -0.100084   0.0229425
        1322    0.155171  -0.0998906   0.0229259
        1323    0.785352  -0.0992215   0.0229183
        1324   0.0995907  -0.0990713   0.0229015
        1325   -0.356973   -0.099266   0.0228851
        1326   -0.257543  -0.0993853   0.0228681
        1327    0.177956  -0.0991763   0.0228518
        1328    0.393213  -0.0988056   0.0228376
        1329    0.644664  -0.0982462   0.0228273
        1330    0.451917  -0.0978325   0.0228139
        1331    0.551731  -0.0973445    0.022802
        1332    0.308768  -0.0970396   0.0227869
        1333   0.0639924  -0.0969188   0.0227701
        1334    0.465477  -0.0964972    0.022757
        1335    0.226839   -0.096255   0.0227412
        1336    0.416497  -0.0958712   0.0227274
        1337    0.608152  -0.0953446   0.0227165
        1338    0.568036  -0.0948488   0.0227049
        1339    0.175976  -0.0946466   0.0226889
        1340   -0.125024  -0.0946692    0.022672
        1341   -0.192537  -0.0947422   0.0226552
        1342   -0.447383   -0.095005   0.0226398
        1343   -0.404636  -0.0952355   0.0226241
        1344    0.529636  -0.0947706   0.0226121
        1345    0.435266  -0.0943765   0.0225987
        1346    0.125906  -0.0942129   0.0225825
        1347    0.427925  -0.0938252   0.0225691
        1348   0.0615151    -0.09371   0.0225526
        1349    0.295457  -0.0934215   0.0225377
        1350  -0.0391734  -0.0933813   0.0225211
        1351   -0.188599  -0.0934518   0.0225045
        1352   -0.597175  -0.0938244    0.022491
        1353   -0.341007  -0.0940071   0.0224751
        1354   -0.343358  -0.0941912   0.0224592
        1355   -0.363307  -0.0943898   0.0224435
        1356   -0.397728  -0.0946135   0.0224281
        1357   -0.262432  -0.0947372   0.0224119
        1358  0.00244898  -0.0946657   0.0223955
        1359  -0.0996478  -0.0946693    0.022379
        1360   -0.040484  -0.0946295   0.0223626
        1361    0.313204  -0.0943298   0.0223482
        1362    0.099522  -0.0941875   0.0223323
        1363    0.807532  -0.0935259   0.0223257
        1364     1.31401   -0.092494   0.0223331
        1365     1.52151  -0.0913116    0.022348
        1366     1.24224  -0.0903353    0.022353
        1367    0.491874  -0.0899094   0.0223407
        1368    0.108307  -0.0897645   0.0223248
        1369    0.540116  -0.0893044   0.0223133
        1370    0.701638  -0.0887271   0.0223045
        1371    0.398626  -0.0883716    0.022291
        1372    0.468469  -0.0879658   0.0222785
        1373    0.151553  -0.0877913   0.0222629
        1374    0.113585  -0.0876448   0.0222472
        1375    0.716511  -0.0870599   0.0222387
        1376     0.63251   -0.086537   0.0222287
        1377    0.668253  -0.0859888   0.0222193
        1378    0.478649  -0.0855791    0.022207
        1379    0.037447  -0.0854899    0.022191
        1380   -0.803819  -0.0860104   0.0221811
        1381    -0.57279  -0.0863629   0.0221678
        1382   -0.477311  -0.0866458   0.0221536
        1383   -0.430997  -0.0868948    0.022139
        1384   -0.462036  -0.0871658   0.0221246
        1385   -0.522597  -0.0874802   0.0221109
        1386   -0.879797  -0.0880519   0.0221023
        1387   -0.664452  -0.0884674   0.0220903
        1388   -0.532278  -0.0887872   0.0220767
        1389   -0.443733  -0.0890427   0.0220623
        1390   -0.576012  -0.0893931   0.0220492
        1391   -0.618665  -0.0897736   0.0220366
        1392   -0.501572  -0.0900694   0.0220228
        1393  -0.0931946  -0.0900716   0.0220069
        1394  -0.0892003   -0.090071   0.0219912
        1395  -0.0623159  -0.0900511   0.0219754
        1396   -0.104012  -0.0900611   0.0219597
        1397  -0.0416005  -0.0900264    0.021944
        1398   -0.241206  -0.0901346   0.0219285
        1399    -0.44462   -0.090388   0.0219143
        1400   -0.633767  -0.0907761   0.0219021
        1401   -0.643204  -0.0911704     0.02189
        1402   -0.743668  -0.0916358   0.0218794
        1403   -0.404693  -0.0918589   0.0218649
        1404  -0.0752769  -0.0918471   0.0218493
        1405   0.0373755  -0.0917551    0.021834
        1406    0.293987  -0.0914808   0.0218202
        1407    0.347642  -0.0911687   0.0218069
        1408      0.6042  -0.0906748    0.021797
        1409   0.0562375  -0.0905706   0.0217818
        1410    0.142774  -0.0904051    0.021767
        1411    0.068231  -0.0902926   0.0217518
        1412  -0.0365113  -0.0902545   0.0217365
        1413   0.0734135  -0.0901387   0.0217214
        1414  -0.0378529  -0.0901017   0.0217061
        1415  -0.0531986  -0.0900757   0.0216907
        1416    -0.33766  -0.0902505   0.0216761
        1417   -0.244825  -0.0903596   0.0216611
        1418   -0.458998  -0.0906196   0.0216474
        1419   -0.532351  -0.0909309   0.0216344
        1420  -0.0839189  -0.0909259   0.0216191
        1421  0.00672812  -0.0908572    0.021604
        1422   -0.162231  -0.0909074   0.0215889
        1423   -0.109812  -0.0909207   0.0215737
        1424   -0.402001  -0.0911391   0.0215597
        1425    -0.25967  -0.0912574   0.0215449
        1426   -0.198357  -0.0913325   0.0215299
        1427   -0.341834  -0.0915081   0.0215155
        1428   -0.429053  -0.0917444   0.0215018
        1429   -0.107742  -0.0917556   0.0214867
        1430   -0.283641  -0.0918898   0.0214721
        1431  -0.0773401  -0.0918796   0.0214571
        1432    0.142207  -0.0917162   0.0214427
        1433   -0.224844  -0.0918091    0.021428
        1434   -0.477537  -0.0920781   0.0214147
        1435  -0.0817774  -0.0920709   0.0213998
        1436     0.37301   -0.091747   0.0213873
        1437    0.723388  -0.0911798     0.02138
        1438    0.539351  -0.0907413   0.0213696
        1439   -0.244493  -0.0908481    0.021355
        1440    0.313951   -0.090567    0.021342
        1441    0.328706  -0.0902761   0.0213292
        1442  -0.0279764  -0.0902329   0.0213145
        1443   -0.139274  -0.0902668   0.0212997
        1444-0.000883458  -0.0902049   0.0212851
        1445    0.822389  -0.0895734   0.0212797
        1446    0.644974  -0.0890654   0.0212711
        1447     0.77422  -0.0884688   0.0212647
        1448    0.945294  -0.0877549    0.021262
        1449    0.785823   -0.087152   0.0212559
        1450    0.423545  -0.0867998   0.0212441
        1451     1.03422  -0.0860272   0.0212435
        1452     0.88145  -0.0853609   0.0212394
        1453     1.12956  -0.0845247   0.0212412
        1454    0.989404  -0.0837861   0.0212394
        1455     1.04184  -0.0830125   0.0212389
        1456     1.67823  -0.0818029   0.0212587
        1457     1.51038  -0.0807101   0.0212722
        1458    0.753036  -0.0801383   0.0212653
        1459    0.412833  -0.0798004   0.0212534
        1460    0.421698  -0.0794569   0.0212416
        1461    0.557706  -0.0790208   0.0212316
        1462    0.555199   -0.078587   0.0212215
        1463    0.359518  -0.0782875   0.0212091
        1464    0.448407  -0.0779277   0.0211977
        1465    0.566229   -0.077488   0.0211878
        1466    0.576693  -0.0770418    0.021178
        1467    0.371265  -0.0767362   0.0211658
        1468    0.538171  -0.0763173   0.0211555
        1469     0.62822  -0.0758377   0.0211465
        1470    0.817113  -0.0752303   0.0211409
        1471    0.820209  -0.0746216   0.0211353
        1472     1.27377  -0.0737055   0.0211407
        1473     1.49354  -0.0726415   0.0211531
        1474      1.0695  -0.0718667    0.021153
        1475     1.27854  -0.0709512   0.0211584
        1476     1.13735  -0.0701325   0.0211599
        1477     1.46905  -0.0690904   0.0211713
        1478     1.04772  -0.0683348   0.0211704
        1479    0.944449    -0.06765   0.0211672
        1480     1.36278  -0.0666835   0.0211749
        1481     1.16207  -0.0658538   0.0211769
        1482    0.796024  -0.0652723   0.0211706
        1483    0.780482   -0.064702    0.021164
        1484    0.449448  -0.0643555   0.0211525
        1485    0.543494  -0.0639462   0.0211423
        1486    0.476473  -0.0635825   0.0211312
        1487    0.448097  -0.0632384   0.0211198
        1488    0.239731  -0.0630348   0.0211065
        1489    0.367735  -0.0627455   0.0210943
        1490    0.453865  -0.0623988    0.021083
        1491    0.387007  -0.0620974   0.0210711
        1492    0.206867  -0.0619171   0.0210577
        1493    0.169591   -0.061762   0.0210442
        1494  -0.0188932  -0.0617333   0.0210301
        1495    0.187037  -0.0615669   0.0210167
        1496    0.179822  -0.0614056   0.0210033
        1497   -0.358881  -0.0616043   0.0209902
        1498   -0.314874  -0.0617734   0.0209768
        1499    0.138217    -0.06164   0.0209633
        1500  -0.0931945   -0.061661   0.0209493
