           1    -6.59395    -6.59395           0
           2    -6.49537    -6.54466   0.0348533
           3    -6.39229    -6.49387   0.0475373
           4    -6.33035    -6.45299   0.0502449
           5     -6.3027    -6.42293   0.0483582
           6    -6.17707    -6.38195   0.0549842
           7    -6.09389     -6.3408   0.0606028
           8    -6.02989    -6.30194   0.0642927
           9     -6.0186    -6.27046   0.0643971
          10    -5.91133    -6.23454   0.0672296
          11    -5.96457       -6.21   0.0654446
          12     -6.0126    -6.19355   0.0620239
          13    -5.91653    -6.17224   0.0608033
          14    -5.83218    -6.14795   0.0611198
          15    -5.80705    -6.12522   0.0611246
          16    -5.88283    -6.11007   0.0591518
          17    -5.91336     -6.0985   0.0567929
          18     -5.8947    -6.08718   0.0547548
          19    -5.89629    -6.07713   0.0527866
          20    -5.86265    -6.06641   0.0512251
          21    -5.79229    -6.05336   0.0504216
          22     -5.7576    -6.03991   0.0498896
          23    -5.87675    -6.03282   0.0482223
          24    -5.91919    -6.02808   0.0464449
          25    -5.91122    -6.02341   0.0448217
          26    -5.76631    -6.01352   0.0441751
          27    -5.88147    -6.00863   0.0428089
          28    -5.78893    -6.00078   0.0419929
          29    -5.77418    -5.99297   0.0412654
          30    -5.76834    -5.98548   0.0405635
          31    -5.74588    -5.97775   0.0399846
          32    -5.78997    -5.97189   0.0391633
          33    -5.88316     -5.9692   0.0380687
          34    -5.88204    -5.96663   0.0370353
          35    -5.85702     -5.9635   0.0361093
          36    -5.79518    -5.95883   0.0354077
          37    -5.71194    -5.95215   0.0350738
          38    -5.79297    -5.94796   0.0344001
          39    -5.79052    -5.94393   0.0337541
          40    -5.69992    -5.93783   0.0334569
          41    -5.56466    -5.92873   0.0338563
          42    -5.47938    -5.91803   0.0346994
          43    -5.63329     -5.9114   0.0345185
          44    -5.66604    -5.90583   0.0341814
          45    -5.66826    -5.90055   0.0338271
          46    -5.73359    -5.89692   0.0332859
          47    -5.87109    -5.89637   0.0325822
          48    -5.86259    -5.89567    0.031911
          49    -5.80492    -5.89381   0.0313134
          50    -5.76846    -5.89131   0.0307874
          51    -5.84797    -5.89046   0.0301954
          52    -5.79847    -5.88869   0.0296665
          53    -5.90323    -5.88896    0.029108
          54    -5.95992    -5.89028   0.0285986
          55    -5.93489    -5.89109   0.0280902
          56     -5.8698    -5.89071   0.0275911
          57    -5.79996    -5.88912    0.027153
          58    -5.71727    -5.88615    0.026846
          59    -5.67967    -5.88265   0.0266181
          60    -5.71877    -5.87992   0.0263142
          61    -5.73745    -5.87759   0.0259863
          62    -5.71168    -5.87491   0.0257046
          63    -5.70683    -5.87224   0.0254346
          64    -5.70206    -5.86958   0.0251758
          65    -5.78894    -5.86834   0.0248191
          66    -5.75135    -5.86657   0.0245062
          67     -5.7652    -5.86506   0.0241871
          68    -5.84406    -5.86475   0.0238334
          69    -5.79439    -5.86373   0.0235098
          70    -5.76254    -5.86228   0.0232183
          71    -5.74897    -5.86069   0.0229461
          72    -5.75355     -5.8592   0.0226756
          73    -5.89346    -5.85967   0.0223698
          74    -5.81464    -5.85906   0.0220758
          75    -5.69655    -5.85689   0.0218876
          76    -5.72866    -5.85521   0.0216645
          77    -5.69206    -5.85309   0.0214865
          78    -5.70707    -5.85122   0.0212924
          79    -5.63911    -5.84853   0.0211915
          80    -5.68553    -5.84649   0.0210243
          81    -5.77483    -5.84561   0.0207834
          82     -5.7919    -5.84495   0.0205402
          83    -5.78095    -5.84418   0.0203072
          84    -5.78888    -5.84352   0.0200762
          85    -5.79061     -5.8429   0.0198496
          86    -5.82966    -5.84275   0.0196194
          87    -5.75106    -5.84169   0.0194222
          88    -5.85719    -5.84187   0.0192023
          89    -5.83808    -5.84183   0.0189866
          90    -5.81856    -5.84157   0.0187774
          91    -5.74454     -5.8405   0.0186013
          92    -5.76539    -5.83969    0.018417
          93    -5.79683    -5.83922   0.0182247
          94    -5.74983    -5.83827   0.0180556
          95    -5.66906    -5.83649   0.0179532
          96    -5.63895    -5.83443   0.0178837
          97    -5.69668    -5.83301   0.0177557
          98    -5.68366    -5.83149   0.0176398
          99    -5.71956    -5.83036   0.0174978
         100    -5.69602    -5.82902   0.0173743
         101    -5.70728    -5.82781    0.017244
         102     -5.7127    -5.82668   0.0171119
         103    -5.62993    -5.82477    0.017052
         104    -5.63958    -5.82299   0.0169808
         105    -5.67212    -5.82155   0.0168797
         106    -5.72784    -5.82067   0.0167436
         107    -5.63473    -5.81893   0.0166771
         108    -5.59491    -5.81686   0.0166512
         109    -5.60703    -5.81493   0.0166093
         110    -5.65134    -5.81345   0.0165248
         111    -5.67143    -5.81217   0.0164254
         112    -5.71458     -5.8113   0.0163018
         113    -5.74639    -5.81072   0.0161676
         114    -5.62511    -5.80909   0.0161076
         115    -5.60957    -5.80736   0.0160607
         116     -5.4817    -5.80455   0.0161658
         117    -5.61911    -5.80297   0.0161051
         118    -5.55031    -5.80082   0.0161103
         119    -5.61125    -5.79923   0.0160535
         120    -5.56104    -5.79725    0.016042
         121    -5.54234    -5.79514   0.0160471
         122    -5.57661    -5.79335   0.0160152
         123    -5.59128    -5.79171   0.0159691
         124    -5.58052       -5.79   0.0159308
         125    -5.54002      -5.788   0.0159284
         126    -5.59766    -5.78649   0.0158735
         127    -5.58717    -5.78492   0.0158259
         128    -5.65027    -5.78387   0.0157372
         129    -5.63876    -5.78275   0.0156553
         130    -5.65867    -5.78179    0.015564
         131    -5.61686    -5.78053    0.015496
         132    -5.65391    -5.77957   0.0154083
         133    -5.66191    -5.77869   0.0153178
         134    -5.61726    -5.77748   0.0152508
         135    -5.62714    -5.77637   0.0151784
         136    -5.69778    -5.77579   0.0150778
         137    -5.62689    -5.77471   0.0150069
         138    -5.75705    -5.77458   0.0148987
         139    -5.77473    -5.77458   0.0147915
         140    -5.74258    -5.77435   0.0146876
         141    -5.76616    -5.77429   0.0145836
         142    -5.71323    -5.77386   0.0144872
         143    -5.59938    -5.77264   0.0144372
         144    -5.75877    -5.77255   0.0143372
         145    -5.71791    -5.77217   0.0142433
         146    -5.63106     -5.7712   0.0141785
         147    -5.74103      -5.771   0.0140836
         148    -5.77888    -5.77105   0.0139885
         149    -5.75612    -5.77095    0.013895
         150     -5.6893    -5.77041    0.013813
         151    -5.72302    -5.77009   0.0137251
         152    -5.67352    -5.76946   0.0136495
         153    -5.59207     -5.7683   0.0136094
         154    -5.62827    -5.76739   0.0135514
         155    -5.55399    -5.76601   0.0135337
         156    -5.66709    -5.76538   0.0134618
         157    -5.69134    -5.76491   0.0133843
         158     -5.7617    -5.76489   0.0132996
         159    -5.73308    -5.76469   0.0132175
         160    -5.78425    -5.76481   0.0131354
         161    -5.80502    -5.76506   0.0130562
         162    -5.77959    -5.76515   0.0129759
         163    -5.77496    -5.76521   0.0128965
         164    -5.68478    -5.76472   0.0128272
         165    -5.74551     -5.7646   0.0127499
         166    -5.72118    -5.76434   0.0126758
         167    -5.73177    -5.76414   0.0126014
         168    -5.69114    -5.76371   0.0125339
         169    -5.72556    -5.76348   0.0124618
         170    -5.72638    -5.76327   0.0123904
         171     -5.7202    -5.76301   0.0123205
         172    -5.72582     -5.7628   0.0122507
         173    -5.73492    -5.76264    0.012181
         174    -5.67131    -5.76211   0.0121223
         175    -5.66217    -5.76154   0.0120665
         176    -5.61514    -5.76071   0.0120265
         177    -5.60052     -5.7598   0.0119926
         178    -5.52238    -5.75847   0.0119992
         179    -5.67658    -5.75801   0.0119408
         180    -5.66976    -5.75752   0.0118846
         181    -5.62833    -5.75681   0.0118403
         182    -5.62928    -5.75611    0.011796
         183    -5.63477    -5.75544   0.0117501
         184    -5.68448    -5.75506   0.0116926
         185    -5.56891    -5.75405   0.0116726
         186    -5.56759    -5.75305   0.0116528
         187    -5.58435    -5.75215   0.0116254
         188    -5.56531    -5.75115    0.011606
         189    -5.65768    -5.75066   0.0115551
         190    -5.64058    -5.75008   0.0115088
         191    -5.63417    -5.74947   0.0114645
         192    -5.70803    -5.74926   0.0114068
         193    -5.64053    -5.74869   0.0113616
         194    -5.65856    -5.74823   0.0113126
         195    -5.58097    -5.74737    0.011287
         196    -5.51315    -5.74618   0.0112925
         197    -5.49132    -5.74488    0.011309
         198    -5.50862    -5.74369   0.0113147
         199    -5.52453    -5.74259   0.0113113
         200    -5.54023    -5.74158   0.0112999
         201    -5.61963    -5.74097     0.01126
         202    -5.61082    -5.74033   0.0112227
         203    -5.60922    -5.73968   0.0111859
         204    -5.66135     -5.7393   0.0111377
         205    -5.60918    -5.73866   0.0111014
         206    -5.54198    -5.73771   0.0110885
         207    -5.51776    -5.73664   0.0110857
         208    -5.54773    -5.73574   0.0110696
         209    -5.44075    -5.73432   0.0111062
         210    -5.45092    -5.73297    0.011135
         211    -5.48995    -5.73182   0.0111417
         212    -5.61366    -5.73127   0.0111031
         213     -5.5612    -5.73047   0.0110796
         214    -5.67679    -5.73022   0.0110307
         215    -5.71177    -5.73013   0.0109797
         216    -5.63347    -5.72968    0.010938
         217    -5.57275    -5.72896   0.0109115
         218    -5.64809    -5.72859   0.0108677
         219    -5.72132    -5.72856   0.0108181
         220    -5.66675    -5.72827   0.0107726
         221    -5.56235    -5.72752     0.01075
         222    -5.52044    -5.72659    0.010742
         223    -5.58024    -5.72593   0.0107138
         224     -5.4881    -5.72487   0.0107185
         225    -5.40511    -5.72345   0.0107646
         226    -5.37054    -5.72189   0.0108297
         227    -5.30744    -5.72006   0.0109348
         228    -5.21554    -5.71785   0.0111085
         229    -5.21102    -5.71564   0.0112783
         230    -5.29057    -5.71379   0.0113797
         231    -5.32329     -5.7121   0.0114553
         232    -5.39379    -5.71073   0.0114878
         233    -5.33087     -5.7091   0.0115536
         234    -5.47468     -5.7081   0.0115476
         235    -5.41818    -5.70686   0.0115641
         236    -5.28443    -5.70507   0.0116528
         237    -5.36386    -5.70363   0.0116923
         238    -5.22998    -5.70164   0.0118113
         239    -5.18209    -5.69947   0.0119603
         240    -5.29528    -5.69778   0.0120284
         241    -5.34038     -5.6963   0.0120696
         242    -5.42199    -5.69517   0.0120728
         243    -5.36997    -5.69383   0.0120971
         244    -5.37605    -5.69253   0.0121174
         245    -5.45734    -5.69157   0.0121059
         246    -5.42952     -5.6905   0.0121035
         247    -5.48004    -5.68965   0.0120844
         248    -5.46149    -5.68873   0.0120707
         249    -5.42427    -5.68767   0.0120688
         250    -5.36389    -5.68637   0.0120898
         251     -5.3372    -5.68498   0.0121214
         252    -5.38706     -5.6838   0.0121309
         253    -5.52071    -5.68315      0.0121
         254    -5.56621    -5.68269   0.0120611
         255    -5.52396    -5.68207   0.0120299
         256    -5.48382     -5.6813   0.0120078
         257    -5.52109    -5.68067   0.0119773
         258    -5.43913    -5.67974   0.0119674
         259    -5.52299    -5.67913   0.0119365
         260    -5.53294    -5.67857   0.0119038
         261    -5.52279    -5.67797   0.0118731
         262    -5.60005    -5.67768   0.0118315
         263    -5.55984    -5.67723    0.011795
         264     -5.5646     -5.6768   0.0117581
         265    -5.46669    -5.67601   0.0117404
         266    -5.49342    -5.67532   0.0117163
         267     -5.5515    -5.67486   0.0116816
         268    -5.54245    -5.67436   0.0116485
         269    -5.54912     -5.6739   0.0116145
         270    -5.50339    -5.67327   0.0115886
         271    -5.48892    -5.67259   0.0115658
         272    -5.48362    -5.67189   0.0115441
         273    -5.55131    -5.67145   0.0115103
         274    -5.60628    -5.67121   0.0114707
         275    -5.55411    -5.67079   0.0114369
         276    -5.47579    -5.67008   0.0114173
         277    -5.48199     -5.6694   0.0113962
         278    -5.52863    -5.66889   0.0113665
         279     -5.4601    -5.66815   0.0113503
         280    -5.50474    -5.66756   0.0113248
         281    -5.50225    -5.66697   0.0112998
         282    -5.50444     -5.6664   0.0112744
         283    -5.42296    -5.66554   0.0112673
         284    -5.44485    -5.66476   0.0112544
         285    -5.42683    -5.66393   0.0112458
         286    -5.39161    -5.66297   0.0112468
         287    -5.42765    -5.66215   0.0112374
         288    -5.38003    -5.66117    0.011241
         289    -5.47771    -5.66054     0.01122
         290    -5.51097    -5.66002   0.0111932
         291    -5.55969    -5.65968     0.01116
         292    -5.49251    -5.65911   0.0111365
         293    -5.47525    -5.65848   0.0111161
         294    -5.50779    -5.65797   0.0110901
         295    -5.48625    -5.65738   0.0110678
         296    -5.51458     -5.6569   0.0110409
         297    -5.50894     -5.6564    0.011015
         298    -5.59698     -5.6562   0.0109798
         299    -5.61756    -5.65608   0.0109439
         300    -5.55178    -5.65573   0.0109129
         301    -5.50648    -5.65523   0.0108879
         302    -5.39943    -5.65438   0.0108848
         303    -5.51109    -5.65391   0.0108591
         304    -5.52066    -5.65347   0.0108322
         305    -5.41434    -5.65269   0.0108251
         306    -5.39053    -5.65183   0.0108235
         307     -5.4152    -5.65106   0.0108157
         308    -5.48506    -5.65052    0.010794
         309    -5.54927     -5.6502    0.010764
         310    -5.42378    -5.64946   0.0107541
         311    -5.46776    -5.64888   0.0107353
         312    -5.48571    -5.64836   0.0107137
         313    -5.49286    -5.64786   0.0106909
         314    -5.52373    -5.64747   0.0106642
         315    -5.49201    -5.64697   0.0106418
         316    -5.47617    -5.64643   0.0106218
         317    -5.45824    -5.64584   0.0106049
         318    -5.56487    -5.64558   0.0105746
         319    -5.67353    -5.64567   0.0105418
         320    -5.65382     -5.6457   0.0105089
         321    -5.60709    -5.64558   0.0104768
         322    -5.53883    -5.64524   0.0104495
         323    -5.59302    -5.64508   0.0104184
         324    -5.58243    -5.64489   0.0103881
         325    -5.62317    -5.64482   0.0103563
         326    -5.62213    -5.64475   0.0103248
         327    -5.62412    -5.64469   0.0102934
         328    -5.58031    -5.64449   0.0102639
         329    -5.62814    -5.64444   0.0102328
         330    -5.69019    -5.64458   0.0102028
         331    -5.58696    -5.64441   0.0101734
         332    -5.58745    -5.64424   0.0101442
         333    -5.64509    -5.64424   0.0101138
         334    -5.60876    -5.64413    0.010084
         335    -5.62482    -5.64408   0.0100541
         336    -5.53742    -5.64376   0.0100292
         337    -5.61931    -5.64369  0.00999968
         338    -5.59471    -5.64354  0.00997115
         339    -5.53207    -5.64321  0.00994716
         340    -5.50851    -5.64282  0.00992579
         341    -5.50497    -5.64241  0.00990491
         342    -5.34124    -5.64153  0.00991501
         343    -5.36895    -5.64074   0.0099179
         344    -5.53209    -5.64042   0.0098941
         345    -5.57068    -5.64022  0.00986749
         346    -5.51544    -5.63986  0.00984555
         347    -5.51362    -5.63949   0.0098239
         348    -5.43232     -5.6389  0.00981369
         349     -5.4239    -5.63828  0.00980489
         350    -5.39618    -5.63759  0.00980125
         351    -5.42428    -5.63698  0.00979214
         352    -5.44233    -5.63643  0.00977993
         353    -5.39105    -5.63573  0.00977689
         354    -5.36659    -5.63497  0.00977879
         355    -5.34547    -5.63416  0.00978519
         356    -5.37507    -5.63343  0.00978473
         357    -5.41541    -5.63282  0.00977636
         358    -5.33016    -5.63197  0.00978554
         359    -5.28525    -5.63101  0.00980583
         360    -5.33097    -5.63018  0.00981395
         361    -5.33789    -5.62937   0.0098201
         362     -5.2602    -5.62835  0.00984579
         363     -5.3426    -5.62756  0.00985008
         364    -5.35169     -5.6268  0.00985213
         365       -5.35    -5.62604  0.00985428
         366    -5.18002    -5.62482  0.00990243
         367    -5.23071    -5.62375   0.0099335
         368    -5.31608    -5.62291  0.00994163
         369    -5.33504    -5.62213  0.00994525
         370    -5.34535    -5.62139  0.00994647
         371    -5.34896    -5.62065  0.00994673
         372    -5.29006    -5.61976  0.00995961
         373    -5.33512      -5.619   0.0099621
         374    -5.29148    -5.61812  0.00997388
         375    -5.22711    -5.61708   0.0100016
         376    -5.29067    -5.61621   0.0100126
         377    -5.35508    -5.61552     0.01001
         378    -5.38234     -5.6149   0.0100025
         379    -5.42863    -5.61441   0.0099882
         380    -5.38511    -5.61381  0.00998012
         381     -5.2979    -5.61298  0.00998831
         382    -5.35071    -5.61229  0.00998573
         383    -5.44715    -5.61186  0.00996896
         384    -5.38595    -5.61127  0.00996035
         385    -5.38646    -5.61069  0.00995158
         386    -5.32002    -5.60994  0.00995425
         387    -5.40064     -5.6094  0.00994321
         388    -5.40219    -5.60886  0.00993191
         389    -5.32566    -5.60813  0.00993302
         390    -5.29573    -5.60733   0.0099398
         391     -5.3206     -5.6066   0.0099414
         392    -5.39507    -5.60606  0.00993067
         393    -5.43261    -5.60562   0.0099152
         394    -5.39206    -5.60508  0.00990484
         395    -5.45362    -5.60469  0.00988718
         396     -5.4055    -5.60419    0.009875
         397    -5.45019     -5.6038  0.00985775
         398    -5.45319    -5.60342  0.00984024
         399    -5.45413    -5.60305  0.00982269
         400    -5.42989    -5.60262  0.00980767
         401    -5.49924    -5.60236   0.0097866
         402    -5.50808    -5.60212  0.00976506
         403    -5.45141    -5.60175  0.00974799
         404    -5.43896    -5.60135  0.00973218
         405    -5.41957     -5.6009   0.0097185
         406    -5.41302    -5.60044  0.00970557
         407    -5.32078    -5.59975  0.00970602
         408      -5.275    -5.59895  0.00971481
         409    -5.36795    -5.59839  0.00970746
         410    -5.38342    -5.59786  0.00969793
         411    -5.36256    -5.59729  0.00969122
         412    -5.51349    -5.59709  0.00966983
         413    -5.52388    -5.59691  0.00964805
         414    -5.51651    -5.59672   0.0096267
         415    -5.44825    -5.59636  0.00961014
         416    -5.42322    -5.59594  0.00959605
         417    -5.39921    -5.59547  0.00958463
         418    -5.41136    -5.59503  0.00957181
         419    -5.42791    -5.59463  0.00955728
         420    -5.42829    -5.59424  0.00954272
         421    -5.39022    -5.59375  0.00953235
         422    -5.38516    -5.59326  0.00952257
         423    -5.38926    -5.59277  0.00951226
         424    -5.43734    -5.59241  0.00949689
         425    -5.41579    -5.59199  0.00948363
         426     -5.5042    -5.59179  0.00946361
         427     -5.4081    -5.59136  0.00945122
         428    -5.47906    -5.59109  0.00943278
         429    -5.47097    -5.59081  0.00941495
         430    -5.51641    -5.59064  0.00939464
         431    -5.54975    -5.59055  0.00937332
         432    -5.39881     -5.5901  0.00936213
         433    -5.43753    -5.58975  0.00934713
         434    -5.35488    -5.58921  0.00934125
         435    -5.37754    -5.58872  0.00933244
         436    -5.40813    -5.58831  0.00932022
         437    -5.42823    -5.58794  0.00930609
         438    -5.54593    -5.58784  0.00928534
         439     -5.5316    -5.58772  0.00926507
         440    -5.53582     -5.5876  0.00924476
         441    -5.46597    -5.58732  0.00922791
         442     -5.4819    -5.58708  0.00921012
         443    -5.54587    -5.58699   0.0091898
         444    -5.63713     -5.5871  0.00916979
         445    -5.69813    -5.58735  0.00915258
         446    -5.62948    -5.58745  0.00913255
         447    -5.60146    -5.58748  0.00911217
         448    -5.50722     -5.5873  0.00909359
         449    -5.56018    -5.58724  0.00907354
         450    -5.44248    -5.58692  0.00905908
         451    -5.45487    -5.58663  0.00904372
         452    -5.52983     -5.5865  0.00902458
         453    -5.53253    -5.58638  0.00900545
         454    -5.57028    -5.58635  0.00898568
         455    -5.59857    -5.58637  0.00896597
         456    -5.53712    -5.58626  0.00894696
         457    -5.58823    -5.58627  0.00892739
         458    -5.51289    -5.58611  0.00890933
         459    -5.50956    -5.58594  0.00889148
         460    -5.53971    -5.58584  0.00887272
         461     -5.5395    -5.58574  0.00885404
         462    -5.44834    -5.58544  0.00883987
         463    -5.41527    -5.58508  0.00882842
         464    -5.44285    -5.58477  0.00881471
         465    -5.51168    -5.58461  0.00879715
         466     -5.4708    -5.58437  0.00878167
         467     -5.4902    -5.58417  0.00876518
         468    -5.55058    -5.58409  0.00874674
         469    -5.53229    -5.58398  0.00872879
         470    -5.46092    -5.58372  0.00871414
         471    -5.42659    -5.58339  0.00870203
         472    -5.36205    -5.58292  0.00869621
         473     -5.2632    -5.58224  0.00870406
         474    -5.44911    -5.58196  0.00869023
         475    -5.52027    -5.58183   0.0086729
         476    -5.44002    -5.58153   0.0086598
         477    -5.44802    -5.58125  0.00864617
         478    -5.42887    -5.58094  0.00863395
         479    -5.33728    -5.58043   0.0086309
         480    -5.36284    -5.57997  0.00862481
         481    -5.28457    -5.57936  0.00862872
         482    -5.28807    -5.57876  0.00863196
         483    -5.33519    -5.57825   0.0086288
         484    -5.30274    -5.57768  0.00862973
         485     -5.3893    -5.57729  0.00862067
         486    -5.46082    -5.57705  0.00860627
         487     -5.4382    -5.57677  0.00859332
         488    -5.50119    -5.57661   0.0085771
         489    -5.50439    -5.57647  0.00856083
         490    -5.49141    -5.57629  0.00854512
         491    -5.47975     -5.5761  0.00852998
         492    -5.53411    -5.57601  0.00851307
         493    -5.49618    -5.57585  0.00849734
         494    -5.44014    -5.57557  0.00848458
         495    -5.46639    -5.57535  0.00847031
         496    -5.46923    -5.57514  0.00845593
         497    -5.47701    -5.57494  0.00844122
         498    -5.39792    -5.57459  0.00843175
         499    -5.47558    -5.57439  0.00841719
         500    -5.47953     -5.5742  0.00840249
         501    -5.45267    -5.57396  0.00838922
         502    -5.48222    -5.57377   0.0083745
         503    -5.45833    -5.57354    0.008361
         504    -5.49537    -5.57339  0.00834585
         505    -5.40807    -5.57306  0.00833574
         506    -5.48562    -5.57289  0.00832105
         507    -5.43218    -5.57261  0.00830927
         508    -5.47042    -5.57241  0.00829535
         509    -5.34176    -5.57196  0.00829142
         510    -5.34456    -5.57151  0.00828714
         511     -5.5215    -5.57141   0.0082715
         512    -5.44415    -5.57116  0.00825908
         513    -5.46574    -5.57096  0.00824553
         514    -5.58488    -5.57099  0.00822954
         515    -5.55047    -5.57095  0.00821365
         516    -5.56657    -5.57094  0.00819774
         517    -5.58525    -5.57097  0.00818193
         518    -5.50643    -5.57084  0.00816708
         519    -5.54658    -5.57079  0.00815148
         520    -5.49529    -5.57065   0.0081371
         521    -5.41461    -5.57035  0.00812699
         522    -5.45902    -5.57014  0.00811422
         523    -5.34706    -5.56971  0.00810991
         524    -5.33611    -5.56926  0.00810667
         525    -5.36408    -5.56887  0.00810065
         526    -5.30287    -5.56837  0.00810102
         527    -5.27269    -5.56781  0.00810505
         528    -5.20244    -5.56711  0.00811919
         529     -5.2492    -5.56651  0.00812605
         530    -5.32607    -5.56606  0.00812337
         531    -5.31898    -5.56559  0.00812139
         532    -5.41272    -5.56531   0.0081112
         533    -5.38795    -5.56497  0.00810281
         534    -5.40324    -5.56467  0.00809329
         535    -5.51388    -5.56458  0.00807872
         536    -5.31213    -5.56411  0.00807737
         537    -5.33734    -5.56368  0.00807336
         538    -5.43584    -5.56345  0.00806185
         539    -5.33991    -5.56303  0.00805755
         540    -5.28802    -5.56252  0.00805871
         541    -5.32201    -5.56208  0.00805606
         542    -5.34688    -5.56168  0.00805098
         543    -5.29745    -5.56119  0.00805084
         544     -5.2837    -5.56068  0.00805219
         545    -5.27662    -5.56016  0.00805426
         546    -5.42468    -5.55991  0.00804333
         547    -5.46871    -5.55975  0.00803036
         548    -5.48746    -5.55961  0.00801679
         549    -5.43798    -5.55939  0.00800524
         550    -5.39005    -5.55909  0.00799661
         551     -5.3704    -5.55874  0.00798942
         552     -5.4309    -5.55851  0.00797831
         553    -5.26259    -5.55798   0.0079818
         554    -5.32374    -5.55755  0.00797859
         555    -5.40299    -5.55728  0.00796907
         556    -5.48591    -5.55715  0.00795577
         557    -5.43484    -5.55693  0.00794452
         558    -5.42034    -5.55668  0.00793405
         559     -5.3875    -5.55638  0.00792563
         560    -5.39534    -5.55609  0.00791669
         561    -5.32419    -5.55568  0.00791336
         562    -5.32951    -5.55528  0.00790951
         563    -5.34412     -5.5549  0.00790435
         564    -5.37553    -5.55458  0.00789673
         565     -5.3858    -5.55428   0.0078884
         566    -5.32283    -5.55388  0.00788506
         567    -5.33344    -5.55349  0.00788073
         568    -5.35792    -5.55314  0.00787437
         569    -5.35269    -5.55279  0.00786841
         570     -5.4052    -5.55253  0.00785886
         571    -5.40792    -5.55228  0.00784918
         572    -5.34233    -5.55191  0.00784403
         573    -5.39867    -5.55164   0.0078349
         574    -5.37602    -5.55134  0.00782722
         575    -5.34052    -5.55097  0.00782219
         576    -5.26012    -5.55047  0.00782489
         577    -5.31444    -5.55006  0.00782202
         578    -5.28711     -5.5496   0.0078217
         579    -5.33178    -5.54923  0.00781724
         580    -5.33638    -5.54886  0.00781237
         581    -5.39645     -5.5486  0.00780332
         582    -5.46136    -5.54845  0.00779136
         583    -5.46124     -5.5483  0.00777943
         584    -5.48936     -5.5482  0.00776676
         585    -5.46226    -5.54805  0.00775487
         586    -5.48529    -5.54794  0.00774238
         587    -5.52125     -5.5479  0.00772932
         588    -5.54312    -5.54789  0.00771618
         589    -5.53467    -5.54787  0.00770311
         590    -5.42551    -5.54766  0.00769285
         591    -5.37315    -5.54736   0.0076855
         592    -5.36592    -5.54706  0.00767862
         593    -5.34441    -5.54672  0.00767328
         594    -5.37472    -5.54643  0.00766582
         595    -5.30374    -5.54602  0.00766378
         596    -5.34169    -5.54567  0.00765858
         597    -5.34673    -5.54534    0.007653
         598    -5.41535    -5.54512  0.00764329
         599     -5.5301     -5.5451  0.00763057
         600    -5.58255    -5.54516  0.00761811
         601    -5.51193    -5.54511  0.00760564
         602    -5.42934    -5.54491  0.00759543
         603    -5.45399    -5.54476  0.00758433
         604    -5.50287    -5.54469  0.00757209
         605    -5.41506    -5.54448  0.00756261
         606    -5.43382     -5.5443  0.00755233
         607    -5.35356    -5.54398  0.00754642
         608    -5.33648    -5.54364  0.00754173
         609    -5.35388    -5.54333  0.00753578
         610    -5.41197    -5.54311   0.0075265
         611    -5.46787    -5.54299  0.00751519
         612    -5.48973     -5.5429  0.00750341
         613    -5.52247    -5.54287  0.00749125
         614    -5.42884    -5.54269  0.00748135
         615    -5.52625    -5.54266  0.00746923
         616    -5.45482    -5.54252  0.00745847
         617    -5.47976    -5.54241  0.00744707
         618    -5.42249    -5.54222  0.00743755
         619    -5.33362    -5.54188  0.00743317
         620     -5.3651     -5.5416  0.00742664
         621    -5.40048    -5.54137  0.00741816
         622     -5.3728     -5.5411  0.00741118
         623    -5.44059    -5.54094  0.00740104
         624    -5.42264    -5.54075  0.00739161
         625    -5.41644    -5.54055  0.00738246
         626     -5.3582    -5.54026  0.00737641
         627    -5.40429    -5.54004  0.00736783
         628    -5.42034    -5.53985  0.00735856
         629    -5.45924    -5.53972  0.00734798
         630    -5.46511     -5.5396  0.00733727
         631    -5.34506     -5.5393  0.00733212
         632    -5.31079    -5.53893  0.00732943
         633    -5.29038    -5.53854  0.00732836
         634    -5.28142    -5.53814  0.00732801
         635    -5.32586     -5.5378  0.00732409
         636    -5.23938    -5.53733  0.00732759
         637    -5.28467    -5.53694  0.00732682
         638     -5.3063    -5.53657  0.00732425
         639    -5.35586    -5.53629  0.00731824
         640    -5.32482    -5.53596  0.00731426
         641    -5.27842    -5.53556  0.00731388
         642    -5.29222    -5.53518   0.0073123
         643    -5.35873    -5.53491  0.00730608
         644    -5.26852    -5.53449  0.00730643
         645    -5.22428    -5.53401  0.00731092
         646    -5.34191    -5.53371  0.00730565
         647    -5.49773    -5.53366  0.00729457
         648    -5.54981    -5.53368  0.00728335
         649    -5.50346    -5.53364  0.00727228
         650     -5.3595    -5.53337  0.00726602
         651    -5.29566      -5.533  0.00726403
         652    -5.27868    -5.53261  0.00726336
         653    -5.26793    -5.53221  0.00726353
         654    -5.29588    -5.53185  0.00726141
         655    -5.17492     -5.5313  0.00727074
         656    -5.25497    -5.53088  0.00727185
         657    -5.31223    -5.53055  0.00726839
         658     -5.2625    -5.53014  0.00726876
         659    -5.27293    -5.52975   0.0072682
         660    -5.33037    -5.52945  0.00726346
         661    -5.31614    -5.52913  0.00725964
         662    -5.46268    -5.52903  0.00724936
         663    -5.34543    -5.52875  0.00724372
         664     -5.4087    -5.52857  0.00723506
         665     -5.3659    -5.52832  0.00722832
         666    -5.35104    -5.52806  0.00722236
         667    -5.22317     -5.5276  0.00722599
         668    -5.13546    -5.52701  0.00723897
         669    -5.16085    -5.52647  0.00724882
         670     -5.2781    -5.52609  0.00724747
         671    -5.31052    -5.52577  0.00724379
         672    -5.38742    -5.52557  0.00723593
         673    -5.36548    -5.52533  0.00722909
         674    -5.45208    -5.52522  0.00721918
         675    -5.45714    -5.52512  0.00720919
         676    -5.48695    -5.52506  0.00719875
         677    -5.43242    -5.52493  0.00718941
         678    -5.46886    -5.52484  0.00717928
         679    -5.48473    -5.52479  0.00716895
         680    -5.49957    -5.52475  0.00715851
         681    -5.53928    -5.52477  0.00714803
         682     -5.3747    -5.52455  0.00714093
         683    -5.47279    -5.52447  0.00713088
         684      -5.503    -5.52444  0.00712052
         685    -5.54002    -5.52446  0.00711016
         686    -5.50908    -5.52444  0.00709984
         687    -5.40747    -5.52427  0.00709154
         688    -5.42057    -5.52412  0.00708284
         689    -5.49927    -5.52409  0.00707265
         690    -5.46896    -5.52401  0.00706285
         691    -5.44063    -5.52388  0.00705366
         692    -5.54214    -5.52391  0.00704351
         693    -5.59292    -5.52401  0.00703405
         694    -5.51299      -5.524  0.00702394
         695    -5.47088    -5.52392  0.00701425
         696    -5.45753    -5.52382  0.00700482
         697    -5.39296    -5.52364  0.00699728
         698     -5.3447    -5.52338  0.00699195
         699    -5.33351    -5.52311  0.00698722
         700    -5.34767    -5.52286  0.00698174
         701    -5.44423    -5.52274  0.00697268
         702    -5.42648    -5.52261  0.00696409
         703    -5.38543    -5.52241  0.00695692
         704    -5.39311    -5.52223  0.00694946
         705     -5.4159    -5.52208  0.00694124
         706    -5.45106    -5.52198  0.00693214
         707    -5.44669    -5.52187  0.00692315
         708     -5.3815    -5.52167  0.00691621
         709     -5.3983     -5.5215  0.00690864
         710    -5.39691    -5.52132  0.00690114
         711     -5.2339    -5.52092  0.00690327
         712    -5.20541    -5.52048  0.00690778
         713    -5.23384    -5.52007  0.00690978
         714    -5.27769    -5.51973  0.00690843
         715    -5.21034     -5.5193  0.00691231
         716    -5.20976    -5.51887  0.00691616
         717    -5.28595    -5.51854  0.00691414
         718    -5.33822    -5.51829  0.00690907
         719    -5.37102    -5.51809   0.0069025
         720    -5.30351    -5.51779  0.00689934
         721    -5.29265    -5.51748  0.00689684
         722    -5.29255    -5.51717  0.00689432
         723    -5.33336    -5.51691  0.00688947
         724    -5.38633    -5.51673  0.00688231
         725    -5.36764    -5.51653  0.00687589
         726    -5.26858    -5.51618  0.00687489
         727    -5.28829    -5.51587  0.00687258
         728    -5.30325    -5.51558  0.00686934
         729    -5.22741    -5.51518  0.00687128
         730    -5.19494    -5.51475  0.00687586
         731    -5.16625    -5.51427  0.00688296
         732    -5.10664    -5.51371  0.00689605
         733    -5.10002    -5.51315   0.0069097
         734    -5.23191    -5.51276   0.0069109
         735      -5.223    -5.51237  0.00691273
         736    -5.24358      -5.512  0.00691298
         737    -5.24555    -5.51164  0.00691305
         738    -5.20546    -5.51123  0.00691612
         739    -5.14075    -5.51073   0.0069249
         740     -5.1358    -5.51022  0.00693406
         741    -5.18424    -5.50978  0.00693864
         742     -5.2289     -5.5094  0.00693961
         743    -5.35787     -5.5092  0.00693326
         744    -5.36721    -5.50901  0.00692657
         745    -5.36957    -5.50882   0.0069198
         746    -5.55138    -5.50888  0.00691076
         747    -5.51164    -5.50888  0.00690151
         748    -5.47257    -5.50883  0.00689245
         749    -5.53356    -5.50887  0.00688333
         750    -5.54302    -5.50891   0.0068743
         751    -5.57441      -5.509   0.0068657
         752    -5.56551    -5.50907  0.00685699
         753    -5.45867    -5.50901  0.00684821
         754    -5.42582     -5.5089  0.00684001
         755    -5.43651     -5.5088  0.00683162
         756    -5.50942     -5.5088  0.00682259
         757    -5.51587    -5.50881  0.00681358
         758    -5.55321    -5.50887  0.00680484
         759    -5.52477    -5.50889  0.00679591
         760    -5.54109    -5.50893   0.0067871
         761     -5.4857     -5.5089  0.00677825
         762    -5.49314    -5.50888  0.00676939
         763    -5.43691    -5.50879  0.00676117
         764    -5.45599    -5.50872  0.00675268
         765     -5.3509    -5.50851    0.006747
         766    -5.46229    -5.50845  0.00673846
         767     -5.4416    -5.50836  0.00673024
         768    -5.43153    -5.50826  0.00672222
         769    -5.42812    -5.50816  0.00671429
         770     -5.3263    -5.50792  0.00670972
         771     -5.3965    -5.50778  0.00670257
         772    -5.42605    -5.50767  0.00669473
         773    -5.40555    -5.50754  0.00668737
         774    -5.45759    -5.50748  0.00667904
         775    -5.37595    -5.50731  0.00667258
         776    -5.37738    -5.50714  0.00666608
         777    -5.45097    -5.50707  0.00665789
         778    -5.50064    -5.50706  0.00664934
         779    -5.57224    -5.50714  0.00664133
         780    -5.54191    -5.50719  0.00663296
         781    -5.56285    -5.50726  0.00662485
         782     -5.5384     -5.5073   0.0066165
         783    -5.42355    -5.50719  0.00660892
         784    -5.47907    -5.50715  0.00660058
         785    -5.50752    -5.50716  0.00659218
         786    -5.53009    -5.50718  0.00658385
         787    -5.47317    -5.50714  0.00657563
         788    -5.42361    -5.50704  0.00656814
         789    -5.43764    -5.50695   0.0065604
         790    -5.44363    -5.50687  0.00655259
         791    -5.42666    -5.50677  0.00654509
         792    -5.45413     -5.5067  0.00653716
         793    -5.46925    -5.50665  0.00652909
         794    -5.43126    -5.50656  0.00652156
         795    -5.52677    -5.50658   0.0065134
         796    -5.52545    -5.50661  0.00650526
         797    -5.52376    -5.50663  0.00649714
         798    -5.46684    -5.50658  0.00648919
         799    -5.47127    -5.50653  0.00648122
         800    -5.51613    -5.50655  0.00647313
         801    -5.49516    -5.50653  0.00646506
         802    -5.48442     -5.5065  0.00645706
         803    -5.43943    -5.50642  0.00644956
         804    -5.33297     -5.5062  0.00644514
         805    -5.46502    -5.50615  0.00643734
         806    -5.52186    -5.50617  0.00642938
         807    -5.49005    -5.50615  0.00642144
         808    -5.57769    -5.50624  0.00641411
         809    -5.51193    -5.50625  0.00640618
         810    -5.54246    -5.50629  0.00639843
         811    -5.55027    -5.50635  0.00639077
         812     -5.5645    -5.50642   0.0063833
         813    -5.70276    -5.50666  0.00638002
         814    -5.73175    -5.50694  0.00637817
         815    -5.69778    -5.50717  0.00637464
         816    -5.63981    -5.50733   0.0063689
         817    -5.67924    -5.50754  0.00636458
         818    -5.74492    -5.50783  0.00636341
         819    -5.70535    -5.50808  0.00636021
         820    -5.62669    -5.50822   0.0063541
         821    -5.62483    -5.50836  0.00634795
         822    -5.55892    -5.50842  0.00634052
         823    -5.57648    -5.50851  0.00633336
         824    -5.44754    -5.50843   0.0063261
         825      -5.389    -5.50829  0.00632009
         826    -5.47498    -5.50825  0.00631257
         827    -5.48403    -5.50822    0.006305
         828    -5.50588    -5.50822  0.00629739
         829    -5.46984    -5.50817  0.00628996
         830    -5.50011    -5.50816  0.00628239
         831    -5.52865    -5.50818  0.00627488
         832    -5.55733    -5.50824  0.00626762
         833    -5.52647    -5.50826  0.00626013
         834    -5.57369    -5.50834  0.00625312
         835    -5.49844    -5.50833  0.00624564
         836     -5.5735    -5.50841  0.00623865
         837    -5.52678    -5.50843  0.00623124
         838    -5.46182    -5.50838  0.00622405
         839    -5.48009    -5.50834  0.00621672
         840    -5.53519    -5.50837   0.0062094
         841    -5.57714    -5.50846  0.00620256
         842    -5.54884     -5.5085  0.00619538
         843    -5.53941    -5.50854  0.00618814
         844    -5.50185    -5.50853  0.00618081
         845    -5.48737    -5.50851  0.00617355
         846    -5.53705    -5.50854  0.00616634
         847     -5.5611     -5.5086  0.00615937
         848    -5.56243    -5.50867  0.00615244
         849     -5.5754    -5.50875  0.00614569
         850    -5.58186    -5.50883  0.00613906
         851    -5.48544     -5.5088  0.00613191
         852    -5.42382     -5.5087  0.00612553
         853    -5.40554    -5.50858  0.00611954
         854    -5.45534    -5.50852  0.00611269
         855     -5.4351    -5.50844  0.00610614
         856    -5.35825    -5.50826  0.00610153
         857    -5.36816     -5.5081   0.0060966
         858    -5.35727    -5.50792  0.00609203
         859    -5.41935    -5.50782  0.00608581
         860    -5.41626    -5.50771  0.00607966
         861    -5.45027    -5.50764  0.00607297
         862    -5.43437    -5.50756  0.00606652
         863    -5.41728    -5.50745  0.00606039
         864    -5.43921    -5.50738  0.00605389
         865    -5.44562     -5.5073  0.00604731
         866    -5.36668    -5.50714  0.00604251
         867     -5.4622    -5.50709  0.00603576
         868    -5.52396    -5.50711  0.00602884
         869    -5.52711    -5.50713  0.00602195
         870    -5.61381    -5.50725  0.00601627
         871    -5.59484    -5.50736  0.00601021
         872    -5.51975    -5.50737  0.00600333
         873    -5.50356    -5.50737  0.00599646
         874    -5.54141     -5.5074  0.00598972
         875    -5.51021    -5.50741  0.00598288
         876    -5.48735    -5.50738  0.00597609
         877    -5.42719    -5.50729  0.00596998
         878    -5.31624    -5.50708  0.00596714
         879    -5.40428    -5.50696   0.0059615
         880     -5.4833    -5.50693  0.00595479
         881    -5.55127    -5.50698  0.00594824
         882    -5.50267    -5.50698   0.0059415
         883    -5.43968     -5.5069  0.00593526
         884    -5.41641     -5.5068  0.00592943
         885    -5.35881    -5.50663  0.00592508
         886    -5.31668    -5.50642  0.00592227
         887    -5.35855    -5.50625  0.00591794
         888    -5.45928     -5.5062  0.00591151
         889    -5.40715    -5.50609  0.00590591
         890    -5.34844    -5.50591  0.00590193
         891    -5.44343    -5.50584  0.00589573
         892     -5.3896    -5.50571  0.00589056
         893    -5.18033    -5.50534  0.00589522
         894    -5.34667    -5.50517   0.0058913
         895    -5.27336    -5.50491   0.0058904
         896    -5.35993    -5.50475  0.00588605
         897    -5.37669     -5.5046  0.00588122
         898    -5.36195    -5.50444  0.00587682
         899    -5.41354    -5.50434  0.00587115
         900    -5.47539    -5.50431  0.00586471
         901     -5.4965     -5.5043  0.00585821
         902      -5.499     -5.5043  0.00585172
         903    -5.55407    -5.50435   0.0058455
         904    -5.42392    -5.50426  0.00583971
         905    -5.50072    -5.50426  0.00583326
         906    -5.52245    -5.50428  0.00582685
         907    -5.48227    -5.50425  0.00582048
         908    -5.39991    -5.50414   0.0058152
         909    -5.42627    -5.50405  0.00580944
         910    -5.43845    -5.50398   0.0058035
         911    -5.45732    -5.50393  0.00579736
         912    -5.50083    -5.50393    0.005791
         913    -5.44872    -5.50387  0.00578497
         914    -5.40805    -5.50376  0.00577959
         915    -5.44758     -5.5037   0.0057736
         916    -5.52663    -5.50373  0.00576736
         917    -5.50382    -5.50373  0.00576107
         918    -5.44296    -5.50366  0.00575517
         919    -5.41197    -5.50356  0.00574977
         920    -5.40607    -5.50345   0.0057445
         921    -5.47702    -5.50342  0.00573833
         922    -5.54378    -5.50347  0.00573228
         923    -5.47394    -5.50344  0.00572616
         924     -5.4992    -5.50343  0.00571996
         925    -5.45211    -5.50338  0.00571405
         926    -5.41869    -5.50329  0.00570861
         927    -5.38338    -5.50316  0.00570391
         928    -5.30129    -5.50294  0.00570191
         929    -5.38146    -5.50281  0.00569728
         930    -5.34863    -5.50264  0.00569356
         931    -5.46365     -5.5026   0.0056876
         932     -5.3744    -5.50246  0.00568316
         933    -5.49392    -5.50245  0.00567708
         934    -5.49814    -5.50245    0.005671
         935    -5.44529    -5.50239  0.00566526
         936    -5.43382    -5.50231  0.00565968
         937    -5.43407    -5.50224  0.00565411
         938    -5.37239     -5.5021  0.00564978
         939    -5.31906    -5.50191  0.00564713
         940    -5.35369    -5.50175  0.00564332
         941    -5.35712     -5.5016  0.00563941
         942    -5.41853    -5.50151  0.00563412
         943    -5.41064    -5.50141  0.00562897
         944     -5.3687    -5.50127  0.00562476
         945    -5.39767    -5.50116  0.00561987
         946    -5.35433    -5.50101  0.00561608
         947    -5.35576    -5.50085  0.00561224
         948    -5.44072    -5.50079  0.00560668
         949    -5.48855    -5.50078  0.00560079
         950    -5.50869    -5.50079   0.0055949
         951    -5.53136    -5.50082  0.00558911
         952    -5.53605    -5.50085  0.00558336
         953    -5.57625    -5.50093  0.00557806
         954    -5.54676    -5.50098  0.00557242
         955    -5.50623    -5.50099  0.00556659
         956     -5.5174      -5.501  0.00556079
         957    -5.42043    -5.50092  0.00555562
         958    -5.40847    -5.50082  0.00555066
         959    -5.35164    -5.50067  0.00554705
         960    -5.36078    -5.50052  0.00554318
         961    -5.46086    -5.50048  0.00553757
         962    -5.45159    -5.50043  0.00553204
         963      -5.486    -5.50041  0.00552632
         964    -5.43551    -5.50035    0.005521
         965    -5.48787    -5.50033  0.00551529
         966    -5.41534    -5.50025  0.00551028
         967    -5.50407    -5.50025  0.00550459
         968    -5.43984    -5.50019  0.00549925
         969    -5.55261    -5.50024  0.00549385
         970    -5.60367    -5.50035  0.00548922
         971    -5.60521    -5.50046  0.00548463
         972    -5.61136    -5.50057  0.00548017
         973    -5.55934    -5.50063  0.00547487
         974    -5.54465    -5.50068  0.00546944
         975    -5.54729    -5.50072  0.00546403
         976    -5.52919    -5.50075  0.00545851
         977    -5.51196    -5.50077  0.00545294
         978    -5.48702    -5.50075  0.00544738
         979    -5.48803    -5.50074  0.00544183
         980    -5.57612    -5.50082  0.00543682
         981    -5.53232    -5.50085  0.00543138
         982     -5.5449    -5.50089  0.00542603
         983    -5.42155    -5.50081  0.00542111
         984     -5.5224    -5.50083  0.00541565
         985    -5.44814    -5.50078  0.00541041
         986    -5.50366    -5.50078  0.00540493
         987      -5.438    -5.50072  0.00539982
         988    -5.38253     -5.5006  0.00539568
         989    -5.37411    -5.50047  0.00539174
         990    -5.38551    -5.50036  0.00538755
         991    -5.34179     -5.5002  0.00538449
         992    -5.42303    -5.50012  0.00537962
         993    -5.29587    -5.49991  0.00537813
         994    -5.20873    -5.49962   0.0053807
         995    -5.36154    -5.49948  0.00537708
         996    -5.31556     -5.4993  0.00537485
         997    -5.35872    -5.49915  0.00537131
         998     -5.4209    -5.49908   0.0053665
         999    -5.42279      -5.499  0.00536167
        1000    -5.36221    -5.49886  0.00535805
        1001    -5.39445    -5.49876  0.00535371
        1002    -5.45533    -5.49872  0.00534855
        1003    -5.48675     -5.4987  0.00534323
        1004    -5.40692    -5.49861  0.00533869
        1005    -5.52514    -5.49864  0.00533344
        1006    -5.47323    -5.49861   0.0053282
        1007    -5.56756    -5.49868  0.00532335
        1008    -5.58748    -5.49877  0.00531879
        1009    -5.61399    -5.49888  0.00531475
        1010    -5.53598    -5.49892  0.00530961
        1011    -5.60629    -5.49903  0.00530542
        1012    -5.67926     -5.4992  0.00530317
        1013    -5.66759    -5.49937  0.00530054
        1014    -5.60576    -5.49948  0.00529635
        1015    -5.61804    -5.49959  0.00529242
        1016    -5.53981    -5.49963  0.00528736
        1017    -5.50037    -5.49963  0.00528216
        1018     -5.4942    -5.49963  0.00527697
        1019    -5.49866    -5.49963   0.0052718
        1020    -5.57083     -5.4997  0.00526709
        1021    -5.50414     -5.4997  0.00526193
        1022    -5.55862    -5.49976   0.0052571
        1023    -5.40929    -5.49967   0.0052527
        1024     -5.4706    -5.49964  0.00524765
        1025    -5.38988    -5.49953  0.00524362
        1026    -5.39042    -5.49943  0.00523959
        1027    -5.43427    -5.49936  0.00523487
        1028    -5.40461    -5.49927  0.00523059
        1029    -5.45801    -5.49923  0.00522566
        1030    -5.42776    -5.49916  0.00522105
        1031      -5.472    -5.49914  0.00521605
        1032    -5.42697    -5.49907  0.00521147
        1033     -5.3869    -5.49896  0.00520755
        1034    -5.38513    -5.49885  0.00520368
        1035    -5.45343     -5.4988  0.00519884
        1036    -5.36505    -5.49868  0.00519542
        1037    -5.33439    -5.49852  0.00519283
        1038    -5.40463    -5.49843  0.00518861
        1039    -5.40043    -5.49833  0.00518448
        1040    -5.37359    -5.49821  0.00518088
        1041    -5.44023    -5.49816   0.0051762
        1042    -5.41917    -5.49808  0.00517179
        1043    -5.49021    -5.49807  0.00516683
        1044     -5.3769    -5.49796  0.00516319
        1045    -5.34401    -5.49781  0.00516035
        1046    -5.43012    -5.49775  0.00515582
        1047    -5.41718    -5.49767  0.00515147
        1048    -5.37574    -5.49755  0.00514787
        1049    -5.39747    -5.49746  0.00514385
        1050     -5.5413     -5.4975  0.00513912
        1051    -5.62588    -5.49762  0.00513568
        1052    -5.57779     -5.4977  0.00513136
        1053    -5.56094    -5.49776  0.00512684
        1054    -5.48729    -5.49775  0.00512199
        1055    -5.44841     -5.4977  0.00511734
        1056    -5.49272     -5.4977   0.0051125
        1057    -5.50957    -5.49771  0.00510768
        1058    -5.61875    -5.49782  0.00510413
        1059    -5.61794    -5.49793  0.00510057
        1060    -5.60935    -5.49804  0.00509684
        1061    -5.60451    -5.49814  0.00509303
        1062    -5.52802    -5.49817  0.00508831
        1063    -5.52196    -5.49819  0.00508357
        1064    -5.50168    -5.49819  0.00507879
        1065    -5.56044    -5.49825  0.00507436
        1066    -5.49004    -5.49824  0.00506961
        1067    -5.62458    -5.49836  0.00506624
        1068    -5.59353    -5.49845  0.00506228
        1069    -5.57999    -5.49853  0.00505812
        1070    -5.49935    -5.49853  0.00505339
        1071    -5.43499    -5.49847  0.00504902
        1072    -5.54327    -5.49851  0.00504448
        1073    -5.57183    -5.49858  0.00504024
        1074    -5.58745    -5.49866  0.00503623
        1075    -5.54888    -5.49871  0.00503176
        1076    -5.40342    -5.49862  0.00502787
        1077    -5.51371    -5.49863  0.00502322
        1078    -5.52601    -5.49866  0.00501862
        1079    -5.50659    -5.49867  0.00501397
        1080    -5.45806    -5.49863  0.00500947
        1081    -5.45922    -5.49859  0.00500497
        1082    -5.42601    -5.49853   0.0050008
        1083     -5.5036    -5.49853  0.00499618
        1084    -5.47097    -5.49851  0.00499164
        1085    -5.46834    -5.49848  0.00498711
        1086    -5.49167    -5.49847  0.00498252
        1087    -5.43377    -5.49841   0.0049783
        1088    -5.45256    -5.49837   0.0049739
        1089    -5.45114    -5.49833  0.00496952
        1090    -5.52424    -5.49835  0.00496502
        1091    -5.49943    -5.49835  0.00496047
        1092    -5.48944    -5.49834  0.00495593
        1093     -5.6031    -5.49844  0.00495232
        1094    -5.53469    -5.49847  0.00494791
        1095    -5.53117     -5.4985  0.00494348
        1096    -5.49735     -5.4985  0.00493897
        1097     -5.4172    -5.49843  0.00493502
        1098    -5.35997     -5.4983  0.00493214
        1099     -5.4122    -5.49822  0.00492827
        1100     -5.4932    -5.49822   0.0049238
        1101    -5.52947    -5.49825  0.00491941
        1102    -5.52175    -5.49827  0.00491499
        1103    -5.44826    -5.49822  0.00491074
        1104    -5.33493    -5.49807  0.00490852
        1105    -5.42823    -5.49801  0.00490448
        1106    -5.49321    -5.49801  0.00490005
        1107    -5.59517    -5.49809  0.00489641
        1108    -5.61067     -5.4982  0.00489305
        1109     -5.5403    -5.49823  0.00488878
        1110    -5.37638    -5.49812  0.00488561
        1111    -5.40962    -5.49804  0.00488186
        1112    -5.49263    -5.49804  0.00487747
        1113    -5.44467    -5.49799  0.00487333
        1114    -5.52319    -5.49801    0.004869
        1115    -5.53454    -5.49805  0.00486475
        1116    -5.55886     -5.4981  0.00486069
        1117    -5.57394    -5.49817  0.00485682
        1118    -5.50412    -5.49817  0.00485248
        1119    -5.45703    -5.49814  0.00484828
        1120    -5.37377    -5.49803  0.00484522
        1121    -5.38011    -5.49792  0.00484204
        1122    -5.33596    -5.49778  0.00483988
        1123    -5.36551    -5.49766    0.004837
        1124    -5.36861    -5.49754  0.00483406
        1125    -5.38025    -5.49744  0.00483089
        1126    -5.41943    -5.49737  0.00482709
        1127    -5.47757    -5.49735  0.00482284
        1128    -5.52281    -5.49738  0.00481862
        1129    -5.57376    -5.49744  0.00481483
        1130    -5.56965    -5.49751  0.00481099
        1131    -5.56261    -5.49757  0.00480708
        1132    -5.63865    -5.49769  0.00480445
        1133    -5.59187    -5.49777  0.00480093
        1134    -5.63627     -5.4979  0.00479825
        1135    -5.56884    -5.49796  0.00479443
        1136       -5.52    -5.49798  0.00479024
        1137    -5.52855      -5.498  0.00478611
        1138    -5.46029    -5.49797  0.00478202
        1139    -5.46793    -5.49794  0.00477789
        1140    -5.34594    -5.49781  0.00477556
        1141    -5.24781    -5.49759   0.0047764
        1142    -5.32065    -5.49744  0.00477473
        1143    -5.43203    -5.49738  0.00477089
        1144    -5.44722    -5.49734  0.00476692
        1145    -5.33533    -5.49719  0.00476486
        1146    -5.42072    -5.49713  0.00476117
        1147    -5.39121    -5.49704  0.00475791
        1148    -5.41823    -5.49697  0.00475426
        1149    -5.48795    -5.49696  0.00475013
        1150     -5.5917    -5.49704  0.00474672
        1151    -5.64781    -5.49717   0.0047444
        1152    -5.59359    -5.49726  0.00474102
        1153    -5.50406    -5.49726  0.00473691
        1154    -5.55394    -5.49731  0.00473306
        1155    -5.50471    -5.49732  0.00472897
        1156    -5.50309    -5.49732  0.00472488
        1157    -5.54911    -5.49737  0.00472101
        1158    -5.55713    -5.49742  0.00471721
        1159    -5.57798    -5.49749  0.00471366
        1160    -5.63896    -5.49761  0.00471117
        1161    -5.66789    -5.49776  0.00470939
        1162    -5.63684    -5.49788  0.00470686
        1163    -5.65409    -5.49801  0.00470473
        1164    -5.64788    -5.49814  0.00470245
        1165    -5.61501    -5.49824  0.00469948
        1166    -5.54182    -5.49828   0.0046956
        1167    -5.57355    -5.49834  0.00469202
        1168    -5.63016    -5.49845  0.00468936
        1169    -5.53153    -5.49848  0.00468544
        1170    -5.55612    -5.49853  0.00468169
        1171    -5.57122    -5.49859   0.0046781
        1172     -5.6171     -5.4987   0.0046752
        1173    -5.53497    -5.49873  0.00467132
        1174    -5.56915    -5.49879  0.00466773
        1175    -5.55966    -5.49884  0.00466404
        1176    -5.59825    -5.49892  0.00466084
        1177    -5.48758    -5.49891  0.00465689
        1178    -5.52216    -5.49893  0.00465298
        1179    -5.55844    -5.49898  0.00464931
        1180    -5.58379    -5.49906  0.00464592
        1181    -5.50489    -5.49906  0.00464199
        1182    -5.53074    -5.49909  0.00463814
        1183     -5.4773    -5.49907  0.00463426
        1184    -5.42144      -5.499  0.00463081
        1185     -5.4243    -5.49894  0.00462733
        1186    -5.39422    -5.49885  0.00462427
        1187    -5.38833    -5.49876  0.00462131
        1188    -5.44397    -5.49871  0.00461765
        1189    -5.40004    -5.49863  0.00461451
        1190    -5.38792    -5.49854  0.00461157
        1191    -5.39904    -5.49845  0.00460846
        1192    -5.35541    -5.49833  0.00460615
        1193    -5.28777    -5.49816  0.00460567
        1194    -5.34146    -5.49803  0.00460369
        1195    -5.26423    -5.49783  0.00460399
        1196    -5.26993    -5.49764  0.00460408
        1197    -5.30164    -5.49748  0.00460314
        1198    -5.31367    -5.49732  0.00460186
        1199    -5.29373    -5.49715  0.00460115
        1200    -5.36687    -5.49704   0.0045986
        1201    -5.41586    -5.49698  0.00459527
        1202    -5.49692    -5.49698  0.00459144
        1203    -5.52684      -5.497  0.00458769
        1204    -5.54285    -5.49704  0.00458404
        1205    -5.47151    -5.49702  0.00458029
        1206    -5.44736    -5.49698  0.00457667
        1207    -5.37601    -5.49688  0.00457398
        1208     -5.3775    -5.49678  0.00457126
        1209    -5.32604    -5.49664  0.00456966
        1210     -5.3727    -5.49653  0.00456703
        1211    -5.43173    -5.49648  0.00456357
        1212     -5.3797    -5.49638  0.00456082
        1213    -5.19338    -5.49613   0.0045639
        1214    -5.33439      -5.496  0.00456209
        1215    -5.44618    -5.49596  0.00455852
        1216    -5.41918     -5.4959   0.0045552
        1217    -5.37087    -5.49579  0.00455262
        1218    -5.36312    -5.49568  0.00455018
        1219    -5.34348    -5.49556  0.00454816
        1220    -5.25283    -5.49536  0.00454879
        1221     -5.2679    -5.49517  0.00454887
        1222    -5.37939    -5.49508  0.00454614
        1223    -5.23707    -5.49487  0.00454731
        1224    -5.31336    -5.49472  0.00454601
        1225    -5.30985    -5.49457  0.00454481
        1226    -5.33101    -5.49444  0.00454306
        1227    -5.25031    -5.49424  0.00454371
        1228    -5.34571    -5.49412  0.00454162
        1229    -5.32928    -5.49398   0.0045399
        1230    -5.36407    -5.49388  0.00453744
        1231    -5.32882    -5.49374  0.00453574
        1232    -5.47941    -5.49373  0.00453207
        1233    -5.41203    -5.49366  0.00452888
        1234    -5.47676    -5.49365  0.00452523
        1235    -5.52908    -5.49368  0.00452166
        1236     -5.5228     -5.4937  0.00451806
        1237    -5.44053    -5.49366  0.00451461
        1238     -5.3711    -5.49356  0.00451205
        1239     -5.4145     -5.4935  0.00450886
        1240    -5.27821    -5.49332  0.00450856
        1241    -5.22144     -5.4931  0.00451025
        1242    -5.22625    -5.49289  0.00451174
        1243    -5.11506    -5.49259  0.00451833
        1244    -5.09178    -5.49226  0.00452617
        1245    -5.27685    -5.49209  0.00452584
        1246    -5.35422    -5.49198  0.00452356
        1247    -5.40631    -5.49191  0.00452046
        1248    -5.35446     -5.4918  0.00451818
        1249    -5.35882    -5.49169  0.00451582
        1250    -5.35371    -5.49158  0.00451355
        1251    -5.29405    -5.49143   0.0045127
        1252    -5.29436    -5.49127  0.00451184
        1253    -5.34375    -5.49115  0.00450978
        1254    -5.39205    -5.49107  0.00450688
        1255    -5.28231    -5.49091  0.00450635
        1256    -5.27409    -5.49073  0.00450607
        1257    -5.31208    -5.49059  0.00450473
        1258    -5.31356    -5.49045  0.00450334
        1259     -5.1897    -5.49021   0.0045061
        1260      -5.224       -5.49  0.00450747
        1261    -5.28813    -5.48984  0.00450674
        1262    -5.30872     -5.4897  0.00450545
        1263    -5.28594    -5.48954  0.00450477
        1264     -5.3523    -5.48943  0.00450252
        1265    -5.36602    -5.48933  0.00450001
        1266    -5.34183    -5.48921  0.00449797
        1267    -5.46632    -5.48919  0.00449445
        1268    -5.48648    -5.48919  0.00449091
        1269    -5.48912    -5.48919  0.00448737
        1270    -5.48022    -5.48919  0.00448384
        1271    -5.49924    -5.48919  0.00448032
        1272    -5.50446    -5.48921  0.00447682
        1273    -5.54952    -5.48925  0.00447355
        1274    -5.44062    -5.48921   0.0044702
        1275    -5.51098    -5.48923  0.00446673
        1276    -5.47354    -5.48922  0.00446324
        1277    -5.48592    -5.48922  0.00445975
        1278    -5.42396    -5.48917  0.00445655
        1279    -5.39319    -5.48909   0.0044537
        1280    -5.32782    -5.48896    0.004452
        1281    -5.35746    -5.48886  0.00444971
        1282    -5.32744    -5.48874  0.00444802
        1283    -5.34853    -5.48863   0.0044459
        1284    -5.35406    -5.48852  0.00444367
        1285    -5.49992    -5.48853  0.00444022
        1286    -5.44143    -5.48849  0.00443692
        1287    -5.40794    -5.48843  0.00443391
        1288     -5.4592    -5.48841  0.00443053
        1289    -5.38791    -5.48833  0.00442778
        1290    -5.45308     -5.4883  0.00442443
        1291    -5.43128    -5.48826  0.00442122
        1292    -5.40516     -5.4882  0.00441827
        1293    -5.49065     -5.4882  0.00441485
        1294    -5.50249    -5.48821  0.00441145
        1295    -5.40205    -5.48814  0.00440855
        1296    -5.46691    -5.48813  0.00440518
        1297    -5.44322    -5.48809  0.00440192
        1298    -5.37732    -5.48801  0.00439935
        1299    -5.34621     -5.4879  0.00439732
        1300      -5.364     -5.4878  0.00439497
        1301    -5.49521    -5.48781   0.0043916
        1302    -5.40114    -5.48774  0.00438873
        1303    -5.41166    -5.48768  0.00438575
        1304    -5.44257    -5.48765  0.00438252
        1305    -5.38476    -5.48757  0.00437987
        1306    -5.40538    -5.48751  0.00437697
        1307    -5.35644     -5.4874  0.00437477
        1308    -5.35991    -5.48731  0.00437251
        1309    -5.32141    -5.48718  0.00437101
        1310    -5.25998    -5.48701  0.00437111
        1311    -5.31008    -5.48687  0.00436986
        1312    -5.39138     -5.4868  0.00436713
        1313    -5.41308    -5.48674  0.00436417
        1314    -5.39765    -5.48668  0.00436137
        1315    -5.48996    -5.48668  0.00435806
        1316    -5.47622    -5.48667  0.00435475
        1317    -5.58619    -5.48675   0.0043521
        1318    -5.52857    -5.48678  0.00434892
        1319    -5.51373     -5.4868  0.00434567
        1320    -5.48395     -5.4868  0.00434237
        1321    -5.42289    -5.48675  0.00433936
        1322    -5.50113    -5.48676  0.00433609
        1323    -5.36252    -5.48666  0.00433383
        1324    -5.51103    -5.48668  0.00433059
        1325    -5.60809    -5.48677  0.00432829
        1326    -5.59581    -5.48686  0.00432581
        1327    -5.50837    -5.48687  0.00432258
        1328    -5.47164    -5.48686  0.00431934
        1329    -5.38946    -5.48679  0.00431671
        1330    -5.41319    -5.48673  0.00431382
        1331    -5.36998    -5.48664  0.00431147
        1332    -5.41664    -5.48659  0.00430856
        1333    -5.48043    -5.48659  0.00430533
        1334    -5.38187    -5.48651  0.00430282
        1335    -5.42713    -5.48646  0.00429982
        1336    -5.40044     -5.4864  0.00429709
        1337    -5.38565    -5.48633  0.00429453
        1338    -5.40292    -5.48626  0.00429177
        1339    -5.46514    -5.48625   0.0042886
        1340     -5.5204    -5.48627  0.00428547
        1341    -5.51262    -5.48629  0.00428232
        1342    -5.54714    -5.48634  0.00427937
        1343    -5.54728    -5.48638  0.00427643
        1344    -5.34497    -5.48628  0.00427454
        1345    -5.36327    -5.48619  0.00427234
        1346    -5.43908    -5.48615  0.00426931
        1347    -5.36951    -5.48606  0.00426702
        1348    -5.44754    -5.48604  0.00426395
        1349    -5.39533    -5.48597  0.00426132
        1350      -5.466    -5.48595  0.00425819
        1351    -5.48871    -5.48596  0.00425503
        1352    -5.58473    -5.48603  0.00425251
        1353      -5.538    -5.48607  0.00424954
        1354     -5.5514    -5.48612  0.00424668
        1355    -5.56775    -5.48618  0.00424397
        1356    -5.56753    -5.48624  0.00424127
        1357    -5.53716    -5.48627  0.00423831
        1358    -5.45832    -5.48625  0.00423524
        1359    -5.48723    -5.48625  0.00423212
        1360    -5.47606    -5.48625  0.00422902
        1361      -5.413    -5.48619  0.00422625
        1362    -5.45935    -5.48617  0.00422319
        1363    -5.27787    -5.48602  0.00422286
        1364     -5.1755    -5.48579   0.0042259
        1365    -5.12533    -5.48553  0.00423104
        1366    -5.20701    -5.48532  0.00423285
        1367    -5.36388    -5.48524  0.00423069
        1368    -5.46238    -5.48522  0.00422763
        1369    -5.35999    -5.48513  0.00422553
        1370    -5.33941    -5.48502  0.00422379
        1371    -5.38613    -5.48495  0.00422132
        1372    -5.37804    -5.48487  0.00421896
        1373    -5.44553    -5.48484  0.00421599
        1374    -5.45101    -5.48482  0.00421299
        1375    -5.29905    -5.48468  0.00421209
        1376    -5.34127    -5.48458  0.00421032
        1377    -5.33259    -5.48447  0.00420871
        1378    -5.35959    -5.48438  0.00420663
        1379    -5.46822    -5.48437   0.0042036
        1380    -5.65705    -5.48449  0.00420241
        1381    -5.59478    -5.48457  0.00420013
        1382     -5.5703    -5.48463  0.00419755
        1383     -5.5747     -5.4847  0.00419502
        1384    -5.58181    -5.48477  0.00419257
        1385    -5.60477    -5.48485  0.00419044
        1386    -5.66165    -5.48498  0.00418936
        1387    -5.62329    -5.48508  0.00418753
        1388    -5.60219    -5.48517  0.00418536
        1389    -5.60764    -5.48525  0.00418327
        1390    -5.60891    -5.48534  0.00418121
        1391    -5.62125    -5.48544  0.00417935
        1392    -5.60493    -5.48553  0.00417722
        1393    -5.50826    -5.48554  0.00417426
        1394    -5.47301    -5.48553  0.00417127
        1395    -5.47902    -5.48553  0.00416829
        1396    -5.48527    -5.48553   0.0041653
        1397    -5.47606    -5.48552  0.00416232
        1398     -5.5278    -5.48555  0.00415946
        1399    -5.57687    -5.48562  0.00415699
        1400    -5.61861    -5.48571  0.00415511
        1401    -5.59512    -5.48579  0.00415288
        1402    -5.63084    -5.48589  0.00415121
        1403    -5.56488    -5.48595  0.00414863
        1404     -5.4901    -5.48595  0.00414567
        1405     -5.4722    -5.48594  0.00414274
        1406    -5.42039     -5.4859  0.00414005
        1407    -5.41278    -5.48585  0.00413743
        1408    -5.33912    -5.48574  0.00413581
        1409    -5.47185    -5.48573  0.00413288
        1410    -5.46829    -5.48572  0.00412997
        1411    -5.48618    -5.48572  0.00412705
        1412    -5.48889    -5.48572  0.00412412
        1413      -5.454     -5.4857  0.00412127
        1414    -5.48464     -5.4857  0.00411835
        1415    -5.48667     -5.4857  0.00411544
        1416    -5.53435    -5.48573  0.00411268
        1417      -5.523    -5.48576  0.00410986
        1418    -5.57817    -5.48582  0.00410748
        1419    -5.58438    -5.48589  0.00410517
        1420    -5.49337     -5.4859  0.00410228
        1421    -5.49178     -5.4859   0.0040994
        1422    -5.51437    -5.48592  0.00409656
        1423    -5.49804    -5.48593  0.00409369
        1424    -5.58399      -5.486   0.0040914
        1425    -5.55391    -5.48605   0.0040888
        1426    -5.54192    -5.48609  0.00408612
        1427    -5.57285    -5.48615  0.00408371
        1428    -5.58903    -5.48622  0.00408149
        1429    -5.52411    -5.48625  0.00407872
        1430    -5.54749    -5.48629  0.00407609
        1431     -5.5267    -5.48632  0.00407334
        1432     -5.4752    -5.48631   0.0040705
        1433    -5.54456    -5.48635  0.00406787
        1434    -5.60134    -5.48643  0.00406582
        1435    -5.52991    -5.48646   0.0040631
        1436    -5.42789    -5.48642  0.00406047
        1437    -5.35891    -5.48633  0.00405862
        1438    -5.39473    -5.48627   0.0040563
        1439    -5.56448    -5.48632  0.00405384
        1440    -5.44373    -5.48629  0.00405113
        1441    -5.42144    -5.48625  0.00404857
        1442    -5.51692    -5.48627  0.00404582
        1443    -5.54508    -5.48631  0.00404322
        1444    -5.51446    -5.48633  0.00404047
        1445    -5.33842    -5.48623  0.00403897
        1446    -5.37433    -5.48615  0.00403692
        1447     -5.3573    -5.48606  0.00403511
        1448     -5.3053    -5.48594  0.00403425
        1449    -5.33758    -5.48583  0.00403277
        1450     -5.4323     -5.4858  0.00403016
        1451     -5.2906    -5.48566  0.00402962
        1452    -5.33753    -5.48556  0.00402814
        1453    -5.30546    -5.48544  0.00402727
        1454    -5.30644    -5.48531  0.00402639
        1455    -5.28433    -5.48518  0.00402599
        1456     -5.1482    -5.48494  0.00402987
        1457    -5.17629    -5.48473  0.00403267
        1458    -5.34951    -5.48464  0.00403097
        1459    -5.41082    -5.48459  0.00402852
        1460    -5.40384    -5.48453  0.00402614
        1461    -5.37397    -5.48446   0.0040241
        1462    -5.37381    -5.48438  0.00402206
        1463    -5.41595    -5.48433  0.00401958
        1464    -5.39118    -5.48427  0.00401734
        1465    -5.37405     -5.4842   0.0040153
        1466    -5.37948    -5.48412   0.0040132
        1467    -5.42066    -5.48408  0.00401069
        1468    -5.37365    -5.48401  0.00400867
        1469    -5.34458    -5.48391  0.00400706
        1470    -5.26162    -5.48376  0.00400719
        1471    -5.25936    -5.48361  0.00400737
        1472    -5.14747    -5.48338  0.00401115
        1473    -5.12883    -5.48314  0.00401564
        1474    -5.23835    -5.48297  0.00401635
        1475    -5.17435    -5.48276  0.00401907
        1476    -5.20398    -5.48257  0.00402078
        1477    -5.14516    -5.48235  0.00402454
        1478    -5.26113     -5.4822   0.0040246
        1479    -5.28794    -5.48206  0.00402403
        1480    -5.19651    -5.48187  0.00402593
        1481    -5.24472    -5.48171  0.00402639
        1482    -5.32161     -5.4816  0.00402513
        1483    -5.33714    -5.48151  0.00402359
        1484    -5.40575    -5.48146   0.0040212
        1485    -5.38974    -5.48139  0.00401897
        1486    -5.40079    -5.48134  0.00401663
        1487    -5.39742    -5.48128  0.00401433
        1488     -5.4294    -5.48125  0.00401178
        1489    -5.40186    -5.48119  0.00400944
        1490    -5.36123    -5.48111  0.00400756
        1491    -5.34562    -5.48102   0.0040059
        1492    -5.39693    -5.48097  0.00400361
        1493    -5.40222    -5.48091  0.00400128
        1494    -5.44804    -5.48089  0.00399866
        1495    -5.40658    -5.48084  0.00399629
        1496    -5.39972    -5.48079  0.00399399
        1497     -5.5124    -5.48081  0.00399138
        1498    -5.49978    -5.48082  0.00398873
        1499     -5.3946    -5.48076  0.00398649
        1500    -5.44655    -5.48074  0.00398389
