           1   0.0476378   0.0476378           0
           2   0.0531823   0.0504101  0.00196025
           3   0.0730922   0.0579708  0.00631011
           4   0.0438939   0.0544516  0.00562904
           5   0.0351055   0.0505823  0.00567942
           6   0.0428305   0.0492904  0.00487758
           7   0.0468167    0.048937  0.00419357
           8    0.051475   0.0492542  0.00368135
           9   0.0440258   0.0486733  0.00331783
          10   0.0477837   0.0485843  0.00298724
          11    0.056917   0.0493419  0.00281008
          12   0.0430618   0.0488185  0.00262419
          13   0.0626866   0.0498853  0.00263023
          14   0.0599536   0.0506045  0.00253878
          15   0.0407818   0.0499496  0.00245252
          16   0.0437829   0.0495642  0.00232933
          17   0.0449579   0.0492932  0.00220801
          18   0.0475498   0.0491964  0.00208747
          19   0.0520971    0.049349  0.00198318
          20   0.0444419   0.0491037  0.00189914
          21   0.0462657   0.0489685   0.0018135
          22   0.0482068   0.0489339   0.0017314
          23   0.0473292   0.0488642  0.00165753
          24   0.0565189   0.0491831  0.00161886
          25   0.0444612   0.0489942  0.00156509
          26   0.0633115   0.0495449  0.00159883
          27   0.0464508   0.0494303  0.00154372
          28    0.040553   0.0491132  0.00152079
          29   0.0376451   0.0487178   0.0015189
          30   0.0492277   0.0487348  0.00146836
          31   0.0378361   0.0483832  0.00146248
          32    0.037302   0.0480369   0.0014572
          33   0.0392449   0.0477705  0.00143719
          34   0.0446027   0.0476773  0.00139794
          35    0.065119   0.0481757  0.00144409
          36   0.0430133   0.0480323  0.00141108
          37   0.0496852   0.0480769  0.00137365
          38   0.0430839   0.0479455  0.00134377
          39   0.0557919   0.0481467  0.00132429
          40   0.0503719   0.0482024  0.00129235
          41   0.0449596   0.0481233  0.00126324
          42   0.0527425   0.0482333  0.00123795
          43   0.0421602    0.048092  0.00121719
          44   0.0457236   0.0480382  0.00119071
          45   0.0506445   0.0480961  0.00116566
          46   0.0499913   0.0481373  0.00114105
          47   0.0485824   0.0481468  0.00111681
          48   0.0439811     0.04806  0.00109691
          49   0.0458956   0.0480158  0.00107541
          50   0.0495223    0.048046  0.00105433
          51   0.0519381   0.0481223  0.00103641
          52   0.0422374   0.0480091  0.00102264
          53    0.046891    0.047988  0.00100356
          54   0.0448888   0.0479306 0.000986618
          55   0.0439395    0.047858 0.000971344
          56   0.0448503   0.0478043 0.000955483
          57   0.0534407   0.0479032 0.000943823
          58   0.0377263   0.0477278 0.000943719
          59   0.0390331   0.0475804 0.000939159
          60   0.0524864   0.0476622 0.000927059
          61    0.042851   0.0475833 0.000915211
          62   0.0409694   0.0474766 0.000906645
          63   0.0477826   0.0474815 0.000892267
          64    0.038401   0.0473396 0.000889534
          65   0.0394295   0.0472179 0.000884134
          66   0.0419628   0.0471383 0.000874316
          67   0.0440439   0.0470921 0.000862485
          68   0.0374918   0.0469509 0.000861279
          69    0.060042   0.0471406 0.000869443
          70   0.0460326   0.0471248 0.000857166
          71   0.0611772   0.0473227 0.000867643
          72   0.0662824    0.047586  0.00089466
          73   0.0624196   0.0477892 0.000905186
          74   0.0436749   0.0477336  0.00089466
          75   0.0456053   0.0477053 0.000883181
          76   0.0514152   0.0477541 0.000872908
          77   0.0593989   0.0479053 0.000874574
          78    0.042744   0.0478391 0.000865861
          79   0.0326574    0.047647 0.000875967
          80   0.0382647   0.0475297 0.000872833
          81   0.0471683   0.0475252 0.000862069
          82   0.0647538   0.0477353 0.000876786
          83   0.0445937   0.0476975 0.000867039
          84   0.0365393   0.0475646 0.000866833
          85   0.0500779   0.0475942 0.000857139
          86   0.0628765   0.0477719 0.000865397
          87   0.0517654   0.0478178 0.000856666
          88   0.0574482   0.0479273 0.000853893
          89   0.0666455   0.0481376 0.000869814
          90   0.0489886    0.048147   0.0008602
          91   0.0514918   0.0481838 0.000851533
          92   0.0442836   0.0481414 0.000843331
          93   0.0406927   0.0480613 0.000838058
          94   0.0700874   0.0482956 0.000861278
          95   0.0504839   0.0483187  0.00085252
          96   0.0548837    0.048387 0.000846378
          97   0.0643001   0.0485511 0.000853403
          98   0.0615561   0.0486838  0.00085495
          99   0.0453598   0.0486502 0.000846974
         100   0.0455886   0.0486196 0.000839057
         101   0.0469962   0.0486035 0.000830903
         102   0.0593185   0.0487086 0.000829371
         103   0.0509685   0.0487305 0.000821609
         104   0.0400517   0.0486471 0.000817936
         105   0.0396044   0.0485609 0.000814668
         106   0.0374958   0.0484566 0.000813642
         107   0.0419163   0.0483954 0.000808331
         108   0.0469675   0.0483822 0.000800955
         109   0.0552333   0.0484451 0.000796069
         110   0.0566221   0.0485194 0.000792295
         111   0.0385275   0.0484294 0.000790254
         112   0.0540532   0.0484796 0.000784792
         113   0.0469565   0.0484661 0.000777963
         114   0.0492741   0.0484732 0.000771171
         115   0.0601351   0.0485746 0.000771104
         116   0.0563892    0.048642 0.000767393
         117   0.0507483     0.04866 0.000761046
         118   0.0512158   0.0486816 0.000754904
         119   0.0461034     0.04866 0.000748871
         120    0.046322   0.0486405 0.000742884
         121   0.0427889   0.0485921 0.000738317
         122   0.0464803   0.0485748 0.000732468
         123    0.053217   0.0486126 0.000727485
         124   0.0495608   0.0486202 0.000721658
         125   0.0501462   0.0486324 0.000715988
         126   0.0381704   0.0485494 0.000715104
         127   0.0416571   0.0484951  0.00071153
         128   0.0573156    0.048564   0.0007093
         129   0.0420436   0.0485135   0.0007056
         130   0.0484159   0.0485127 0.000700173
         131   0.0526085    0.048544 0.000695526
         132   0.0558005    0.048599 0.000692426
         133   0.0421827   0.0485507 0.000688898
         134   0.0543851   0.0485943 0.000685131
         135   0.0370965   0.0485091  0.00068533
         136   0.0458589   0.0484896 0.000680567
         137    0.041893   0.0484415 0.000677301
         138   0.0458469   0.0484227 0.000672654
         139   0.0356681   0.0483309 0.000674044
         140   0.0425036   0.0482893 0.000670514
         141   0.0413016   0.0482397 0.000667587
         142    0.052148   0.0482672 0.000663453
         143   0.0377756   0.0481939 0.000662858
         144   0.0426984   0.0481557 0.000659352
         145   0.0331467   0.0480522  0.00066288
         146   0.0467748   0.0480435 0.000658398
         147   0.0457438   0.0480278 0.000654104
         148   0.0430283    0.047994 0.000650557
         149   0.0425565   0.0479575 0.000647213
         150   0.0471451   0.0479521 0.000642921
         151     0.04182   0.0479115 0.000639945
         152    0.038954   0.0478526 0.000638442
         153    0.042394   0.0478169 0.000635265
         154   0.0442316   0.0477936 0.000631567
         155   0.0470688   0.0477889 0.000627509
         156   0.0519639   0.0478157 0.000624057
         157   0.0565358   0.0478713 0.000622549
         158   0.0430269   0.0478406 0.000619364
         159   0.0545683   0.0478829 0.000616912
         160   0.0647803   0.0479885  0.00062203
         161    0.044388   0.0479661 0.000618568
         162   0.0503919   0.0479811 0.000614931
         163   0.0620573   0.0480675 0.000617193
         164   0.0453554   0.0480509 0.000613651
         165   0.0482413   0.0480521 0.000609933
         166    0.053084   0.0480824 0.000607011
         167   0.0437281   0.0480563 0.000603936
         168   0.0705211   0.0481901 0.000614967
         169   0.0562605   0.0482378 0.000613179
         170   0.0527605   0.0482644 0.000610149
         171   0.0518268   0.0482852 0.000606936
         172    0.043759   0.0482589 0.000603978
         173   0.0468019   0.0482505 0.000600545
         174   0.0468194   0.0482423  0.00059715
         175   0.0473123    0.048237 0.000593762
         176   0.0566578   0.0482848 0.000592313
         177   0.0678969   0.0483956  0.00059924
         178   0.0589059   0.0484547 0.000598776
         179   0.0536907   0.0484839 0.000596145
         180   0.0299693   0.0483811 0.000601641
         181    0.040981   0.0483402 0.000599705
         182    0.044789   0.0483207 0.000596727
         183   0.0412544    0.048282 0.000594714
         184   0.0419501   0.0482476 0.000592477
         185   0.0499627   0.0482569 0.000589347
         186    0.041431   0.0482202  0.00058732
         187   0.0424927   0.0481896 0.000584977
         188   0.0365302   0.0481276 0.000585144
         189   0.0389668   0.0480791 0.000584052
         190   0.0516654    0.048098 0.000581283
         191   0.0632279   0.0481772 0.000583612
         192   0.0583389   0.0482301 0.000582967
         193   0.0464076   0.0482207 0.000580023
         194   0.0638263   0.0483011 0.000582585
         195    0.051017    0.048315 0.000579763
         196   0.0510727   0.0483291 0.000576976
         197   0.0530926   0.0483533 0.000574554
         198   0.0480462   0.0483517 0.000571654
         199   0.0517606   0.0483689 0.000569038
         200   0.0432621   0.0483433 0.000566765
         201   0.0429142   0.0483163 0.000564589
         202   0.0531624   0.0483403 0.000562303
         203   0.0447179   0.0483225 0.000559817
         204   0.0346601   0.0482555 0.000561064
         205   0.0351003   0.0481913 0.000561985
         206   0.0535149   0.0482172 0.000559851
         207   0.0433898   0.0481938 0.000557632
         208   0.0372745   0.0481413 0.000557416
         209   0.0425997   0.0481148  0.00055538
         210    0.048823   0.0481182 0.000552745
         211    0.049124    0.048123 0.000550146
         212   0.0562973   0.0481615 0.000548901
         213   0.0553313   0.0481952 0.000547355
         214   0.0495315   0.0482014 0.000544833
         215   0.0477686   0.0481994 0.000542302
         216     0.05688   0.0482396 0.000541279
         217   0.0522074   0.0482579 0.000539093
         218   0.0514754   0.0482727 0.000536822
         219   0.0482286   0.0482725 0.000534371
         220   0.0471996   0.0482676 0.000531964
         221   0.0456227   0.0482556 0.000529692
         222   0.0610255   0.0483131  0.00053042
         223   0.0720536   0.0484196 0.000538619
         224   0.0510125   0.0484312 0.000536339
         225   0.0442542   0.0484126 0.000534276
         226   0.0459294   0.0484016 0.000532025
         227   0.0540594   0.0484265 0.000530265
         228   0.0509369   0.0484375 0.000528053
         229   0.0446804   0.0484211 0.000526002
         230   0.0585719   0.0484653 0.000525564
         231    0.052037   0.0484807 0.000523516
         232   0.0473649   0.0484759 0.000521281
         233   0.0437756   0.0484558 0.000519434
         234   0.0528755   0.0484746 0.000517558
         235   0.0537372    0.048497  0.00051584
         236   0.0438771   0.0484775 0.000514025
         237    0.045098   0.0484632 0.000512054
         238   0.0425018   0.0484382 0.000510515
         239   0.0452352   0.0484247 0.000508555
         240   0.0730106   0.0485272  0.00051665
         241   0.0529301   0.0485455 0.000514829
         242   0.0760897   0.0486593 0.000525133
         243   0.0619685    0.048714  0.00052582
         244   0.0492314   0.0487162  0.00052367
         245   0.0478031   0.0487124 0.000521546
         246    0.038323   0.0486702 0.000521133
         247   0.0392619   0.0486321 0.000520413
         248   0.0399487   0.0485971 0.000519491
         249   0.0444288   0.0485804 0.000517674
         250   0.0514144   0.0485917 0.000515728
         251   0.0594104   0.0486348 0.000515471
         252   0.0684683   0.0487135 0.000519399
         253   0.0450657   0.0486991 0.000517546
         254   0.0385983   0.0486593 0.000517034
         255    0.048769   0.0486598 0.000515007
         256   0.0439161   0.0486412 0.000513328
         257   0.0490984    0.048643 0.000511334
         258   0.0465602   0.0486349 0.000509416
         259   0.0475331   0.0486307 0.000507467
         260   0.0453874   0.0486182 0.000505668
         261   0.0585734   0.0486563 0.000505167
         262   0.0495505   0.0486598 0.000503251
         263   0.0392335   0.0486239 0.000502612
         264    0.044301   0.0486075 0.000500975
         265    0.036188   0.0485607 0.000501272
         266   0.0342592   0.0485069 0.000502262
         267   0.0447575   0.0484929 0.000500577
         268   0.0457543   0.0484826 0.000498814
         269   0.0567236   0.0485133 0.000497899
         270   0.0458114   0.0485033 0.000496156
         271   0.0439785   0.0484866 0.000494606
         272   0.0628476   0.0485394 0.000495598
         273   0.0576112   0.0485726 0.000494895
         274   0.0537441   0.0485915 0.000493449
         275      0.0411   0.0485642 0.000492406
         276   0.0575405   0.0485968 0.000491694
         277   0.0549432   0.0486197 0.000490453
         278   0.0486036   0.0486196 0.000488689
         279   0.0492476   0.0486219 0.000486942
         280   0.0546405   0.0486434 0.000485677
         281   0.0509221   0.0486515 0.000484017
         282   0.0434469    0.048633 0.000482652
         283   0.0414276   0.0486076 0.000481618
         284   0.0572896   0.0486381 0.000480891
         285   0.0534057   0.0486549 0.000479495
         286   0.0506639   0.0486619 0.000477869
         287   0.0573003    0.048692 0.000477151
         288   0.0493976   0.0486944 0.000475501
         289    0.045677    0.048684  0.00047397
         290   0.0504943   0.0486902 0.000472377
         291   0.0534486   0.0487066 0.000471037
         292   0.0360753   0.0486633 0.000471406
         293   0.0469977   0.0486576 0.000469831
         294   0.0425169   0.0486368 0.000468697
         295   0.0513241   0.0486459 0.000467197
         296   0.0494503   0.0486486 0.000465626
         297   0.0538844   0.0486662 0.000464392
         298    0.047392   0.0486619 0.000462853
         299   0.0440825   0.0486466 0.000461559
         300   0.0444563   0.0486326 0.000460231
         301   0.0626957   0.0486794 0.000461068
         302   0.0563305   0.0487047 0.000460237
         303    0.049226   0.0487064 0.000458721
         304   0.0445889   0.0486929 0.000457412
         305     0.04504   0.0486809 0.000456069
         306   0.0595193   0.0487163 0.000455952
         307   0.0582932   0.0487475 0.000455533
         308   0.0540925   0.0487649 0.000454384
         309   0.0468098   0.0487585 0.000452958
         310   0.0647024     0.04881 0.000454407
         311   0.0609156   0.0488489  0.00045461
         312   0.0639404   0.0488973 0.000455719
         313   0.0471163   0.0488916 0.000454298
         314   0.0545451   0.0489096 0.000453208
         315   0.0540366   0.0489259 0.000452062
         316    0.061709   0.0489663 0.000452437
         317   0.0427175   0.0489466 0.000451439
         318   0.0457823   0.0489367 0.000450129
         319   0.0406033   0.0489105 0.000449476
         320   0.0527172   0.0489224 0.000448229
         321   0.0444057   0.0489084 0.000447053
         322   0.0484412   0.0489069 0.000445667
         323   0.0464403   0.0488993 0.000444353
         324   0.0464105   0.0488916 0.000443048
         325   0.0516943   0.0489002 0.000441768
         326   0.0762062    0.048984 0.000448283
         327   0.0749115   0.0490633  0.00045387
         328   0.0520911   0.0490725 0.000452581
         329   0.0517049   0.0490805 0.000451276
         330   0.0426997   0.0490612 0.000450322
         331   0.0367609    0.049024 0.000450492
         332   0.0437266    0.049008 0.000449418
         333   0.0377335   0.0489742 0.000449342
         334   0.0504681   0.0489787 0.000448019
         335   0.0436871   0.0489629  0.00044696
         336   0.0411301   0.0489395 0.000446237
         337   0.0459731   0.0489307    0.000445
         338   0.0467559   0.0489243  0.00044373
         339   0.0438163   0.0489092 0.000442677
         340   0.0409379   0.0488858 0.000441995
         341   0.0502374   0.0488898 0.000440717
         342   0.0442829   0.0488763 0.000439634
         343   0.0428537   0.0488587 0.000438702
         344   0.0422397   0.0488395 0.000437849
         345   0.0447995   0.0488278 0.000436736
         346   0.0335153   0.0487835 0.000437711
         347   0.0436032   0.0487686 0.000436704
         348   0.0401993    0.048744 0.000436143
         349   0.0487136   0.0487439 0.000434893
         350   0.0608397   0.0487784 0.000435021
         351   0.0483183   0.0487771 0.000433784
         352   0.0409563   0.0487549  0.00043312
         353    0.046762   0.0487493  0.00043193
         354   0.0566003   0.0487714 0.000431279
         355   0.0528011   0.0487828 0.000430213
         356   0.0390454   0.0487554 0.000429874
         357   0.0395519   0.0487297 0.000429442
         358   0.0360141   0.0486941 0.000429709
         359   0.0422258   0.0486761 0.000428889
         360   0.0403004   0.0486529 0.000428328
         361   0.0456727   0.0486446 0.000427221
         362   0.0491084   0.0486459 0.000426043
         363    0.049823   0.0486491 0.000424882
         364   0.0513519   0.0486566 0.000423779
         365    0.049817   0.0486597  0.00042263
         366   0.0435996   0.0486459 0.000421702
         367   0.0560815   0.0486662 0.000421039
         368   0.0531551   0.0486784 0.000420072
         369   0.0375578   0.0486482 0.000420013
         370   0.0424231   0.0486314 0.000419215
         371   0.0402449   0.0486088 0.000418694
         372    0.037317   0.0485784 0.000418667
         373   0.0370763   0.0485476 0.000418679
         374   0.0470719   0.0485437 0.000417578
         375   0.0544489   0.0485594 0.000416761
         376   0.0414983   0.0485406 0.000416076
         377   0.0379181   0.0485125 0.000415925
         378   0.0382907   0.0484854 0.000415703
         379   0.0532621    0.048498 0.000414797
         380   0.0536411   0.0485116 0.000413926
         381   0.0509824    0.048518  0.00041289
         382   0.0670437   0.0485665 0.000414648
         383   0.0621434    0.048602 0.000415078
         384   0.0529617   0.0486133 0.000414152
         385   0.0584571   0.0486389 0.000413865
         386   0.0619422   0.0486734 0.000414225
         387   0.0504943   0.0486781 0.000413181
         388   0.0438879   0.0486657 0.000412301
         389   0.0437419   0.0486531 0.000411435
         390   0.0415535   0.0486349 0.000410783
         391   0.0533022   0.0486468 0.000409906
         392   0.0541019   0.0486607 0.000409096
         393   0.0474921   0.0486577 0.000408066
         394   0.0392716   0.0486339 0.000407725
         395    0.039865   0.0486117 0.000407297
         396   0.0540416   0.0486254 0.000406499
         397   0.0544765   0.0486402 0.000405742
         398   0.0432426   0.0486266 0.000404949
         399    0.047504   0.0486238 0.000403944
         400   0.0447675   0.0486142 0.000403049
         401   0.0521724    0.048623 0.000402142
         402   0.0418165   0.0486061 0.000401498
         403   0.0573131   0.0486277 0.000401083
         404   0.0642861   0.0486665 0.000401958
         405    0.063194   0.0487023 0.000402563
         406   0.0410099   0.0486834 0.000402017
         407   0.0478427   0.0486813 0.000401035
         408   0.0408656   0.0486622 0.000400509
         409   0.0561189   0.0486804 0.000399944
         410   0.0420549   0.0486642 0.000399295
         411   0.0522779    0.048673 0.000398421
         412   0.0480578   0.0486715 0.000397456
         413    0.052554   0.0486809 0.000396605
         414   0.0449312   0.0486719  0.00039575
         415   0.0455565   0.0486644 0.000394868
         416   0.0535717   0.0486762 0.000394095
         417   0.0412122   0.0486583 0.000393556
         418   0.0416866   0.0486416 0.000392968
         419   0.0384288   0.0486172 0.000392785
         420   0.0428234   0.0486034 0.000392092
         421   0.0504844   0.0486079 0.000391186
         422   0.0528496   0.0486179 0.000390389
         423   0.0506931   0.0486228 0.000389496
         424   0.0474491   0.0486201 0.000388588
         425   0.0503984   0.0486243 0.000387696
         426   0.0506071   0.0486289 0.000386814
         427   0.0417767   0.0486129 0.000386241
         428   0.0521262   0.0486211 0.000385425
         429   0.0532462   0.0486319 0.000384678
         430    0.057177   0.0486517 0.000384296
         431   0.0601755   0.0486785 0.000384333
         432   0.0584359   0.0487011 0.000384107
         433   0.0521172   0.0487089 0.000383301
         434   0.0563103   0.0487265 0.000382818
         435   0.0594813   0.0487512 0.000382735
         436   0.0548025   0.0487651 0.000382109
         437   0.0541816   0.0487775 0.000381435
         438   0.0472772    0.048774  0.00038058
         439   0.0385316   0.0487507 0.000380427
         440   0.0473552   0.0487475 0.000379576
         441   0.0441015    0.048737 0.000378861
         442    0.038207   0.0487132 0.000378753
         443    0.041292   0.0486964 0.000378268
         444   0.0426086   0.0486827 0.000377664
         445    0.042392   0.0486686  0.00037708
         446   0.0523213   0.0486768 0.000376324
         447   0.0434811   0.0486651 0.000375661
         448   0.0444682   0.0486558  0.00037494
         449   0.0363719   0.0486284 0.000375101
         450   0.0447006   0.0486197 0.000374369
         451   0.0558536   0.0486357 0.000373883
         452    0.050155   0.0486391 0.000373071
         453   0.0453749   0.0486319 0.000372317
         454    0.044898   0.0486237 0.000371587
         455   0.0542801   0.0486361 0.000370979
         456   0.0555319   0.0486512 0.000370473
         457   0.0476198    0.048649 0.000369669
         458   0.0443696   0.0486396  0.00036898
         459   0.0482138   0.0486387 0.000368177
         460   0.0471045   0.0486353 0.000367392
         461    0.041195   0.0486192  0.00036695
         462   0.0555121   0.0486341 0.000366459
         463   0.0432112   0.0486224 0.000365854
         464   0.0524657   0.0486307 0.000365159
         465   0.0493823   0.0486323 0.000364378
         466   0.0530973   0.0486419 0.000363722
         467   0.0607644   0.0486679 0.000363868
         468    0.065018   0.0487028 0.000364764
         469   0.0432135   0.0486911 0.000364174
         470   0.0417718   0.0486764 0.000363696
         471   0.0406655   0.0486594 0.000363322
         472    0.052085   0.0486666 0.000362624
         473   0.0517476   0.0486731 0.000361916
         474   0.0487548   0.0486733 0.000361153
         475   0.0444993   0.0486645 0.000360499
         476   0.0544013   0.0486766 0.000359943
         477    0.046356   0.0486717 0.000359222
         478   0.0490773   0.0486725 0.000358471
         479   0.0363355   0.0486468 0.000358647
         480   0.0449015    0.048639 0.000357985
         481    0.049841   0.0486415 0.000357249
         482   0.0405982   0.0486248 0.000356897
         483   0.0426071   0.0486123 0.000356376
         484   0.0522547   0.0486199 0.000355719
         485   0.0411697   0.0486045 0.000355317
         486   0.0418797   0.0485907 0.000354855
         487   0.0444873   0.0485822 0.000354227
         488   0.0437793   0.0485724 0.000353638
         489   0.0505772   0.0485765 0.000352938
         490   0.0488152    0.048577 0.000352218
         491   0.0498848   0.0485797 0.000351511
         492   0.0508971   0.0485844 0.000350828
         493   0.0496563   0.0485865 0.000350123
         494   0.0556058   0.0486007 0.000349703
         495   0.0518146   0.0486072 0.000349056
         496   0.0488366   0.0486077 0.000348353
         497    0.042752   0.0485959 0.000347851
         498   0.0581018    0.048615 0.000347676
         499   0.0525166   0.0486228 0.000347067
         500   0.0400446   0.0486057 0.000346797
         501   0.0409062   0.0485903 0.000346445
         502   0.0455344   0.0485842 0.000345808
         503   0.0392679   0.0485657 0.000345616
         504   0.0392135   0.0485471 0.000345428
         505     0.04158   0.0485333  0.00034502
         506   0.0383734   0.0485133 0.000344922
         507   0.0446319   0.0485056 0.000344326
         508   0.0586194   0.0485255 0.000344224
         509   0.0386206   0.0485061 0.000344097
         510   0.0435894   0.0484964 0.000343557
         511   0.0425024   0.0484847 0.000343085
         512   0.0410341   0.0484701 0.000342724
         513   0.0431652   0.0484598 0.000342211
         514   0.0509385   0.0484646  0.00034158
         515   0.0487118   0.0484651 0.000340917
         516   0.0530952   0.0484741 0.000340374
         517   0.0546432    0.048486 0.000339925
         518   0.0720661   0.0485315 0.000342303
         519   0.0454824   0.0485256 0.000341694
         520   0.0465557   0.0485219 0.000341058
         521   0.0484333   0.0485217 0.000340403
         522   0.0509794   0.0485264 0.000339784
         523   0.0377204   0.0485057 0.000339762
         524   0.0555272   0.0485191 0.000339377
         525   0.0535652   0.0485287 0.000338867
         526   0.0554472   0.0485419 0.000338478
         527   0.0598251   0.0485633 0.000338512
         528   0.0497166   0.0485655 0.000337878
         529   0.0422447   0.0485535 0.000337451
         530    0.044934   0.0485467 0.000336883
         531   0.0528921   0.0485549 0.000336348
         532   0.0325841   0.0485249 0.000337053
         533   0.0396174   0.0485082 0.000336834
         534   0.0438071   0.0484994 0.000336319
         535    0.049025   0.0485003 0.000335691
         536   0.0418028   0.0484878 0.000335298
         537   0.0541894   0.0484985 0.000334841
         538   0.0514639    0.048504 0.000334264
         539   0.0613139   0.0485277 0.000334488
         540   0.0569152   0.0485433 0.000334229
         541   0.0378215   0.0485235 0.000334198
         542   0.0475791   0.0485217 0.000333586
         543   0.0427583   0.0485111 0.000333141
         544   0.0417919   0.0484988 0.000332757
         545   0.0531007   0.0485072 0.000332254
         546   0.0398899   0.0484914  0.00033202
         547   0.0418363   0.0484792 0.000331636
         548   0.0370434   0.0484584 0.000331686
         549   0.0368676   0.0484373 0.000331754
         550   0.0445313   0.0484302 0.000331226
         551   0.0556394   0.0484432 0.000330884
         552   0.0526195   0.0484508 0.000330371
         553   0.0402299   0.0484359 0.000330107
         554   0.0435822   0.0484272 0.000329628
         555   0.0579081   0.0484443 0.000329476
         556   0.0572747   0.0484601 0.000329266
         557   0.0592952   0.0484796 0.000329249
         558    0.048444   0.0484795 0.000328659
         559   0.0569489   0.0484947  0.00032842
         560   0.0524768   0.0485018 0.000327911
         561   0.0433227   0.0484926 0.000327456
         562   0.0424152   0.0484818 0.000327052
         563   0.0361566   0.0484599 0.000327203
         564   0.0371864   0.0484399 0.000327233
         565   0.0429771   0.0484302 0.000326796
         566   0.0441267   0.0484226 0.000326308
         567   0.0405238   0.0484087 0.000326029
         568   0.0487853   0.0484093 0.000325456
         569   0.0404749   0.0483954 0.000325183
         570   0.0435443   0.0483869 0.000324723
         571   0.0393409    0.048371 0.000324541
         572   0.0404766   0.0483572 0.000324267
         573    0.047336   0.0483555 0.000323706
         574   0.0380851   0.0483376 0.000323636
         575   0.0499742   0.0483404 0.000323086
         576   0.0540198   0.0483503 0.000322675
         577   0.0400798   0.0483359 0.000322434
         578   0.0511484   0.0483408 0.000321913
         579   0.0508878   0.0483452 0.000321387
         580   0.0750315   0.0483912  0.00032411
         581   0.0609527   0.0484128 0.000324272
         582   0.0588742   0.0484308 0.000324213
         583   0.0514503    0.048436 0.000323698
         584   0.0482634   0.0484357 0.000323144
         585   0.0448626   0.0484296 0.000322649
         586   0.0475111    0.048428 0.000322103
         587   0.0530607   0.0484359 0.000321651
         588   0.0471934   0.0484338  0.00032111
         589   0.0526119   0.0484409 0.000320644
         590   0.0446297   0.0484344 0.000320165
         591    0.054489   0.0484447 0.000319787
         592    0.057055   0.0484592 0.000319578
         593   0.0587212   0.0484765 0.000319507
         594   0.0597065   0.0484954 0.000319528
         595   0.0543688   0.0485053 0.000319143
         596   0.0470513   0.0485029 0.000318617
         597   0.0445477   0.0484962 0.000318152
         598    0.052247   0.0485025 0.000317682
         599   0.0461861   0.0484986 0.000317175
         600   0.0369842   0.0484794 0.000317227
         601   0.0420767   0.0484688 0.000316878
         602   0.0508409   0.0484727 0.000316376
         603   0.0495316   0.0484745 0.000315856
         604   0.0696718   0.0485096 0.000317277
         605   0.0475592    0.048508 0.000316756
         606   0.0573489   0.0485226 0.000316569
         607   0.0499567    0.048525 0.000316057
         608    0.044399   0.0485182  0.00031561
         609   0.0607292   0.0485382 0.000315728
         610   0.0646324   0.0485646 0.000316311
         611    0.051909   0.0485701  0.00031584
         612   0.0493528   0.0485714 0.000315327
         613   0.0482224   0.0485708 0.000314813
         614   0.0520647   0.0485765 0.000314352
         615   0.0500588   0.0485789  0.00031385
         616   0.0592469   0.0485962 0.000313818
         617   0.0487678   0.0485965 0.000313309
         618   0.0480496   0.0485956 0.000312804
         619   0.0451098     0.04859 0.000312349
         620   0.0512215   0.0485942 0.000311874
         621   0.0485485   0.0485941 0.000311372
         622   0.0567812   0.0486073 0.000311149
         623    0.059953   0.0486255 0.000311182
         624   0.0443804   0.0486187 0.000310758
         625   0.0542305   0.0486277  0.00031039
         626   0.0418053   0.0486168 0.000310086
         627   0.0502319   0.0486194 0.000309602
         628   0.0454367   0.0486143  0.00030915
         629   0.0507784   0.0486177 0.000308678
         630   0.0473811   0.0486158 0.000308194
         631   0.0501701   0.0486182 0.000307716
         632   0.0601292   0.0486365 0.000307767
         633   0.0599625   0.0486544 0.000307801
         634   0.0506483   0.0486575 0.000307331
         635   0.0436237   0.0486496  0.00030695
         636    0.046256   0.0486458  0.00030649
         637   0.0511854   0.0486498 0.000306035
         638   0.0457926   0.0486453 0.000305588
         639   0.0533744   0.0486527 0.000305199
         640   0.0393224   0.0486381 0.000305071
         641   0.0460722   0.0486341 0.000304621
         642   0.0486718   0.0486342 0.000304146
         643   0.0473774   0.0486322  0.00030368
         644   0.0454245   0.0486273 0.000303249
         645   0.0492039   0.0486282  0.00030278
         646   0.0429934   0.0486194 0.000302437
         647   0.0485245   0.0486193  0.00030197
         648   0.0468092   0.0486165 0.000301517
         649   0.0388966   0.0486015 0.000301424
         650   0.0583704   0.0486165 0.000301334
         651   0.0473533   0.0486146 0.000300878
         652   0.0462148   0.0486109 0.000300439
         653   0.0588017   0.0486265 0.000300384
         654   0.0485198   0.0486264 0.000299925
         655   0.0399334   0.0486131  0.00029976
         656   0.0403594   0.0486005 0.000299567
         657   0.0465291   0.0485974 0.000299128
         658   0.0340844   0.0485753 0.000299485
         659   0.0324541   0.0485508 0.000300028
         660   0.0373646   0.0485339 0.000300052
         661   0.0499103    0.048536 0.000299605
         662   0.0423323   0.0485266 0.000299299
         663   0.0584597   0.0485416 0.000299222
         664    0.054075   0.0485499 0.000298888
         665   0.0481554   0.0485493 0.000298439
         666   0.0425859   0.0485404 0.000298125
         667   0.0490185   0.0485411 0.000297679
         668    0.049199   0.0485421 0.000297235
         669   0.0368535   0.0485246 0.000297304
         670    0.052877   0.0485311 0.000296931
         671   0.0446174   0.0485253 0.000296546
         672   0.0362173   0.0485069  0.00029667
         673    0.059618   0.0485235 0.000296688
         674   0.0367412    0.048506 0.000296762
         675   0.0404105    0.048494 0.000296565
         676   0.0478591    0.048493 0.000296128
         677   0.0474226   0.0484915 0.000295694
         678   0.0427297    0.048483  0.00029538
         679   0.0531042   0.0484898 0.000295024
         680   0.0532841   0.0484968 0.000294674
         681   0.0425831   0.0484881 0.000294369
         682   0.0447061   0.0484826  0.00029399
         683   0.0391772    0.048469 0.000293875
         684   0.0377405   0.0484533 0.000293864
         685   0.0453417   0.0484487  0.00029347
         686   0.0413188   0.0484383 0.000293226
         687   0.0456496   0.0484343 0.000292827
         688   0.0425261   0.0484257 0.000292527
         689   0.0491985   0.0484268 0.000292105
         690    0.036534   0.0484096  0.00029219
         691   0.0681907   0.0484382 0.000293166
         692   0.0486299   0.0484385 0.000292742
         693   0.0508751    0.048442 0.000292341
         694   0.0488155   0.0484425  0.00029192
         695   0.0487917    0.048443 0.000291501
         696   0.0618387   0.0484623 0.000291717
         697   0.0536149   0.0484697 0.000291392
         698    0.057063    0.048482 0.000291234
         699   0.0567988   0.0484939 0.000291061
         700   0.0387669     0.04848 0.000290976
         701   0.0450741   0.0484751 0.000290602
         702   0.0471339   0.0484732 0.000290194
         703   0.0515967   0.0484777 0.000289815
         704   0.0470996   0.0484757  0.00028941
         705   0.0489703   0.0484764 0.000289001
         706   0.0471559   0.0484745 0.000288597
         707   0.0487462   0.0484749 0.000288189
         708    0.049221    0.048476 0.000287784
         709   0.0465265   0.0484732 0.000287391
         710   0.0710089    0.048505 0.000288734
         711   0.0607961   0.0485223 0.000288845
         712   0.0665371   0.0485476 0.000289545
         713   0.0500256   0.0485496 0.000289147
         714     0.03996   0.0485376 0.000288992
         715    0.046559   0.0485348 0.000288601
         716   0.0543695    0.048543 0.000288313
         717   0.0510072   0.0485464 0.000287931
         718   0.0513906   0.0485504 0.000287557
         719   0.0467382   0.0485479 0.000287169
         720   0.0474959   0.0485464 0.000286773
         721   0.0434472   0.0485393 0.000286463
         722   0.0476815   0.0485381 0.000286069
         723   0.0551285   0.0485473 0.000285818
         724   0.0411686   0.0485371 0.000285605
         725   0.0423829   0.0485286 0.000285337
         726   0.0502018   0.0485309 0.000284953
         727    0.049438   0.0485321 0.000284564
         728   0.0492943   0.0485332 0.000284175
         729     0.04365   0.0485265 0.000283864
         730   0.0436169   0.0485198 0.000283555
         731   0.0433633   0.0485127 0.000283255
         732   0.0524199    0.048518 0.000282918
         733    0.058349   0.0485315  0.00028285
         734    0.048399   0.0485313 0.000282465
         735   0.0447051   0.0485261 0.000282128
         736   0.0589855   0.0485403 0.000282103
         737    0.054198    0.048548 0.000281825
         738   0.0495016   0.0485492 0.000281446
         739   0.0397784   0.0485374 0.000281315
         740   0.0467268   0.0485349 0.000280945
         741   0.0462957   0.0485319 0.000280582
         742   0.0543778   0.0485398 0.000280315
         743   0.0455894   0.0485358 0.000279966
         744   0.0401403   0.0485245 0.000279817
         745   0.0436676    0.048518 0.000279517
         746   0.0440916   0.0485121 0.000279205
         747    0.047415   0.0485106 0.000278836
         748    0.047411   0.0485091 0.000278467
         749   0.0353691   0.0484916 0.000278647
         750   0.0418161   0.0484827 0.000278417
         751   0.0492904   0.0484838 0.000278049
         752   0.0476127   0.0484826 0.000277682
         753    0.048812   0.0484831 0.000277313
         754   0.0551211   0.0484919 0.000277085
         755   0.0392481   0.0484796 0.000276988
         756   0.0490991   0.0484804 0.000276623
         757    0.055103   0.0484892 0.000276396
         758   0.0574538    0.048501 0.000276284
         759   0.0546034    0.048509 0.000276037
         760   0.0599815   0.0485241 0.000276087
         761   0.0496788   0.0485257 0.000275728
         762   0.0431321   0.0485186 0.000275457
         763   0.0416217   0.0485095 0.000275244
         764   0.0436708   0.0485032 0.000274957
         765   0.0451556   0.0484988 0.000274632
         766   0.0612227   0.0485154 0.000274775
         767   0.0568775   0.0485263 0.000274633
         768   0.0397401   0.0485149 0.000274514
         769   0.0452596   0.0485107  0.00027419
         770   0.0517292   0.0485149 0.000273865
         771   0.0470017   0.0485129 0.000273517
         772   0.0603155   0.0485282  0.00027359
         773   0.0508448   0.0485312 0.000273252
         774   0.0742947   0.0485645 0.000274919
         775   0.0598034    0.048579 0.000274947
         776   0.0488952   0.0485794 0.000274593
         777   0.0530451   0.0485851 0.000274299
         778   0.0449128   0.0485804 0.000273988
         779   0.0422658   0.0485723 0.000273756
         780   0.0459168   0.0485689 0.000273426
         781   0.0474663   0.0485675 0.000273079
         782   0.0497067   0.0485689 0.000272734
         783   0.0399722    0.048558 0.000272607
         784     0.03329   0.0485385 0.000272954
         785   0.0370724   0.0485239 0.000272997
         786   0.0492113   0.0485247 0.000272651
         787   0.0376678   0.0485109 0.000272653
         788   0.0501151    0.048513 0.000272315
         789   0.0512381   0.0485164 0.000271991
         790   0.0477595   0.0485155 0.000271649
         791   0.0580346   0.0485275 0.000271572
         792   0.0544102   0.0485349  0.00027133
         793   0.0439382   0.0485291  0.00027105
         794   0.0477005   0.0485281 0.000270711
         795   0.0552765   0.0485366 0.000270503
         796   0.0521821   0.0485412 0.000270202
         797   0.0528608   0.0485466 0.000269918
         798    0.046135   0.0485436 0.000269596
         799   0.0358342   0.0485277 0.000269728
         800   0.0352519   0.0485111 0.000269901
         801   0.0414239   0.0485022 0.000269709
         802   0.0376947   0.0484887 0.000269709
         803   0.0393893   0.0484774 0.000269611
         804   0.0532654   0.0484834 0.000269341
         805   0.0592345   0.0484967 0.000269338
         806   0.0486208   0.0484969 0.000269003
         807   0.0429915   0.0484901 0.000268757
         808    0.062591   0.0485075  0.00026899
         809   0.0562705   0.0485171 0.000268829
         810    0.044742   0.0485124 0.000268537
         811   0.0580023   0.0485241 0.000268461
         812   0.0516799    0.048528 0.000268158
         813   0.0513457   0.0485315 0.000267851
         814   0.0456635    0.048528 0.000267545
         815   0.0762601    0.048562 0.000269372
         816   0.0597997   0.0485758 0.000269394
         817   0.0574899   0.0485867 0.000269285
         818   0.0504185   0.0485889 0.000268965
         819   0.0431284   0.0485823 0.000268719
         820   0.0530642   0.0485877 0.000268447
         821     0.05167   0.0485915 0.000268146
         822   0.0464151   0.0485888 0.000267833
         823   0.0388084   0.0485769 0.000267771
         824   0.0396251   0.0485661 0.000267666
         825   0.0513052   0.0485694 0.000267363
         826   0.0546708   0.0485768 0.000267141
         827   0.0485731   0.0485768 0.000266818
         828   0.0484315   0.0485766 0.000266496
         829   0.0458657   0.0485733 0.000266194
         830   0.0412987   0.0485646 0.000266018
         831   0.0506008    0.048567 0.000265709
         832   0.0535662    0.048573 0.000265458
         833   0.0464395   0.0485705 0.000265151
         834   0.0478643   0.0485696 0.000264835
         835   0.0513407   0.0485729 0.000264538
         836   0.0442732   0.0485678 0.000264272
         837    0.049711   0.0485692  0.00026396
         838   0.0404729   0.0485595 0.000263821
         839   0.0538008   0.0485657 0.000263581
         840   0.0452762   0.0485618 0.000263296
         841   0.0449266   0.0485575 0.000263019
         842    0.048781   0.0485578 0.000262706
         843   0.0496523   0.0485591 0.000262398
         844   0.0455473   0.0485555 0.000262111
         845   0.0525142   0.0485602 0.000261843
         846   0.0464455   0.0485577 0.000261545
         847   0.0467205   0.0485555 0.000261246
         848   0.0486588   0.0485556 0.000260938
         849   0.0556719    0.048564 0.000260765
         850   0.0571721   0.0485742 0.000260655
         851   0.0466205   0.0485719 0.000260358
         852   0.0430354   0.0485654 0.000260134
         853   0.0448889    0.048561 0.000259865
         854   0.0475139   0.0485598 0.000259563
         855   0.0486346   0.0485599  0.00025926
         856   0.0434764    0.048554 0.000259025
         857   0.0521196   0.0485581 0.000258756
         858   0.0734541   0.0485871 0.000260076
         859   0.0654521   0.0486068 0.000260513
         860   0.0442668   0.0486017 0.000260259
         861   0.0401353   0.0485919 0.000260143
         862   0.0405581   0.0485826 0.000260008
         863   0.0522236   0.0485868 0.000259741
         864   0.0525921   0.0485914 0.000259482
         865   0.0375041   0.0485786 0.000259498
         866   0.0296848   0.0485568 0.000260114
         867   0.0375587   0.0485441 0.000260123
         868   0.0460603   0.0485413 0.000259839
         869    0.058916   0.0485532 0.000259814
         870   0.0390172   0.0485422 0.000259747
         871   0.0403151   0.0485328  0.00025962
         872    0.040767   0.0485239 0.000259475
         873   0.0432492   0.0485178 0.000259248
         874   0.0482376   0.0485175 0.000258952
         875   0.0471022   0.0485159 0.000258661
         876   0.0512592    0.048519 0.000258385
         877   0.0445862   0.0485145 0.000258129
         878   0.0403996   0.0485053    0.000258
         879   0.0505255   0.0485076 0.000257717
         880   0.0628365   0.0485239 0.000257938
         881   0.0572571   0.0485338 0.000257836
         882   0.0619447    0.048549 0.000257991
         883   0.0488547   0.0485494 0.000257699
         884   0.0416421   0.0485415 0.000257526
         885   0.0405898   0.0485326 0.000257392
         886   0.0500143   0.0485342 0.000257107
         887   0.0518902    0.048538 0.000256845
         888   0.0400195   0.0485284 0.000256735
         889   0.0454699    0.048525 0.000256469
         890   0.0497518   0.0485264 0.000256184
         891   0.0551821   0.0485338 0.000256006
         892   0.0454699   0.0485304 0.000255742
         893   0.0438587   0.0485252 0.000255509
         894    0.048877   0.0485256 0.000255223
         895   0.0463469   0.0485231  0.00025495
         896   0.0496618   0.0485244 0.000254669
         897   0.0538631   0.0485303 0.000254454
         898   0.0407414   0.0485217 0.000254319
         899   0.0513591   0.0485248 0.000254055
         900    0.060371    0.048538 0.000254114
         901   0.0462788   0.0485355 0.000253844
         902   0.0399106   0.0485259 0.000253743
         903   0.0447739   0.0485218 0.000253496
         904   0.0510132   0.0485245  0.00025323
         905   0.0574381   0.0485344 0.000253142
         906    0.041148   0.0485262 0.000252994
         907   0.0468548   0.0485244 0.000252722
         908   0.0457473   0.0485213 0.000252462
         909   0.0376664   0.0485094 0.000252466
         910   0.0468378   0.0485075 0.000252196
         911   0.0450238   0.0485037 0.000251948
         912    0.040836   0.0484953 0.000251812
         913   0.0465668   0.0484932 0.000251545
         914   0.0485852   0.0484933  0.00025127
         915    0.034333   0.0484778 0.000251471
         916   0.0488957   0.0484783 0.000251197
         917   0.0448617   0.0484743 0.000250954
         918   0.0482899   0.0484741 0.000250681
         919    0.049899   0.0484757 0.000250413
         920   0.0390449   0.0484654  0.00025035
         921   0.0450016   0.0484617 0.000250107
         922   0.0465233   0.0484596 0.000249844
         923   0.0513169   0.0484627 0.000249593
         924   0.0412262   0.0484548 0.000249445
         925     0.04495    0.048451 0.000249205
         926   0.0451575   0.0484475 0.000248961
         927   0.0532048   0.0484526 0.000248745
         928   0.0523799   0.0484568 0.000248513
         929   0.0469445   0.0484552 0.000248251
         930   0.0569501   0.0484644 0.000248152
         931   0.0494956   0.0484655 0.000247888
         932   0.0422058   0.0484587 0.000247713
         933   0.0565585   0.0484674 0.000247599
         934   0.0551599   0.0484746 0.000247438
         935   0.0412323   0.0484668 0.000247295
         936   0.0421114   0.0484601 0.000247124
         937   0.0492445   0.0484609 0.000246861
         938    0.044355   0.0484565 0.000246637
         939   0.0542737   0.0484627 0.000246452
         940   0.0502064   0.0484646 0.000246197
         941   0.0433634   0.0484591 0.000245995
         942   0.0456771   0.0484562 0.000245751
         943   0.0675476   0.0484764 0.000246323
         944   0.0507682   0.0484789 0.000246074
         945   0.0449601   0.0484751 0.000245842
         946    0.042097   0.0484684 0.000245675
         947   0.0408847   0.0484604 0.000245546
         948   0.0481469   0.0484601 0.000245287
         949   0.0502995    0.048462 0.000245036
         950   0.0405247   0.0484536 0.000244921
         951   0.0617444   0.0484676 0.000245061
         952   0.0426202   0.0484615 0.000244881
         953   0.0450442   0.0484579  0.00024465
         954   0.0626311   0.0484727 0.000244845
         955   0.0446385   0.0484687 0.000244621
         956   0.0472855   0.0484675 0.000244368
         957   0.0550438   0.0484744  0.00024421
         958   0.0520291   0.0484781 0.000243983
         959   0.0430563   0.0484724 0.000243794
         960   0.0402506   0.0484639  0.00024369
         961   0.0533791    0.048469  0.00024349
         962   0.0508968   0.0484715  0.00024325
         963   0.0476141   0.0484706 0.000242999
         964   0.0609595   0.0484836 0.000243093
         965   0.0621273   0.0484977 0.000243251
         966   0.0432095   0.0484922 0.000243061
         967   0.0505073   0.0484943 0.000242819
         968    0.051918   0.0484978 0.000242594
         969   0.0506912   0.0485001 0.000242354
         970   0.0537244   0.0485055 0.000242164
         971   0.0467897   0.0485037 0.000241921
         972   0.0531317   0.0485085 0.000241719
         973   0.0756653   0.0485364 0.000243076
         974   0.0628039    0.048551 0.000243268
         975   0.0509217   0.0485535 0.000243031
         976   0.0442409   0.0485491 0.000242822
         977   0.0459737   0.0485464 0.000242587
         978   0.0679669   0.0485663 0.000243151
         979    0.053117   0.0485709 0.000242947
         980   0.0682535    0.048591 0.000243528
         981   0.0673826   0.0486102 0.000244032
         982   0.0453095   0.0486068 0.000243806
         983   0.0533187   0.0486116 0.000243605
         984   0.0552096   0.0486183  0.00024345
         985   0.0452898   0.0486149 0.000243226
         986   0.0475136   0.0486138 0.000242982
         987   0.0506859   0.0486159 0.000242745
         988   0.0480761   0.0486154   0.0002425
         989   0.0479581   0.0486147 0.000242256
         990   0.0471625   0.0486132 0.000242016
         991   0.0473953    0.048612 0.000241774
         992   0.0488091   0.0486122 0.000241531
         993   0.0491934   0.0486128 0.000241288
         994    0.044349   0.0486085 0.000241084
         995   0.0312391    0.048591 0.000241473
         996   0.0342916   0.0485767 0.000241657
         997     0.05148   0.0485796 0.000241432
         998   0.0482564   0.0485793  0.00024119
         999   0.0527586   0.0485835 0.000240985
        1000   0.0379736   0.0485728 0.000240977
        1001   0.0649173   0.0485892 0.000241289
        1002   0.0791086   0.0486196 0.000242963
        1003   0.0517608   0.0486228 0.000242741
        1004    0.046353   0.0486205  0.00024251
        1005   0.0502416   0.0486221 0.000242274
        1006   0.0589182   0.0486324 0.000242249
        1007   0.0592652   0.0486429 0.000242239
        1008   0.0517081    0.048646 0.000242017
        1009   0.0460049   0.0486433 0.000241792
        1010   0.0481022   0.0486428 0.000241553
        1011   0.0491325   0.0486433 0.000241314
        1012   0.0368064   0.0486316 0.000241359
        1013    0.042035   0.0486251 0.000241209
        1014   0.0475314    0.048624 0.000240973
        1015   0.0381163   0.0486136 0.000240958
        1016   0.0362882   0.0486015 0.000241026
        1017   0.0428878   0.0485959 0.000240855
        1018   0.0439552   0.0485913 0.000240661
        1019   0.0353484   0.0485783 0.000240776
        1020   0.0551578   0.0485848 0.000240626
        1021   0.0421261   0.0485785 0.000240474
        1022   0.0508387   0.0485807 0.000240248
        1023   0.0433423   0.0485756 0.000240068
        1024   0.0477337   0.0485747 0.000239835
        1025    0.054815   0.0485808 0.000239678
        1026   0.0501414   0.0485823  0.00023945
        1027   0.0541479   0.0485878 0.000239278
        1028   0.0574557   0.0485964   0.0002392
        1029   0.0667617    0.048614 0.000239618
        1030   0.0460031   0.0486115 0.000239399
        1031   0.0508105   0.0486136 0.000239177
        1032   0.0552841   0.0486201 0.000239032
        1033   0.0418368   0.0486135 0.000238891
        1034    0.049315   0.0486142 0.000238661
        1035    0.041579   0.0486074 0.000238527
        1036   0.0454914   0.0486044 0.000238316
        1037     0.04551   0.0486014 0.000238105
        1038   0.0433175   0.0485963  0.00023793
        1039   0.0424568   0.0485904 0.000237774
        1040    0.045278   0.0485872 0.000237567
        1041   0.0419268   0.0485808 0.000237425
        1042   0.0446573   0.0485771 0.000237227
        1043   0.0556409   0.0485838 0.000237096
        1044    0.056803   0.0485917 0.000236999
        1045   0.0482372   0.0485914 0.000236773
        1046   0.0516629   0.0485943 0.000236565
        1047   0.0527504   0.0485983 0.000236372
        1048   0.0444995   0.0485944 0.000236179
        1049   0.0493308   0.0485951 0.000235955
        1050   0.0402611   0.0485871 0.000235864
        1051   0.0452363    0.048584 0.000235661
        1052   0.0410913   0.0485768 0.000235544
        1053   0.0502579   0.0485784 0.000235326
        1054   0.0717795   0.0486004  0.00023613
        1055   0.0439608    0.048596 0.000235947
        1056   0.0416024   0.0485894 0.000235817
        1057   0.0479666   0.0485888 0.000235594
        1058   0.0309093   0.0485721 0.000235963
        1059   0.0438237   0.0485676 0.000235783
        1060    0.044804   0.0485641 0.000235587
        1061   0.0523295   0.0485676 0.000235392
        1062   0.0709034   0.0485887 0.000236108
        1063   0.0632922   0.0486025 0.000236291
        1064   0.0530852   0.0486067 0.000236106
        1065   0.0476001   0.0486058 0.000235887
        1066   0.0659067    0.048622 0.000236223
        1067   0.0518318    0.048625 0.000236021
        1068   0.0561352    0.048632 0.000235905
        1069   0.0396327   0.0486236 0.000235834
        1070   0.0455896   0.0486208 0.000235631
        1071   0.0581356   0.0486297 0.000235578
        1072   0.0527531   0.0486335  0.00023539
        1073    0.050626   0.0486354 0.000235178
        1074   0.0516214   0.0486382 0.000234975
        1075   0.0436295   0.0486335 0.000234803
        1076    0.039372   0.0486249 0.000234742
        1077   0.0532632   0.0486292 0.000234564
        1078   0.0493758   0.0486299 0.000234347
        1079   0.0502431   0.0486314 0.000234135
        1080   0.0421774   0.0486254 0.000233994
        1081   0.0528795   0.0486293 0.000233811
        1082   0.0448809   0.0486259  0.00023362
        1083   0.0449856   0.0486225 0.000233429
        1084   0.0567964   0.0486301 0.000233335
        1085   0.0610934   0.0486415 0.000233403
        1086   0.0379252   0.0486317 0.000233396
        1087   0.0474904   0.0486306 0.000233184
        1088   0.0501801    0.048632 0.000232974
        1089   0.0460287   0.0486297 0.000232772
        1090   0.0434866   0.0486249 0.000232607
        1091   0.0413618   0.0486183 0.000232489
        1092   0.0372469   0.0486079 0.000232509
        1093   0.0553572    0.048614 0.000232378
        1094   0.0436884   0.0486095 0.000232209
        1095   0.0418204   0.0486033  0.00023208
        1096   0.0391375   0.0485947 0.000232029
        1097   0.0376762   0.0485847 0.000232031
        1098   0.0471081   0.0485834 0.000231823
        1099   0.0491987    0.048584 0.000231613
        1100   0.0537497   0.0485887  0.00023145
        1101   0.0537887   0.0485934 0.000231288
        1102   0.0529454   0.0485973 0.000231112
        1103   0.0509713   0.0485995 0.000230912
        1104   0.0586456   0.0486086 0.000230883
        1105    0.074643   0.0486321 0.000231873
        1106   0.0446716   0.0486286 0.000231691
        1107   0.0368011   0.0486179 0.000231728
        1108   0.0355266   0.0486061 0.000231819
        1109    0.052355   0.0486094 0.000231635
        1110   0.0430997   0.0486045 0.000231479
        1111   0.0349603   0.0485922 0.000231597
        1112   0.0485701   0.0485922 0.000231388
        1113   0.0475154   0.0485912 0.000231183
        1114   0.0471155   0.0485899 0.000230979
        1115   0.0455082   0.0485871 0.000230788
        1116   0.0482172   0.0485868 0.000230582
        1117   0.0467418   0.0485851 0.000230381
        1118   0.0512493   0.0485875 0.000230187
        1119   0.0548997   0.0485932 0.000230051
        1120   0.0459758   0.0485908 0.000229857
        1121    0.041368   0.0485844 0.000229742
        1122   0.0439413   0.0485802 0.000229575
        1123   0.0448289   0.0485769 0.000229395
        1124    0.039191   0.0485686 0.000229343
        1125   0.0450685   0.0485654  0.00022916
        1126   0.0393095   0.0485572 0.000229104
        1127   0.0402758   0.0485499 0.000229018
        1128   0.0391187   0.0485415 0.000228968
        1129   0.0402118   0.0485341 0.000228884
        1130   0.0461631    0.048532 0.000228691
        1131   0.0377393   0.0485225 0.000228688
        1132   0.0467622   0.0485209 0.000228491
        1133   0.0476384   0.0485202 0.000228291
        1134   0.0453006   0.0485173 0.000228107
        1135   0.0444212   0.0485137 0.000227935
        1136   0.0453259   0.0485109 0.000227751
        1137    0.050641   0.0485128 0.000227559
        1138   0.0383059   0.0485038 0.000227535
        1139   0.0518722   0.0485068 0.000227355
        1140   0.0638012   0.0485202 0.000227551
        1141      0.0447   0.0485168 0.000227376
        1142   0.0552402   0.0485227 0.000227253
        1143   0.0370968   0.0485127 0.000227274
        1144   0.0479165   0.0485122 0.000227076
        1145   0.0481258   0.0485119 0.000226878
        1146   0.0504586   0.0485136 0.000226686
        1147   0.0463802   0.0485117 0.000226496
        1148   0.0649916   0.0485261 0.000226754
        1149   0.0628664   0.0485385 0.000226899
        1150   0.0452983   0.0485357  0.00022672
        1151    0.070666    0.048555 0.000227336
        1152   0.0524731   0.0485584 0.000227165
        1153    0.052659   0.0485619 0.000226995
        1154   0.0538234   0.0485665 0.000226844
        1155   0.0629156   0.0485789 0.000226988
        1156   0.0609421   0.0485896 0.000227043
        1157   0.0502302    0.048591 0.000226852
        1158   0.0475012   0.0485901 0.000226658
        1159   0.0384966   0.0485814 0.000226629
        1160   0.0493566    0.048582 0.000226435
        1161   0.0554201   0.0485879 0.000226317
        1162   0.0500074   0.0485891 0.000226125
        1163   0.0502748   0.0485906 0.000225935
        1164   0.0392479   0.0485826 0.000225884
        1165   0.0577441   0.0485904 0.000225827
        1166   0.0479379   0.0485899 0.000225634
        1167   0.0515936   0.0485924 0.000225455
        1168   0.0515855    0.048595 0.000225277
        1169   0.0498579   0.0485961 0.000225086
        1170   0.0536671   0.0486004 0.000224936
        1171   0.0439487   0.0485964 0.000224779
        1172   0.0418989   0.0485907  0.00022466
        1173   0.0528522   0.0485944 0.000224497
        1174   0.0479631   0.0485938 0.000224307
        1175   0.0505108   0.0485955 0.000224122
        1176   0.0494558   0.0485962 0.000223933
        1177   0.0397138   0.0485886 0.000223869
        1178   0.0359903   0.0485779 0.000223935
        1179   0.0401257   0.0485708 0.000223859
        1180   0.0483394   0.0485706  0.00022367
        1181   0.0378211   0.0485615 0.000223666
        1182    0.055247   0.0485671 0.000223548
        1183   0.0426044   0.0485621 0.000223416
        1184   0.0392583   0.0485542 0.000223365
        1185    0.040764   0.0485477 0.000223273
        1186   0.0470235   0.0485464 0.000223089
        1187   0.0475883   0.0485456 0.000222902
        1188   0.0465513   0.0485439 0.000222721
        1189   0.0409039   0.0485375 0.000222626
        1190   0.0393281   0.0485297 0.000222574
        1191   0.0431606   0.0485252 0.000222433
        1192   0.0431791   0.0485207 0.000222291
        1193   0.0521801   0.0485238 0.000222126
        1194   0.0477957   0.0485232 0.000221941
        1195   0.0630328   0.0485353 0.000222087
        1196   0.0517848    0.048538 0.000221918
        1197   0.0647809   0.0485516 0.000222147
        1198   0.0411832   0.0485455 0.000222047
        1199   0.0494739   0.0485462 0.000221863
        1200   0.0415037   0.0485404 0.000221755
        1201   0.0364838   0.0485303 0.000221798
        1202   0.0428981   0.0485256 0.000221663
        1203   0.0549877    0.048531 0.000221544
        1204    0.047359     0.04853 0.000221362
        1205    0.038537   0.0485218 0.000221333
        1206   0.0558723   0.0485278 0.000221234
        1207   0.0451629   0.0485251 0.000221068
        1208   0.0529177   0.0485287 0.000220915
        1209   0.0594807   0.0485378 0.000220918
        1210   0.0523532   0.0485409 0.000220758
        1211   0.0594864   0.0485499 0.000220761
        1212   0.0357765   0.0485394  0.00022083
        1213   0.0310064    0.048525  0.00022112
        1214   0.0345653   0.0485135 0.000221237
        1215   0.0491191    0.048514 0.000221055
        1216    0.047882   0.0485134 0.000220874
        1217    0.035032   0.0485024  0.00022097
        1218   0.0438397   0.0484985 0.000220822
        1219   0.0465799    0.048497 0.000220647
        1220    0.054579   0.0485019 0.000220522
        1221   0.0548178   0.0485071 0.000220402
        1222   0.0537126   0.0485114 0.000220263
        1223   0.0445454   0.0485081 0.000220107
        1224   0.0379357   0.0484995 0.000220096
        1225   0.0408932   0.0484933 0.000220004
        1226   0.0453414   0.0484907  0.00021984
        1227   0.0494798   0.0484915 0.000219662
        1228   0.0408135   0.0484853 0.000219572
        1229   0.0577287   0.0484928 0.000219522
        1230    0.054872    0.048498 0.000219405
        1231   0.0353676   0.0484873 0.000219486
        1232   0.0392308   0.0484798 0.000219436
        1233   0.0521608   0.0484828 0.000219279
        1234   0.0483797   0.0484827 0.000219101
        1235   0.0401711    0.048476 0.000219027
        1236   0.0393181   0.0484686 0.000218975
        1237   0.0531733   0.0484724 0.000218831
        1238    0.043143   0.0484681 0.000218697
        1239   0.0384793     0.04846 0.000218669
        1240   0.0479828   0.0484596 0.000218493
        1241   0.0466892   0.0484582 0.000218321
        1242   0.0489757   0.0484586 0.000218146
        1243   0.0430277   0.0484542 0.000218014
        1244   0.0406936    0.048448 0.000217928
        1245   0.0369133   0.0484387  0.00021795
        1246   0.0501624   0.0484401 0.000217779
        1247   0.0409174   0.0484341 0.000217688
        1248   0.0383934    0.048426 0.000217662
        1249   0.0377433   0.0484175 0.000217656
        1250   0.0386193   0.0484096 0.000217623
        1251    0.059514   0.0484185  0.00021763
        1252   0.0390989   0.0484111 0.000217583
        1253   0.0400865   0.0484044 0.000217511
        1254   0.0426956   0.0483999 0.000217385
        1255   0.0438445   0.0483962 0.000217242
        1256   0.0436236   0.0483924 0.000217103
        1257   0.0501868   0.0483939 0.000216935
        1258   0.0630243   0.0484055 0.000217074
        1259   0.0467694   0.0484042 0.000216905
        1260   0.0583332   0.0484121 0.000216876
        1261   0.0524849   0.0484153 0.000216728
        1262    0.046285   0.0484136 0.000216563
        1263   0.0472337   0.0484127 0.000216394
        1264   0.0529357   0.0484163 0.000216252
        1265     0.04075   0.0484102 0.000216166
        1266   0.0588601   0.0484185 0.000216153
        1267   0.0493176   0.0484192 0.000215983
        1268   0.0490666   0.0484197 0.000215814
        1269   0.0456207   0.0484175 0.000215655
        1270   0.0497621   0.0484185 0.000215488
        1271    0.040101    0.048412 0.000215417
        1272   0.0475023   0.0484113 0.000215249
        1273   0.0425961   0.0484067 0.000215129
        1274   0.0406603   0.0484006 0.000215046
        1275   0.0506214   0.0484024 0.000214884
        1276   0.0468971   0.0484012 0.000214719
        1277   0.0456589    0.048399 0.000214562
        1278   0.0419665    0.048394 0.000214453
        1279   0.0436199   0.0483903 0.000214317
        1280   0.0500247   0.0483916 0.000214154
        1281   0.0454814   0.0483893 0.000213999
        1282   0.0611179   0.0483992 0.000214062
        1283   0.0562313   0.0484053 0.000213982
        1284   0.0545181   0.0484101 0.000213868
        1285    0.055894   0.0484159 0.000213781
        1286   0.0494648   0.0484167 0.000213617
        1287   0.0424721   0.0484121 0.000213501
        1288   0.0526622   0.0484154  0.00021336
        1289   0.0481217   0.0484152 0.000213195
        1290   0.0454517   0.0484129 0.000213042
        1291   0.0463288   0.0484113 0.000212883
        1292   0.0383876   0.0484035  0.00021286
        1293   0.0428935   0.0483992 0.000212738
        1294   0.0449726   0.0483966  0.00021259
        1295   0.0516146   0.0483991  0.00021244
        1296    0.045813   0.0483971 0.000212286
        1297   0.0448801   0.0483944 0.000212139
        1298   0.0579274   0.0484017 0.000212103
        1299   0.0535042   0.0484056 0.000211976
        1300   0.0494445   0.0484064 0.000211814
        1301   0.0427575   0.0484021 0.000211696
        1302   0.0548661   0.0484071 0.000211592
        1303   0.0643502   0.0484193 0.000211783
        1304   0.0680109   0.0484343 0.000212153
        1305   0.0534884   0.0484382 0.000212025
        1306   0.0582829   0.0484457 0.000211997
        1307   0.0488544    0.048446 0.000211835
        1308   0.0492164   0.0484466 0.000211674
        1309   0.0584518   0.0484543  0.00021165
        1310   0.0511897   0.0484564 0.000211499
        1311   0.0440478    0.048453 0.000211364
        1312   0.0402919   0.0484468 0.000211295
        1313   0.0535434   0.0484507 0.000211169
        1314   0.0531094   0.0484542 0.000211039
        1315   0.0483836   0.0484542 0.000210878
        1316   0.0545875   0.0484588 0.000210769
        1317   0.0577775   0.0484659 0.000210728
        1318   0.0477911   0.0484654 0.000210569
        1319   0.0502755   0.0484668 0.000210414
        1320   0.0446561   0.0484639 0.000210274
        1321    0.054707   0.0484686 0.000210168
        1322   0.0384679    0.048461 0.000210145
        1323   0.0395296   0.0484543 0.000210095
        1324   0.0487646   0.0484545 0.000209936
        1325   0.0565911   0.0484607 0.000209867
        1326    0.050464   0.0484622 0.000209715
        1327    0.049613    0.048463 0.000209558
        1328   0.0483797    0.048463 0.000209401
        1329   0.0651491   0.0484755 0.000209619
        1330   0.0542524   0.0484799 0.000209506
        1331   0.0810963   0.0485044 0.000210777
        1332   0.0596047   0.0485127 0.000210784
        1333   0.0483577   0.0485126 0.000210626
        1334   0.0390193   0.0485055 0.000210588
        1335    0.056496   0.0485115 0.000210515
        1336   0.0465058     0.04851 0.000210363
        1337   0.0731964   0.0485284 0.000211014
        1338   0.0667165    0.048542 0.000211294
        1339   0.0543798   0.0485464 0.000211181
        1340   0.0391397   0.0485394  0.00021114
        1341   0.0444225   0.0485363 0.000211005
        1342   0.0454959    0.048534  0.00021086
        1343    0.039747   0.0485275 0.000210805
        1344   0.0585256   0.0485349 0.000210779
        1345   0.0402418   0.0485287 0.000210712
        1346   0.0355691   0.0485191 0.000210776
        1347   0.0391826   0.0485122 0.000210733
        1348    0.035301   0.0485024 0.000210805
        1349   0.0424608   0.0484979 0.000210696
        1350   0.0458077   0.0484959 0.000210549
        1351   0.0379772   0.0484881 0.000210537
        1352    0.055476   0.0484933 0.000210445
        1353      0.0511   0.0484952 0.000210298
        1354   0.0564715   0.0485011 0.000210226
        1355   0.0515384   0.0485034 0.000210082
        1356   0.0473909   0.0485025 0.000209929
        1357   0.0405696   0.0484967 0.000209856
        1358   0.0468989   0.0484955 0.000209704
        1359    0.052773   0.0484987 0.000209574
        1360   0.0454164   0.0484964 0.000209432
        1361   0.0446487   0.0484936 0.000209297
        1362   0.0511925   0.0484956 0.000209153
        1363   0.0473719   0.0484947 0.000209001
        1364    0.052872   0.0484979 0.000208872
        1365   0.0564771   0.0485038 0.000208801
        1366   0.0396855   0.0484973 0.000208748
        1367   0.0507521    0.048499 0.000208602
        1368   0.0383773   0.0484916 0.000208581
        1369   0.0437535   0.0484881 0.000208457
        1370   0.0411084   0.0484827 0.000208374
        1371   0.0393953   0.0484761 0.000208328
        1372   0.0382031   0.0484686  0.00020831
        1373   0.0412613   0.0484634 0.000208225
        1374   0.0476729   0.0484628 0.000208074
        1375   0.0589707   0.0484704 0.000208063
        1376   0.0566961   0.0484764 0.000207998
        1377   0.0415189   0.0484714 0.000207908
        1378   0.0501108   0.0484725 0.000207761
        1379   0.0384044   0.0484652 0.000207738
        1380   0.0536807    0.048469 0.000207622
        1381   0.0739901   0.0484875 0.000208292
        1382   0.0514756   0.0484897 0.000208153
        1383    0.046345   0.0484881 0.000208008
        1384   0.0498389   0.0484891  0.00020786
        1385   0.0457528   0.0484871  0.00020772
        1386   0.0645688   0.0484987 0.000207893
        1387   0.0490268   0.0484991 0.000207744
        1388   0.0408275   0.0484936 0.000207668
        1389   0.0515446   0.0484958  0.00020753
        1390   0.0480442   0.0484954 0.000207381
        1391   0.0527465   0.0484985 0.000207254
        1392   0.0393086   0.0484919 0.000207211
        1393   0.0467162   0.0484906 0.000207066
        1394   0.0421152   0.0484861 0.000206968
        1395   0.0588731   0.0484935 0.000206953
        1396   0.0528575   0.0484966 0.000206829
        1397   0.0442003   0.0484935 0.000206703
        1398   0.0412806   0.0484884  0.00020662
        1399    0.043836   0.0484851 0.000206499
        1400   0.0441677    0.048482 0.000206374
        1401   0.0537007   0.0484857 0.000206261
        1402   0.0417935   0.0484809 0.000206169
        1403   0.0583331    0.048488 0.000206141
        1404   0.0449527   0.0484854  0.00020601
        1405   0.0493693   0.0484861 0.000205864
        1406   0.0444877   0.0484832 0.000205738
        1407   0.0535177   0.0484868 0.000205622
        1408   0.0431771    0.048483 0.000205511
        1409   0.0612286   0.0484921 0.000205564
        1410   0.0489107   0.0484924 0.000205419
        1411   0.0470459   0.0484913 0.000205276
        1412   0.0598393   0.0484994 0.000205287
        1413    0.053293   0.0485028  0.00020517
        1414    0.041331   0.0484977 0.000205088
        1415   0.0459752   0.0484959 0.000204951
        1416   0.0422853   0.0484915 0.000204853
        1417   0.0524365   0.0484943 0.000204727
        1418   0.0543633   0.0484985 0.000204625
        1419   0.0503655   0.0484998 0.000204485
        1420   0.0400726   0.0484938 0.000204427
        1421   0.0384754   0.0484868 0.000204404
        1422   0.0403933   0.0484811  0.00020434
        1423   0.0456504   0.0484791 0.000204206
        1424   0.0447779   0.0484765 0.000204079
        1425   0.0415953   0.0484717 0.000203993
        1426   0.0396711   0.0484655 0.000203943
        1427   0.0456407   0.0484635  0.00020381
        1428   0.0477914   0.0484631 0.000203668
        1429   0.0442626   0.0484601 0.000203546
        1430   0.0343224   0.0484502 0.000203644
        1431     0.03883   0.0484435 0.000203613
        1432   0.0390918    0.048437 0.000203575
        1433   0.0441072    0.048434 0.000203456
        1434   0.0618989   0.0484433  0.00020353
        1435   0.0564238   0.0484489 0.000203464
        1436    0.048675   0.0484491 0.000203323
        1437   0.0447095   0.0484465 0.000203198
        1438   0.0390195   0.0484399 0.000203162
        1439   0.0414545   0.0484351 0.000203079
        1440   0.0444733   0.0484323 0.000202957
        1441   0.0412485   0.0484273 0.000202877
        1442    0.048816   0.0484276 0.000202737
        1443   0.0579605   0.0484342 0.000202704
        1444   0.0560859   0.0484395 0.000202633
        1445   0.0523836   0.0484422 0.000202511
        1446   0.0459276   0.0484405 0.000202378
        1447    0.043631   0.0484372 0.000202266
        1448   0.0613134    0.048446 0.000202321
        1449   0.0473756   0.0484453 0.000202183
        1450   0.0388411   0.0484387 0.000202152
        1451    0.048541   0.0484388 0.000202013
        1452   0.0445044    0.048436 0.000201892
        1453   0.0455283    0.048434 0.000201763
        1454   0.0438097   0.0484309 0.000201649
        1455   0.0405269   0.0484254 0.000201584
        1456   0.0515652   0.0484276 0.000201457
        1457   0.0625648   0.0484373 0.000201552
        1458   0.0436133    0.048434 0.000201441
        1459    0.042801   0.0484301  0.00020134
        1460    0.046735    0.048429 0.000201205
        1461   0.0442104   0.0484261 0.000201088
        1462   0.0524942   0.0484289  0.00020097
        1463   0.0451776   0.0484266 0.000200845
        1464   0.0348355   0.0484174 0.000200922
        1465   0.0428894   0.0484136  0.00020082
        1466   0.0492109   0.0484141 0.000200684
        1467   0.0487508   0.0484144 0.000200547
        1468   0.0461479   0.0484128 0.000200417
        1469    0.058425   0.0484196 0.000200396
        1470   0.0520305   0.0484221 0.000200275
        1471   0.0563797   0.0484275 0.000200212
        1472   0.0820534   0.0484503 0.000201375
        1473   0.0443986   0.0484476 0.000201257
        1474   0.0617107   0.0484566 0.000201321
        1475   0.0501402   0.0484577 0.000201188
        1476    0.037096     0.04845 0.000201199
        1477   0.0529268   0.0484531 0.000201086
        1478   0.0533815   0.0484564 0.000200977
        1479   0.0572141   0.0484623 0.000200929
        1480   0.0447157   0.0484598 0.000200809
        1481   0.0439031   0.0484567 0.000200697
        1482   0.0390197   0.0484503 0.000200662
        1483   0.0322065   0.0484394 0.000200826
        1484   0.0395193   0.0484334  0.00020078
        1485   0.0426302   0.0484295 0.000200683
        1486   0.0441847   0.0484266 0.000200568
        1487   0.0737576   0.0484436 0.000201156
        1488   0.0457922   0.0484419 0.000201028
        1489   0.0548001   0.0484461 0.000200939
        1490   0.0491451   0.0484466 0.000200804
        1491   0.0371144    0.048439 0.000200814
        1492   0.0365174    0.048431 0.000200838
        1493   0.0437643   0.0484279 0.000200728
        1494   0.0565951   0.0484333 0.000200668
        1495   0.0449459    0.048431 0.000200547
        1496   0.0518694   0.0484333 0.000200426
        1497   0.0578841   0.0484396 0.000200392
        1498   0.0498556   0.0484406  0.00020026
        1499   0.0590983   0.0484477 0.000200253
        1500   0.0464347   0.0484463 0.000200124
