           1       -0.36       -0.36           0
           2       -0.68       -0.52        0.16
           3       -0.76        -0.6    0.122202
           4       -0.76       -0.64    0.095219
           5       -0.76      -0.664   0.0775629
           6       -0.76       -0.68   0.0653197
           7       -0.76   -0.691429   0.0563758
           8       -0.76        -0.7   0.0495696
           9       -0.92   -0.724444   0.0500863
          10       -0.92      -0.744   0.0488808
          11       -0.92       -0.76   0.0470203
          12       -0.92   -0.773333   0.0449467
          13       -0.92   -0.784615   0.0428566
          14       -0.92   -0.794286   0.0408389
          15       -0.92   -0.802667   0.0389318
          16       -0.92       -0.81   0.0371484
          17       -0.92   -0.816471   0.0354897
          18       -0.92   -0.822222   0.0339507
          19       -0.92   -0.827368   0.0325239
          20       -0.92      -0.832   0.0312005
          21       -0.92    -0.83619    0.029972
          22       -0.92       -0.84     0.02883
          23       -0.92   -0.843478   0.0277667
          24       -0.92   -0.846667   0.0267751
          25       -0.92     -0.8496   0.0258488
          26       -0.92   -0.852308   0.0249819
          27       -0.92   -0.854815   0.0241692
          28       -0.92   -0.857143   0.0234061
          29       -0.92    -0.85931   0.0226884
          30       -0.92   -0.861333   0.0220122
          31       -0.92   -0.863226   0.0213742
          32       -0.92      -0.865   0.0207714
          33       -0.92   -0.866667    0.020201
          34       -0.92   -0.868235   0.0196605
          35       -0.92   -0.869714   0.0191477
          36       -0.92   -0.871111   0.0186606
          37       -0.92   -0.872432   0.0181973
          38       -0.92   -0.873684   0.0177561
          39       -0.92   -0.874872   0.0173356
          40       -0.92      -0.876   0.0169343
          41       -0.92   -0.877073   0.0165509
          42       -0.92   -0.878095   0.0161843
          43       -0.92    -0.87907   0.0158335
          44       -0.92       -0.88   0.0154974
          45       -0.92   -0.880889   0.0151751
          46       -0.92   -0.881739   0.0148659
          47       -0.92   -0.882553   0.0145689
          48       -0.92   -0.883333   0.0142835
          49       -0.92   -0.884082    0.014009
          50       -0.92     -0.8848   0.0137447
          51       -0.92    -0.88549   0.0134902
          52       -0.92   -0.886154   0.0132449
          53       -0.92   -0.886792   0.0130082
          54       -0.92   -0.887407   0.0127799
          55       -0.92      -0.888   0.0125594
          56       -0.92   -0.888571   0.0123463
          57       -0.92   -0.889123   0.0121403
          58       -0.92   -0.889655    0.011941
          59       -0.92   -0.890169   0.0117481
          60       -0.92   -0.890667   0.0115613
          61       -0.92   -0.891148   0.0113804
          62       -0.92   -0.891613    0.011205
          63       -0.92   -0.892063   0.0110349
          64       -0.92     -0.8925   0.0108699
          65       -0.92   -0.892923   0.0107097
          66       -0.92   -0.893333   0.0105542
          67       -0.92   -0.893731   0.0104031
          68       -0.92   -0.894118   0.0102562
          69       -0.92   -0.894493   0.0101135
          70       -0.92   -0.894857  0.00997459
          71       -0.92   -0.895211  0.00983947
          72       -0.92   -0.895556  0.00970796
          73       -0.92    -0.89589   0.0095799
          74       -0.92   -0.896216  0.00945517
          75       -0.92   -0.896533  0.00933364
          76       -0.92   -0.896842  0.00921519
          77       -0.92   -0.897143  0.00909969
          78       -0.92   -0.897436  0.00898705
          79       -0.92   -0.897722  0.00887716
          80       -0.92      -0.898  0.00876991
          81       -0.92   -0.898272  0.00866522
          82       -0.92   -0.898537    0.008563
          83       -0.92   -0.898795  0.00846315
          84       -0.92   -0.899048   0.0083656
          85       -0.92   -0.899294  0.00827027
          86       -0.92   -0.899535  0.00817709
          87       -0.92    -0.89977  0.00808597
          88       -0.92        -0.9  0.00799686
          89       -0.92   -0.900225  0.00790969
          90       -0.92   -0.900444   0.0078244
          91       -0.92   -0.900659  0.00774092
          92       -0.92    -0.90087  0.00765921
          93       -0.92   -0.901075  0.00757919
          94       -0.92   -0.901277  0.00750083
          95       -0.92   -0.901474  0.00742407
          96       -0.92   -0.901667  0.00734887
          97       -0.92   -0.901856  0.00727517
          98       -0.92   -0.902041  0.00720293
          99       -0.92   -0.902222  0.00713211
         100       -0.92     -0.9024  0.00706266
         101       -0.92   -0.902574  0.00699456
         102       -0.92   -0.902745  0.00692775
         103       -0.92   -0.902913  0.00686221
         104       -0.92   -0.903077  0.00679789
         105       -0.92   -0.903238  0.00673476
         106       -0.92   -0.903396   0.0066728
         107       -0.92   -0.903551  0.00661196
         108       -0.92   -0.903704  0.00655223
         109       -0.92   -0.903853  0.00649356
         110       -0.92      -0.904  0.00643593
         111       -0.92   -0.904144  0.00637931
         112       -0.92   -0.904286  0.00632368
         113       -0.92   -0.904425  0.00626901
         114       -0.92   -0.904561  0.00621528
         115       -0.92   -0.904696  0.00616246
         116       -0.92   -0.904828  0.00611053
         117       -0.92   -0.904957  0.00605947
         118       -0.92   -0.905085  0.00600925
         119       -0.92    -0.90521  0.00595985
         120       -0.92   -0.905333  0.00591126
         121       -0.92   -0.905455  0.00586346
         122       -0.92   -0.905574  0.00581642
         123       -0.92   -0.905691  0.00577013
         124       -0.92   -0.905806  0.00572457
         125       -0.92    -0.90592  0.00567973
         126       -0.92   -0.906032  0.00563558
         127       -0.92   -0.906142  0.00559211
         128       -0.92    -0.90625   0.0055493
         129       -0.92   -0.906357  0.00550715
         130       -0.92   -0.906462  0.00546563
         131       -0.92   -0.906565  0.00542473
         132       -0.92   -0.906667  0.00538444
         133       -0.92   -0.906767  0.00534474
         134       -0.92   -0.906866  0.00530563
         135       -0.92   -0.906963  0.00526708
         136       -0.92   -0.907059  0.00522908
         137       -0.92   -0.907153  0.00519164
         138       -0.92   -0.907246  0.00515472
         139       -0.92   -0.907338  0.00511832
         140       -0.92   -0.907429  0.00508244
         141       -0.92   -0.907518  0.00504705
         142       -0.92   -0.907606  0.00501215
         143       -0.92   -0.907692  0.00497773
         144       -0.92   -0.907778  0.00494378
         145       -0.92   -0.907862  0.00491029
         146       -0.92   -0.907945  0.00487725
         147       -0.92   -0.908027  0.00484466
         148       -0.92   -0.908108  0.00481249
         149       -0.92   -0.908188  0.00478075
         150       -0.92   -0.908267  0.00474942
         151       -0.92   -0.908344   0.0047185
         152       -0.92   -0.908421  0.00468799
         153       -0.92   -0.908497  0.00465786
         154       -0.92   -0.908571  0.00462812
         155       -0.92   -0.908645  0.00459875
         156       -0.92   -0.908718  0.00456976
         157       -0.92    -0.90879  0.00454113
         158       -0.92   -0.908861  0.00451285
         159       -0.92   -0.908931  0.00448493
         160       -0.92      -0.909  0.00445735
         161       -0.92   -0.909068   0.0044301
         162       -0.92   -0.909136  0.00440319
         163       -0.92   -0.909202   0.0043766
         164       -0.92   -0.909268  0.00435033
         165       -0.92   -0.909333  0.00432437
         166       -0.92   -0.909398  0.00429872
         167       -0.92   -0.909461  0.00427337
         168       -0.92   -0.909524  0.00424832
         169       -0.92   -0.909586  0.00422357
         170       -0.92   -0.909647   0.0041991
         171       -0.92   -0.909708  0.00417491
         172       -0.92   -0.909767  0.00415099
         173       -0.92   -0.909827  0.00412735
         174       -0.92   -0.909885  0.00410398
         175       -0.92   -0.909943  0.00408087
         176       -0.92       -0.91  0.00405802
         177       -0.92   -0.910056  0.00403542
         178       -0.92   -0.910112  0.00401308
         179       -0.92   -0.910168  0.00399098
         180       -0.92   -0.910222  0.00396912
         181       -0.92   -0.910276   0.0039475
         182       -0.92    -0.91033  0.00392611
         183       -0.92   -0.910383  0.00390496
         184       -0.92   -0.910435  0.00388403
         185       -0.92   -0.910486  0.00386332
         186       -0.92   -0.910538  0.00384284
         187       -0.92   -0.910588  0.00382257
         188       -0.92   -0.910638  0.00380251
         189       -0.92   -0.910688  0.00378266
         190       -0.92   -0.910737  0.00376302
         191       -0.92   -0.910785  0.00374358
         192       -0.92   -0.910833  0.00372434
         193       -0.92   -0.910881   0.0037053
         194       -0.92   -0.910928  0.00368645
         195       -0.92   -0.910974  0.00366779
         196       -0.92    -0.91102  0.00364932
         197       -0.92   -0.911066  0.00363103
         198       -0.92   -0.911111  0.00361293
         199       -0.92   -0.911156  0.00359501
         200       -0.92     -0.9112  0.00357726
         201       -0.92   -0.911244  0.00355969
         202       -0.92   -0.911287  0.00354229
         203       -0.92    -0.91133  0.00352505
         204       -0.92   -0.911373  0.00350799
         205       -0.92   -0.911415  0.00349109
         206       -0.92   -0.911456  0.00347435
         207       -0.92   -0.911498  0.00345777
         208       -0.92   -0.911538  0.00344135
         209       -0.92   -0.911579  0.00342508
         210       -0.92   -0.911619  0.00340897
         211       -0.92   -0.911659  0.00339301
         212       -0.92   -0.911698   0.0033772
         213       -0.92   -0.911737  0.00336153
         214       -0.92   -0.911776  0.00334601
         215       -0.92   -0.911814  0.00333063
         216       -0.92   -0.911852  0.00331539
         217       -0.92   -0.911889  0.00330029
         218       -0.92   -0.911927  0.00328533
         219       -0.92   -0.911963   0.0032705
         220       -0.92      -0.912   0.0032558
         221       -0.92   -0.912036  0.00324124
         222       -0.92   -0.912072  0.00322681
         223       -0.92   -0.912108   0.0032125
         224       -0.92   -0.912143  0.00319832
         225       -0.92   -0.912178  0.00318426
         226       -0.92   -0.912212  0.00317033
         227       -0.92   -0.912247  0.00315652
         228       -0.92   -0.912281  0.00314283
         229       -0.92   -0.912314  0.00312926
         230       -0.92   -0.912348   0.0031158
         231       -0.92   -0.912381  0.00310246
         232       -0.92   -0.912414  0.00308923
         233       -0.92   -0.912446  0.00307612
         234       -0.92   -0.912479  0.00306312
         235       -0.92   -0.912511  0.00305022
         236       -0.92   -0.912542  0.00303743
         237       -0.92   -0.912574  0.00302476
         238       -0.92   -0.912605  0.00301218
         239       -0.92   -0.912636  0.00299971
         240       -0.92   -0.912667  0.00298734
         241       -0.92   -0.912697  0.00297508
         242       -0.92   -0.912727  0.00296291
         243       -0.92   -0.912757  0.00295085
         244       -0.92   -0.912787  0.00293888
         245       -0.92   -0.912816  0.00292701
         246       -0.92   -0.912846  0.00291523
         247       -0.92   -0.912874  0.00290355
         248       -0.92   -0.912903  0.00289196
         249       -0.92   -0.912932  0.00288046
         250       -0.92    -0.91296  0.00286906
         251       -0.92   -0.912988  0.00285774
         252       -0.92   -0.913016  0.00284651
         253       -0.92   -0.913043  0.00283537
         254       -0.92   -0.913071  0.00282432
         255       -0.92   -0.913098  0.00281336
         256       -0.92   -0.913125  0.00280247
         257       -0.92   -0.913152  0.00279168
         258       -0.92   -0.913178  0.00278096
         259       -0.92   -0.913205  0.00277033
         260       -0.92   -0.913231  0.00275978
         261       -0.92   -0.913257   0.0027493
         262       -0.92   -0.913282  0.00273891
         263       -0.92   -0.913308   0.0027286
         264       -0.92   -0.913333  0.00271836
         265       -0.92   -0.913358   0.0027082
         266       -0.92   -0.913383  0.00269812
         267       -0.92   -0.913408  0.00268811
         268       -0.92   -0.913433  0.00267817
         269       -0.92   -0.913457  0.00266831
         270       -0.92   -0.913481  0.00265852
         271       -0.92   -0.913506   0.0026488
         272       -0.92   -0.913529  0.00263915
         273       -0.92   -0.913553  0.00262957
         274       -0.92   -0.913577  0.00262006
         275       -0.92     -0.9136  0.00261062
         276       -0.92   -0.913623  0.00260125
         277       -0.92   -0.913646  0.00259194
         278          -1   -0.913957  0.00260122
         279          -1   -0.914265  0.00261016
         280          -1   -0.914571  0.00261878
         281          -1   -0.914875   0.0026271
         282          -1   -0.915177  0.00263511
         283          -1   -0.915477  0.00264283
         284          -1   -0.915775  0.00265028
         285          -1    -0.91607  0.00265744
         286          -1   -0.916364  0.00266435
         287          -1   -0.916655  0.00267099
         288          -1   -0.916944  0.00267739
         289          -1   -0.917232  0.00268354
         290          -1   -0.917517  0.00268946
         291          -1   -0.917801  0.00269514
         292          -1   -0.918082  0.00270061
         293          -1   -0.918362  0.00270586
         294          -1   -0.918639   0.0027109
         295          -1   -0.918915  0.00271574
         296          -1   -0.919189  0.00272037
         297          -1   -0.919461  0.00272482
         298          -1   -0.919732  0.00272907
         299          -1       -0.92  0.00273315
         300          -1   -0.920267  0.00273704
         301          -1   -0.920532  0.00274077
         302          -1   -0.920795  0.00274432
         303          -1   -0.921056  0.00274771
         304          -1   -0.921316  0.00275094
         305          -1   -0.921574  0.00275402
         306          -1    -0.92183  0.00275694
         307          -1   -0.922085  0.00275972
         308          -1   -0.922338  0.00276235
         309          -1   -0.922589  0.00276484
         310          -1   -0.922839   0.0027672
         311          -1   -0.923087  0.00276942
         312          -1   -0.923333  0.00277152
         313          -1   -0.923578  0.00277349
         314          -1   -0.923822  0.00277533
         315          -1   -0.924063  0.00277706
         316          -1   -0.924304  0.00277867
         317          -1   -0.924543  0.00278016
         318          -1    -0.92478  0.00278154
         319          -1   -0.925016  0.00278282
         320          -1    -0.92525  0.00278399
         321          -1   -0.925483  0.00278505
         322          -1   -0.925714  0.00278602
         323          -1   -0.925944  0.00278689
         324          -1   -0.926173  0.00278766
         325          -1     -0.9264  0.00278834
         326          -1   -0.926626  0.00278892
         327          -1    -0.92685  0.00278942
         328          -1   -0.927073  0.00278983
         329          -1   -0.927295  0.00279016
         330          -1   -0.927515   0.0027904
         331          -1   -0.927734  0.00279056
         332          -1   -0.927952  0.00279065
         333          -1   -0.928168  0.00279065
         334          -1   -0.928383  0.00279059
         335          -1   -0.928597  0.00279044
         336          -1    -0.92881  0.00279023
         337          -1   -0.929021  0.00278995
         338          -1   -0.929231   0.0027896
         339          -1    -0.92944  0.00278918
         340          -1   -0.929647   0.0027887
         341          -1   -0.929853  0.00278815
         342          -1   -0.930058  0.00278754
         343          -1   -0.930262  0.00278687
         344       -0.92   -0.930233  0.00277892
         345       -0.92   -0.930203  0.00277101
         346          -1   -0.930405  0.00277035
         347          -1   -0.930605  0.00276962
         348          -1   -0.930805  0.00276884
         349          -1   -0.931003  0.00276801
         350          -1     -0.9312  0.00276712
         351          -1   -0.931396  0.00276618
         352          -1   -0.931591  0.00276518
         353          -1   -0.931785  0.00276414
         354          -1   -0.931977  0.00276305
         355          -1   -0.932169  0.00276191
         356          -1    -0.93236  0.00276072
         357          -1   -0.932549  0.00275949
         358       -0.92   -0.932514    0.002752
         359          -1   -0.932702  0.00275075
         360          -1   -0.932889  0.00274946
         361          -1   -0.933075  0.00274813
         362          -1    -0.93326  0.00274676
         363          -1   -0.933444  0.00274534
         364          -1   -0.933626  0.00274389
         365          -1   -0.933808   0.0027424
         366          -1   -0.933989  0.00274087
         367          -1   -0.934169   0.0027393
         368          -1   -0.934348   0.0027377
         369          -1   -0.934526  0.00273606
         370          -1   -0.934703  0.00273439
         371          -1   -0.934879  0.00273268
         372          -1   -0.935054  0.00273094
         373          -1   -0.935228  0.00272917
         374          -1   -0.935401  0.00272737
         375          -1   -0.935573  0.00272553
         376          -1   -0.935745  0.00272367
         377          -1   -0.935915  0.00272178
         378          -1   -0.936085  0.00271986
         379          -1   -0.936253  0.00271791
         380          -1   -0.936421  0.00271593
         381          -1   -0.936588  0.00271393
         382          -1   -0.936754   0.0027119
         383          -1   -0.936919  0.00270985
         384          -1   -0.937083  0.00270777
         385          -1   -0.937247  0.00270567
         386          -1   -0.937409  0.00270354
         387          -1   -0.937571  0.00270139
         388          -1   -0.937732  0.00269922
         389          -1   -0.937892  0.00269703
         390          -1   -0.938051  0.00269481
         391          -1    -0.93821  0.00269258
         392          -1   -0.938367  0.00269032
         393          -1   -0.938524  0.00268804
         394          -1    -0.93868  0.00268575
         395          -1   -0.938835  0.00268344
         396          -1    -0.93899   0.0026811
         397          -1   -0.939144  0.00267875
         398          -1   -0.939296  0.00267639
         399          -1   -0.939449    0.002674
         400          -1     -0.9396   0.0026716
         401          -1   -0.939751  0.00266918
         402          -1     -0.9399  0.00266675
         403          -1    -0.94005   0.0026643
         404          -1   -0.940198  0.00266184
         405          -1   -0.940346  0.00265936
         406          -1   -0.940493  0.00265687
         407          -1   -0.940639  0.00265436
         408          -1   -0.940784  0.00265184
         409          -1   -0.940929  0.00264931
         410          -1   -0.941073  0.00264676
         411          -1   -0.941217  0.00264421
         412          -1   -0.941359  0.00264164
         413          -1   -0.941501  0.00263905
         414          -1   -0.941643  0.00263646
         415          -1   -0.941783  0.00263386
         416          -1   -0.941923  0.00263124
         417          -1   -0.942062  0.00262862
         418          -1   -0.942201  0.00262598
         419          -1   -0.942339  0.00262334
         420          -1   -0.942476  0.00262068
         421          -1   -0.942613  0.00261802
         422          -1   -0.942749  0.00261534
         423          -1   -0.942884  0.00261266
         424       -0.92    -0.94283  0.00260705
         425          -1   -0.942965  0.00260439
         426       -0.92   -0.942911  0.00259882
         427          -1   -0.943044  0.00259618
         428          -1   -0.943178  0.00259352
         429          -1    -0.94331  0.00259085
         430          -1   -0.943442  0.00258818
         431          -1   -0.943573   0.0025855
         432          -1   -0.943704  0.00258281
         433          -1   -0.943834  0.00258012
         434          -1   -0.943963  0.00257742
         435          -1   -0.944092  0.00257471
         436          -1    -0.94422    0.002572
         437          -1   -0.944348  0.00256928
         438          -1   -0.944475  0.00256655
         439          -1   -0.944601  0.00256382
         440          -1   -0.944727  0.00256109
         441          -1   -0.944853  0.00255834
         442          -1   -0.944977   0.0025556
         443          -1   -0.945102  0.00255284
         444          -1   -0.945225  0.00255009
         445          -1   -0.945348  0.00254733
         446          -1   -0.945471  0.00254456
         447          -1   -0.945593  0.00254179
         448          -1   -0.945714  0.00253902
         449          -1   -0.945835  0.00253624
         450          -1   -0.945956  0.00253346
         451          -1   -0.946075  0.00253067
         452          -1   -0.946195  0.00252788
         453          -1   -0.946313  0.00252509
         454          -1   -0.946432   0.0025223
         455          -1   -0.946549   0.0025195
         456          -1   -0.946667   0.0025167
         457          -1   -0.946783   0.0025139
         458          -1     -0.9469  0.00251109
         459          -1   -0.947015  0.00250829
         460          -1    -0.94713  0.00250548
         461          -1   -0.947245  0.00250266
         462          -1   -0.947359  0.00249985
         463          -1   -0.947473  0.00249704
         464          -1   -0.947586  0.00249422
         465          -1   -0.947699   0.0024914
         466          -1   -0.947811  0.00248858
         467          -1   -0.947923  0.00248576
         468          -1   -0.948034  0.00248294
         469          -1   -0.948145  0.00248011
         470          -1   -0.948255  0.00247729
         471          -1   -0.948365  0.00247446
         472          -1   -0.948475  0.00247164
         473          -1   -0.948584  0.00246881
         474          -1   -0.948692  0.00246598
         475          -1     -0.9488  0.00246316
         476          -1   -0.948908  0.00246033
         477          -1   -0.949015   0.0024575
         478          -1   -0.949121  0.00245467
         479          -1   -0.949228  0.00245184
         480          -1   -0.949333  0.00244902
         481          -1   -0.949439  0.00244619
         482          -1   -0.949544  0.00244336
         483          -1   -0.949648  0.00244053
         484          -1   -0.949752  0.00243771
         485          -1   -0.949856  0.00243488
         486          -1   -0.949959  0.00243206
         487          -1   -0.950062  0.00242923
         488          -1   -0.950164  0.00242641
         489          -1   -0.950266  0.00242358
         490          -1   -0.950367  0.00242076
         491          -1   -0.950468  0.00241794
         492          -1   -0.950569  0.00241512
         493          -1   -0.950669   0.0024123
         494          -1   -0.950769  0.00240948
         495          -1   -0.950869  0.00240666
         496          -1   -0.950968  0.00240385
         497          -1   -0.951066  0.00240104
         498          -1   -0.951165  0.00239822
         499          -1   -0.951263  0.00239541
         500          -1    -0.95136   0.0023926
         501          -1   -0.951457   0.0023898
         502          -1   -0.951554  0.00238699
         503       -0.92   -0.951491  0.00238307
         504       -0.92   -0.951429  0.00237915
         505          -1   -0.951525  0.00237638
         506          -1   -0.951621  0.00237362
         507          -1   -0.951716  0.00237085
         508          -1   -0.951811  0.00236809
         509          -1   -0.951906  0.00236533
         510          -1      -0.952  0.00236257
         511          -1   -0.952094  0.00235981
         512          -1   -0.952187  0.00235705
         513          -1   -0.952281   0.0023543
         514          -1   -0.952374  0.00235155
         515          -1   -0.952466   0.0023488
         516          -1   -0.952558  0.00234605
         517          -1    -0.95265  0.00234331
         518          -1   -0.952741  0.00234057
         519       -0.92   -0.952678   0.0023369
         520       -0.92   -0.952615  0.00233325
         521       -0.92   -0.952553  0.00232961
         522       -0.92    -0.95249  0.00232598
         523       -0.92   -0.952428  0.00232236
         524       -0.92   -0.952366  0.00231875
         525       -0.92   -0.952305  0.00231515
         526       -0.92   -0.952243  0.00231156
         527       -0.92   -0.952182  0.00230798
         528          -1   -0.952273  0.00230538
         529          -1   -0.952363  0.00230279
         530          -1   -0.952453   0.0023002
         531          -1   -0.952542  0.00229761
         532          -1   -0.952632  0.00229502
         533          -1    -0.95272  0.00229243
         534          -1   -0.952809  0.00228985
         535          -1   -0.952897  0.00228726
         536          -1   -0.952985  0.00228468
         537          -1   -0.953073  0.00228211
         538          -1    -0.95316  0.00227953
         539          -1   -0.953247  0.00227695
         540          -1   -0.953333  0.00227438
         541          -1    -0.95342  0.00227181
         542          -1   -0.953506  0.00226925
         543          -1   -0.953591  0.00226668
         544          -1   -0.953676  0.00226412
         545          -1   -0.953761  0.00226156
         546          -1   -0.953846    0.002259
         547          -1   -0.953931  0.00225644
         548          -1   -0.954015  0.00225389
         549          -1   -0.954098  0.00225134
         550          -1   -0.954182  0.00224879
         551          -1   -0.954265  0.00224625
         552          -1   -0.954348   0.0022437
         553          -1    -0.95443  0.00224116
         554          -1   -0.954513  0.00223863
         555          -1   -0.954595  0.00223609
         556          -1   -0.954676  0.00223356
         557       -0.92   -0.954614  0.00223042
         558       -0.92   -0.954552  0.00222728
         559       -0.92    -0.95449  0.00222415
         560       -0.92   -0.954429  0.00222103
         561       -0.92   -0.954367  0.00221792
         562       -0.92   -0.954306  0.00221481
         563       -0.92   -0.954245  0.00221171
         564       -0.92   -0.954184  0.00220862
         565          -1   -0.954265   0.0022062
         566          -1   -0.954346  0.00220378
         567          -1   -0.954427  0.00220136
         568          -1   -0.954507  0.00219895
         569          -1   -0.954587  0.00219654
         570          -1   -0.954667  0.00219413
         571          -1   -0.954746  0.00219172
         572          -1   -0.954825  0.00218931
         573          -1   -0.954904  0.00218691
         574          -1   -0.954983  0.00218451
         575          -1   -0.955061  0.00218211
         576          -1   -0.955139  0.00217972
         577          -1   -0.955217  0.00217733
         578          -1   -0.955294  0.00217494
         579          -1   -0.955371  0.00217255
         580          -1   -0.955448  0.00217017
         581          -1   -0.955525  0.00216778
         582          -1   -0.955601   0.0021654
         583          -1   -0.955678  0.00216303
         584          -1   -0.955753  0.00216065
         585          -1   -0.955829  0.00215828
         586          -1   -0.955904  0.00215592
         587          -1    -0.95598  0.00215355
         588          -1   -0.956054  0.00215119
         589          -1   -0.956129  0.00214883
         590          -1   -0.956203  0.00214647
         591          -1   -0.956277  0.00214412
         592          -1   -0.956351  0.00214177
         593          -1   -0.956425  0.00213942
         594          -1   -0.956498  0.00213707
         595          -1   -0.956571  0.00213473
         596          -1   -0.956644  0.00213239
         597          -1   -0.956717  0.00213005
         598          -1   -0.956789  0.00212772
         599          -1   -0.956861  0.00212539
         600       -0.92     -0.9568  0.00212273
         601       -0.92   -0.956739  0.00212008
         602       -0.92   -0.956678  0.00211744
         603       -0.92   -0.956617   0.0021148
         604       -0.92   -0.956556  0.00211216
         605       -0.92   -0.956496  0.00210954
         606       -0.92   -0.956436  0.00210691
         607       -0.92   -0.956376   0.0021043
         608       -0.92   -0.956316  0.00210168
         609       -0.92   -0.956256  0.00209908
         610       -0.92   -0.956197  0.00209648
         611       -0.92   -0.956137  0.00209388
         612       -0.92   -0.956078  0.00209129
         613       -0.92    -0.95602   0.0020887
         614       -0.84   -0.955831  0.00209384
         615       -0.84   -0.955642   0.0020989
         616       -0.84   -0.955455  0.00210389
         617       -0.84   -0.955267  0.00210879
         618       -0.84   -0.955081  0.00211362
         619       -0.84   -0.954895  0.00211838
         620       -0.84    -0.95471  0.00212306
         621       -0.84   -0.954525  0.00212767
         622       -0.84   -0.954341  0.00213222
         623       -0.84   -0.954157  0.00213669
         624       -0.84   -0.953974  0.00214109
         625       -0.84   -0.953792  0.00214543
         626       -0.84    -0.95361   0.0021497
         627       -0.84   -0.953429   0.0021539
         628       -0.84   -0.953248  0.00215804
         629       -0.84   -0.953068  0.00216211
         630       -0.84   -0.952889  0.00216613
         631       -0.92   -0.952837  0.00216332
         632       -0.92   -0.952785  0.00216052
         633       -0.92   -0.952733  0.00215773
         634       -0.92   -0.952681  0.00215494
         635       -0.92    -0.95263  0.00215216
         636       -0.92   -0.952579  0.00214938
         637       -0.92   -0.952527  0.00214662
         638       -0.92   -0.952476  0.00214385
         639       -0.92   -0.952426   0.0021411
         640       -0.92   -0.952375  0.00213835
         641       -0.92   -0.952324  0.00213561
         642       -0.92   -0.952274  0.00213288
         643       -0.92   -0.952224  0.00213015
         644       -0.92   -0.952174  0.00212743
         645       -0.92   -0.952124  0.00212471
         646       -0.92   -0.952074    0.002122
         647       -0.92   -0.952025   0.0021193
         648       -0.92   -0.951975   0.0021166
         649       -0.92   -0.951926  0.00211391
         650       -0.92   -0.951877  0.00211123
         651       -0.92   -0.951828  0.00210855
         652       -0.92   -0.951779  0.00210588
         653       -0.92    -0.95173  0.00210322
         654       -0.92   -0.951682  0.00210056
         655       -0.92   -0.951634  0.00209791
         656       -0.92   -0.951585  0.00209526
         657       -0.92   -0.951537  0.00209262
         658       -0.92   -0.951489  0.00208999
         659       -0.92   -0.951442  0.00208736
         660       -0.92   -0.951394  0.00208474
         661       -0.92   -0.951346  0.00208213
         662       -0.92   -0.951299  0.00207952
         663       -0.92   -0.951252  0.00207692
         664       -0.92   -0.951205  0.00207432
         665       -0.92   -0.951158  0.00207173
         666       -0.92   -0.951111  0.00206915
         667       -0.92   -0.951064  0.00206657
         668       -0.92   -0.951018    0.002064
         669       -0.92   -0.950972  0.00206143
         670       -0.92   -0.950925  0.00205887
         671       -0.92   -0.950879  0.00205632
         672       -0.92   -0.950833  0.00205377
         673       -0.92   -0.950788  0.00205123
         674       -0.92   -0.950742  0.00204869
         675       -0.92   -0.950696  0.00204616
         676       -0.92   -0.950651  0.00204364
         677       -0.92   -0.950606  0.00204112
         678       -0.92    -0.95056   0.0020386
         679       -0.92   -0.950515   0.0020361
         680       -0.92   -0.950471   0.0020336
         681       -0.92   -0.950426   0.0020311
         682       -0.92   -0.950381  0.00202861
         683       -0.92   -0.950337  0.00202613
         684       -0.92   -0.950292  0.00202365
         685       -0.92   -0.950248  0.00202118
         686       -0.92   -0.950204  0.00201871
         687       -0.92    -0.95016  0.00201625
         688       -0.92   -0.950116  0.00201379
         689       -0.92   -0.950073  0.00201134
         690       -0.92   -0.950029   0.0020089
         691       -0.92   -0.949986  0.00200646
         692       -0.92   -0.949942  0.00200403
         693       -0.92   -0.949899   0.0020016
         694       -0.92   -0.949856  0.00199918
         695       -0.92   -0.949813  0.00199676
         696       -0.92    -0.94977  0.00199435
         697       -0.92   -0.949727  0.00199194
         698       -0.92   -0.949685  0.00198954
         699       -0.92   -0.949642  0.00198715
         700       -0.92     -0.9496  0.00198476
         701       -0.92   -0.949558  0.00198238
         702       -0.92   -0.949516     0.00198
         703       -0.92   -0.949474  0.00197763
         704       -0.92   -0.949432  0.00197526
         705       -0.92    -0.94939   0.0019729
         706       -0.92   -0.949348  0.00197054
         707       -0.92   -0.949307  0.00196819
         708       -0.92   -0.949266  0.00196584
         709       -0.92   -0.949224   0.0019635
         710       -0.92   -0.949183  0.00196117
         711       -0.92   -0.949142  0.00195884
         712       -0.92   -0.949101  0.00195651
         713       -0.92    -0.94906  0.00195419
         714       -0.92    -0.94902  0.00195188
         715       -0.92   -0.948979  0.00194957
         716       -0.92   -0.948939  0.00194726
         717       -0.92   -0.948898  0.00194497
         718       -0.92   -0.948858  0.00194267
         719       -0.92   -0.948818  0.00194038
         720       -0.92   -0.948778   0.0019381
         721       -0.92   -0.948738  0.00193582
         722       -0.92   -0.948698  0.00193355
         723       -0.92   -0.948658  0.00193128
         724       -0.92   -0.948619  0.00192902
         725       -0.92   -0.948579  0.00192676
         726       -0.92    -0.94854   0.0019245
         727       -0.92   -0.948501  0.00192226
         728       -0.92   -0.948462  0.00192001
         729       -0.92   -0.948422  0.00191778
         730       -0.92   -0.948384  0.00191554
         731       -0.92   -0.948345  0.00191331
         732       -0.92   -0.948306  0.00191109
         733       -0.92   -0.948267  0.00190887
         734       -0.92   -0.948229  0.00190666
         735       -0.92    -0.94819  0.00190445
         736       -0.92   -0.948152  0.00190225
         737       -0.92   -0.948114  0.00190005
         738       -0.92   -0.948076  0.00189785
         739       -0.92   -0.948038  0.00189566
         740       -0.92      -0.948  0.00189348
         741       -0.92   -0.947962   0.0018913
         742       -0.92   -0.947925  0.00188913
         743       -0.92   -0.947887  0.00188696
         744       -0.92   -0.947849  0.00188479
         745       -0.92   -0.947812  0.00188263
         746       -0.92   -0.947775  0.00188047
         747       -0.92   -0.947738  0.00187832
         748       -0.92   -0.947701  0.00187618
         749       -0.92   -0.947664  0.00187404
         750       -0.92   -0.947627   0.0018719
         751       -0.92    -0.94759  0.00186977
         752       -0.92   -0.947553  0.00186764
         753       -0.92   -0.947517  0.00186552
         754       -0.92    -0.94748   0.0018634
         755       -0.92   -0.947444  0.00186128
         756       -0.92   -0.947407  0.00185917
         757       -0.92   -0.947371  0.00185707
         758       -0.92   -0.947335  0.00185497
         759       -0.92   -0.947299  0.00185287
         760       -0.92   -0.947263  0.00185078
         761       -0.92   -0.947227   0.0018487
         762       -0.92   -0.947192  0.00184661
         763       -0.92   -0.947156  0.00184454
         764       -0.92    -0.94712  0.00184246
         765       -0.92   -0.947085   0.0018404
         766       -0.92    -0.94705  0.00183833
         767       -0.84    -0.94691  0.00184123
         768       -0.84   -0.946771  0.00184409
         769       -0.84   -0.946632  0.00184692
         770       -0.84   -0.946494  0.00184971
         771       -0.84   -0.946355  0.00185247
         772       -0.84   -0.946218  0.00185519
         773       -0.84    -0.94608  0.00185788
         774       -0.84   -0.945943  0.00186053
         775       -0.84   -0.945806  0.00186315
         776       -0.84    -0.94567  0.00186573
         777       -0.84   -0.945534  0.00186829
         778       -0.84   -0.945398  0.00187081
         779       -0.84   -0.945263   0.0018733
         780       -0.84   -0.945128  0.00187576
         781       -0.84   -0.944994  0.00187818
         782       -0.84   -0.944859  0.00188058
         783       -0.84   -0.944725  0.00188294
         784       -0.84   -0.944592  0.00188528
         785       -0.84   -0.944459  0.00188758
         786       -0.84   -0.944326  0.00188986
         787       -0.84   -0.944193  0.00189211
         788       -0.84   -0.944061  0.00189432
         789       -0.84   -0.943929  0.00189651
         790       -0.84   -0.943797  0.00189867
         791       -0.84   -0.943666  0.00190081
         792       -0.84   -0.943535  0.00190291
         793       -0.84   -0.943405  0.00190499
         794       -0.84   -0.943275  0.00190704
         795       -0.76   -0.943044  0.00191854
         796       -0.76   -0.942814  0.00192988
         797       -0.76   -0.942585  0.00194106
         798       -0.76   -0.942356  0.00195208
         799       -0.84   -0.942228  0.00195384
         800       -0.84     -0.9421  0.00195557
         801       -0.84   -0.941973  0.00195729
         802       -0.84   -0.941845  0.00195897
         803       -0.84   -0.941719  0.00196064
         804       -0.84   -0.941592  0.00196228
         805       -0.92   -0.941565  0.00196003
         806       -0.92   -0.941538  0.00195778
         807       -0.92   -0.941512  0.00195553
         808       -0.92   -0.941485  0.00195329
         809       -0.92   -0.941459  0.00195106
         810       -0.92   -0.941432  0.00194883
         811       -0.92   -0.941406   0.0019466
         812       -0.92   -0.941379  0.00194438
         813       -0.92   -0.941353  0.00194217
         814       -0.92   -0.941327  0.00193995
         815       -0.92   -0.941301  0.00193775
         816       -0.92   -0.941275  0.00193555
         817       -0.92   -0.941248  0.00193335
         818       -0.92   -0.941222  0.00193116
         819       -0.92   -0.941197  0.00192898
         820       -0.92   -0.941171   0.0019268
         821       -0.92   -0.941145  0.00192462
         822       -0.92   -0.941119  0.00192245
         823       -0.92   -0.941094  0.00192029
         824       -0.92   -0.941068  0.00191813
         825       -0.92   -0.941042  0.00191597
         826       -0.92   -0.941017  0.00191382
         827       -0.92   -0.940992  0.00191167
         828       -0.92   -0.940966  0.00190953
         829       -0.92   -0.940941  0.00190739
         830       -0.92   -0.940916  0.00190526
         831       -0.92    -0.94089  0.00190313
         832       -0.92   -0.940865  0.00190101
         833       -0.92    -0.94084  0.00189889
         834       -0.92   -0.940815  0.00189678
         835       -0.92    -0.94079  0.00189467
         836       -0.92   -0.940766  0.00189256
         837       -0.92   -0.940741  0.00189046
         838          -1   -0.940811  0.00188953
         839          -1   -0.940882   0.0018886
         840          -1   -0.940952  0.00188766
         841          -1   -0.941023  0.00188672
         842          -1   -0.941093  0.00188578
         843          -1   -0.941163  0.00188484
         844          -1   -0.941232  0.00188389
         845          -1   -0.941302  0.00188295
         846          -1   -0.941371    0.001882
         847          -1    -0.94144  0.00188105
         848          -1   -0.941509   0.0018801
         849          -1   -0.941578  0.00187915
         850          -1   -0.941647  0.00187819
         851          -1   -0.941716  0.00187724
         852          -1   -0.941784  0.00187628
         853          -1   -0.941852  0.00187532
         854          -1    -0.94192  0.00187436
         855          -1   -0.941988   0.0018734
         856          -1   -0.942056  0.00187244
         857          -1   -0.942124  0.00187147
         858          -1   -0.942191  0.00187051
         859          -1   -0.942258  0.00186954
         860          -1   -0.942326  0.00186857
         861          -1   -0.942393   0.0018676
         862          -1   -0.942459  0.00186663
         863          -1   -0.942526  0.00186566
         864          -1   -0.942593  0.00186468
         865          -1   -0.942659  0.00186371
         866          -1   -0.942725  0.00186273
         867          -1   -0.942791  0.00186175
         868          -1   -0.942857  0.00186078
         869          -1   -0.942923   0.0018598
         870          -1   -0.942989  0.00185882
         871          -1   -0.943054  0.00185783
         872          -1   -0.943119  0.00185685
         873          -1   -0.943184  0.00185587
         874          -1   -0.943249  0.00185488
         875          -1   -0.943314  0.00185389
         876          -1   -0.943379  0.00185291
         877          -1   -0.943444  0.00185192
         878          -1   -0.943508  0.00185093
         879          -1   -0.943572  0.00184994
         880          -1   -0.943636  0.00184895
         881          -1     -0.9437  0.00184796
         882          -1   -0.943764  0.00184696
         883          -1   -0.943828  0.00184597
         884          -1   -0.943891  0.00184497
         885          -1   -0.943955  0.00184398
         886          -1   -0.944018  0.00184298
         887          -1   -0.944081  0.00184199
         888          -1   -0.944144  0.00184099
         889          -1   -0.944207  0.00183999
         890          -1    -0.94427  0.00183899
         891          -1   -0.944332  0.00183799
         892          -1   -0.944395  0.00183699
         893          -1   -0.944457  0.00183598
         894          -1   -0.944519  0.00183498
         895          -1   -0.944581  0.00183398
         896          -1   -0.944643  0.00183297
         897          -1   -0.944705  0.00183197
         898          -1   -0.944766  0.00183096
         899          -1   -0.944828  0.00182996
         900          -1   -0.944889  0.00182895
         901          -1    -0.94495  0.00182794
         902          -1   -0.945011  0.00182694
         903          -1   -0.945072  0.00182593
         904          -1   -0.945133  0.00182492
         905          -1   -0.945193  0.00182391
         906          -1   -0.945254   0.0018229
         907          -1   -0.945314  0.00182189
         908          -1   -0.945374  0.00182088
         909          -1   -0.945435  0.00181986
         910          -1   -0.945495  0.00181885
         911          -1   -0.945554  0.00181784
         912          -1   -0.945614  0.00181683
         913          -1   -0.945674  0.00181581
         914          -1   -0.945733   0.0018148
         915          -1   -0.945792  0.00181378
         916          -1   -0.945852  0.00181277
         917          -1   -0.945911  0.00181175
         918          -1   -0.945969  0.00181074
         919          -1   -0.946028  0.00180972
         920          -1   -0.946087   0.0018087
         921          -1   -0.946145  0.00180769
         922          -1   -0.946204  0.00180667
         923          -1   -0.946262  0.00180565
         924          -1    -0.94632  0.00180463
         925          -1   -0.946378  0.00180362
         926          -1   -0.946436   0.0018026
         927          -1   -0.946494  0.00180158
         928          -1   -0.946552  0.00180056
         929          -1   -0.946609  0.00179954
         930          -1   -0.946667  0.00179852
         931          -1   -0.946724   0.0017975
         932          -1   -0.946781  0.00179648
         933          -1   -0.946838  0.00179546
         934          -1   -0.946895  0.00179444
         935          -1   -0.946952  0.00179342
         936          -1   -0.947009   0.0017924
         937          -1   -0.947065  0.00179138
         938          -1   -0.947122  0.00179036
         939          -1   -0.947178  0.00178934
         940          -1   -0.947234  0.00178831
         941          -1    -0.94729  0.00178729
         942          -1   -0.947346  0.00178627
         943          -1   -0.947402  0.00178525
         944          -1   -0.947458  0.00178423
         945          -1   -0.947513  0.00178321
         946          -1   -0.947569  0.00178218
         947          -1   -0.947624  0.00178116
         948          -1   -0.947679  0.00178014
         949          -1   -0.947734  0.00177912
         950          -1   -0.947789  0.00177809
         951          -1   -0.947844  0.00177707
         952          -1   -0.947899  0.00177605
         953          -1   -0.947954  0.00177503
         954          -1   -0.948008    0.001774
         955          -1   -0.948063  0.00177298
         956          -1   -0.948117  0.00177196
         957          -1   -0.948171  0.00177094
         958          -1   -0.948225  0.00176991
         959          -1   -0.948279  0.00176889
         960          -1   -0.948333  0.00176787
         961          -1   -0.948387  0.00176685
         962          -1   -0.948441  0.00176582
         963          -1   -0.948494   0.0017648
         964          -1   -0.948548  0.00176378
         965          -1   -0.948601  0.00176276
         966          -1   -0.948654  0.00176174
         967          -1   -0.948707  0.00176071
         968          -1    -0.94876  0.00175969
         969          -1   -0.948813  0.00175867
         970          -1   -0.948866  0.00175765
         971          -1   -0.948919  0.00175663
         972          -1   -0.948971  0.00175561
         973          -1   -0.949024  0.00175458
         974          -1   -0.949076  0.00175356
         975          -1   -0.949128  0.00175254
         976          -1    -0.94918  0.00175152
         977          -1   -0.949232   0.0017505
         978          -1   -0.949284  0.00174948
         979          -1   -0.949336  0.00174846
         980          -1   -0.949388  0.00174744
         981          -1   -0.949439  0.00174642
         982          -1   -0.949491   0.0017454
         983          -1   -0.949542  0.00174438
         984          -1   -0.949593  0.00174336
         985          -1   -0.949645  0.00174234
         986          -1   -0.949696  0.00174132
         987          -1   -0.949747   0.0017403
         988          -1   -0.949798  0.00173929
         989          -1   -0.949848  0.00173827
         990          -1   -0.949899  0.00173725
         991          -1    -0.94995  0.00173623
         992          -1       -0.95  0.00173521
         993          -1    -0.95005   0.0017342
         994          -1   -0.950101  0.00173318
         995          -1   -0.950151  0.00173216
         996          -1   -0.950201  0.00173115
         997          -1   -0.950251  0.00173013
         998          -1   -0.950301  0.00172912
         999          -1    -0.95035   0.0017281
        1000          -1     -0.9504  0.00172709
